# time (sweeps) | Susceptible | Infected | Recovered
     0   1667      0    833
     1   1667      0    833
     2   1667      0    833
     3   1667      0    833
     4   1667      0    833
     5   1667      0    833
     6   1667      0    833
     7   1667      0    833
     8   1667      0    833
     9   1667      0    833
    10   1667      0    833
    11   1667      0    833
    12   1667      0    833
    13   1667      0    833
    14   1667      0    833
    15   1667      0    833
    16   1667      0    833
    17   1667      0    833
    18   1667      0    833
    19   1667      0    833
    20   1667      0    833
    21   1667      0    833
    22   1667      0    833
    23   1667      0    833
    24   1667      0    833
    25   1667      0    833
    26   1667      0    833
    27   1667      0    833
    28   1667      0    833
    29   1667      0    833
    30   1667      0    833
    31   1667      0    833
    32   1667      0    833
    33   1667      0    833
    34   1667      0    833
    35   1667      0    833
    36   1667      0    833
    37   1667      0    833
    38   1667      0    833
    39   1667      0    833
    40   1667      0    833
    41   1667      0    833
    42   1667      0    833
    43   1667      0    833
    44   1667      0    833
    45   1667      0    833
    46   1667      0    833
    47   1667      0    833
    48   1667      0    833
    49   1667      0    833
    50   1667      0    833
    51   1667      0    833
    52   1667      0    833
    53   1667      0    833
    54   1667      0    833
    55   1667      0    833
    56   1667      0    833
    57   1667      0    833
    58   1667      0    833
    59   1667      0    833
    60   1667      0    833
    61   1667      0    833
    62   1667      0    833
    63   1667      0    833
    64   1667      0    833
    65   1667      0    833
    66   1667      0    833
    67   1667      0    833
    68   1667      0    833
    69   1667      0    833
    70   1667      0    833
    71   1667      0    833
    72   1667      0    833
    73   1667      0    833
    74   1667      0    833
    75   1667      0    833
    76   1667      0    833
    77   1667      0    833
    78   1667      0    833
    79   1667      0    833
    80   1667      0    833
    81   1667      0    833
    82   1667      0    833
    83   1667      0    833
    84   1667      0    833
    85   1667      0    833
    86   1667      0    833
    87   1667      0    833
    88   1667      0    833
    89   1667      0    833
    90   1667      0    833
    91   1667      0    833
    92   1667      0    833
    93   1667      0    833
    94   1667      0    833
    95   1667      0    833
    96   1667      0    833
    97   1667      0    833
    98   1667      0    833
    99   1667      0    833
   100   1667      0    833
   101   1667      0    833
   102   1667      0    833
   103   1667      0    833
   104   1667      0    833
   105   1667      0    833
   106   1667      0    833
   107   1667      0    833
   108   1667      0    833
   109   1667      0    833
   110   1667      0    833
   111   1667      0    833
   112   1667      0    833
   113   1667      0    833
   114   1667      0    833
   115   1667      0    833
   116   1667      0    833
   117   1667      0    833
   118   1667      0    833
   119   1667      0    833
   120   1667      0    833
   121   1667      0    833
   122   1667      0    833
   123   1667      0    833
   124   1667      0    833
   125   1667      0    833
   126   1667      0    833
   127   1667      0    833
   128   1667      0    833
   129   1667      0    833
   130   1667      0    833
   131   1667      0    833
   132   1667      0    833
   133   1667      0    833
   134   1667      0    833
   135   1667      0    833
   136   1667      0    833
   137   1667      0    833
   138   1667      0    833
   139   1667      0    833
   140   1667      0    833
   141   1667      0    833
   142   1667      0    833
   143   1667      0    833
   144   1667      0    833
   145   1667      0    833
   146   1667      0    833
   147   1667      0    833
   148   1667      0    833
   149   1667      0    833
   150   1667      0    833
   151   1667      0    833
   152   1667      0    833
   153   1667      0    833
   154   1667      0    833
   155   1667      0    833
   156   1667      0    833
   157   1667      0    833
   158   1667      0    833
   159   1667      0    833
   160   1667      0    833
   161   1667      0    833
   162   1667      0    833
   163   1667      0    833
   164   1667      0    833
   165   1667      0    833
   166   1667      0    833
   167   1667      0    833
   168   1667      0    833
   169   1667      0    833
   170   1667      0    833
   171   1667      0    833
   172   1667      0    833
   173   1667      0    833
   174   1667      0    833
   175   1667      0    833
   176   1667      0    833
   177   1667      0    833
   178   1667      0    833
   179   1667      0    833
   180   1667      0    833
   181   1667      0    833
   182   1667      0    833
   183   1667      0    833
   184   1667      0    833
   185   1667      0    833
   186   1667      0    833
   187   1667      0    833
   188   1667      0    833
   189   1667      0    833
   190   1667      0    833
   191   1667      0    833
   192   1667      0    833
   193   1667      0    833
   194   1667      0    833
   195   1667      0    833
   196   1667      0    833
   197   1667      0    833
   198   1667      0    833
   199   1667      0    833
   200   1667      0    833
   201   1667      0    833
   202   1667      0    833
   203   1667      0    833
   204   1667      0    833
   205   1667      0    833
   206   1667      0    833
   207   1667      0    833
   208   1667      0    833
   209   1667      0    833
   210   1667      0    833
   211   1667      0    833
   212   1667      0    833
   213   1667      0    833
   214   1667      0    833
   215   1667      0    833
   216   1667      0    833
   217   1667      0    833
   218   1667      0    833
   219   1667      0    833
   220   1667      0    833
   221   1667      0    833
   222   1667      0    833
   223   1667      0    833
   224   1667      0    833
   225   1667      0    833
   226   1667      0    833
   227   1667      0    833
   228   1667      0    833
   229   1667      0    833
   230   1667      0    833
   231   1667      0    833
   232   1667      0    833
   233   1667      0    833
   234   1667      0    833
   235   1667      0    833
   236   1667      0    833
   237   1667      0    833
   238   1667      0    833
   239   1667      0    833
   240   1667      0    833
   241   1667      0    833
   242   1667      0    833
   243   1667      0    833
   244   1667      0    833
   245   1667      0    833
   246   1667      0    833
   247   1667      0    833
   248   1667      0    833
   249   1667      0    833
   250   1667      0    833
   251   1667      0    833
   252   1667      0    833
   253   1667      0    833
   254   1667      0    833
   255   1667      0    833
   256   1667      0    833
   257   1667      0    833
   258   1667      0    833
   259   1667      0    833
   260   1667      0    833
   261   1667      0    833
   262   1667      0    833
   263   1667      0    833
   264   1667      0    833
   265   1667      0    833
   266   1667      0    833
   267   1667      0    833
   268   1667      0    833
   269   1667      0    833
   270   1667      0    833
   271   1667      0    833
   272   1667      0    833
   273   1667      0    833
   274   1667      0    833
   275   1667      0    833
   276   1667      0    833
   277   1667      0    833
   278   1667      0    833
   279   1667      0    833
   280   1667      0    833
   281   1667      0    833
   282   1667      0    833
   283   1667      0    833
   284   1667      0    833
   285   1667      0    833
   286   1667      0    833
   287   1667      0    833
   288   1667      0    833
   289   1667      0    833
   290   1667      0    833
   291   1667      0    833
   292   1667      0    833
   293   1667      0    833
   294   1667      0    833
   295   1667      0    833
   296   1667      0    833
   297   1667      0    833
   298   1667      0    833
   299   1667      0    833
   300   1667      0    833
   301   1667      0    833
   302   1667      0    833
   303   1667      0    833
   304   1667      0    833
   305   1667      0    833
   306   1667      0    833
   307   1667      0    833
   308   1667      0    833
   309   1667      0    833
   310   1667      0    833
   311   1667      0    833
   312   1667      0    833
   313   1667      0    833
   314   1667      0    833
   315   1667      0    833
   316   1667      0    833
   317   1667      0    833
   318   1667      0    833
   319   1667      0    833
   320   1667      0    833
   321   1667      0    833
   322   1667      0    833
   323   1667      0    833
   324   1667      0    833
   325   1667      0    833
   326   1667      0    833
   327   1667      0    833
   328   1667      0    833
   329   1667      0    833
   330   1667      0    833
   331   1667      0    833
   332   1667      0    833
   333   1667      0    833
   334   1667      0    833
   335   1667      0    833
   336   1667      0    833
   337   1667      0    833
   338   1667      0    833
   339   1667      0    833
   340   1667      0    833
   341   1667      0    833
   342   1667      0    833
   343   1667      0    833
   344   1667      0    833
   345   1667      0    833
   346   1667      0    833
   347   1667      0    833
   348   1667      0    833
   349   1667      0    833
   350   1667      0    833
   351   1667      0    833
   352   1667      0    833
   353   1667      0    833
   354   1667      0    833
   355   1667      0    833
   356   1667      0    833
   357   1667      0    833
   358   1667      0    833
   359   1667      0    833
   360   1667      0    833
   361   1667      0    833
   362   1667      0    833
   363   1667      0    833
   364   1667      0    833
   365   1667      0    833
   366   1667      0    833
   367   1667      0    833
   368   1667      0    833
   369   1667      0    833
   370   1667      0    833
   371   1667      0    833
   372   1667      0    833
   373   1667      0    833
   374   1667      0    833
   375   1667      0    833
   376   1667      0    833
   377   1667      0    833
   378   1667      0    833
   379   1667      0    833
   380   1667      0    833
   381   1667      0    833
   382   1667      0    833
   383   1667      0    833
   384   1667      0    833
   385   1667      0    833
   386   1667      0    833
   387   1667      0    833
   388   1667      0    833
   389   1667      0    833
   390   1667      0    833
   391   1667      0    833
   392   1667      0    833
   393   1667      0    833
   394   1667      0    833
   395   1667      0    833
   396   1667      0    833
   397   1667      0    833
   398   1667      0    833
   399   1667      0    833
   400   1667      0    833
   401   1667      0    833
   402   1667      0    833
   403   1667      0    833
   404   1667      0    833
   405   1667      0    833
   406   1667      0    833
   407   1667      0    833
   408   1667      0    833
   409   1667      0    833
   410   1667      0    833
   411   1667      0    833
   412   1667      0    833
   413   1667      0    833
   414   1667      0    833
   415   1667      0    833
   416   1667      0    833
   417   1667      0    833
   418   1667      0    833
   419   1667      0    833
   420   1667      0    833
   421   1667      0    833
   422   1667      0    833
   423   1667      0    833
   424   1667      0    833
   425   1667      0    833
   426   1667      0    833
   427   1667      0    833
   428   1667      0    833
   429   1667      0    833
   430   1667      0    833
   431   1667      0    833
   432   1667      0    833
   433   1667      0    833
   434   1667      0    833
   435   1667      0    833
   436   1667      0    833
   437   1667      0    833
   438   1667      0    833
   439   1667      0    833
   440   1667      0    833
   441   1667      0    833
   442   1667      0    833
   443   1667      0    833
   444   1667      0    833
   445   1667      0    833
   446   1667      0    833
   447   1667      0    833
   448   1667      0    833
   449   1667      0    833
   450   1667      0    833
   451   1667      0    833
   452   1667      0    833
   453   1667      0    833
   454   1667      0    833
   455   1667      0    833
   456   1667      0    833
   457   1667      0    833
   458   1667      0    833
   459   1667      0    833
   460   1667      0    833
   461   1667      0    833
   462   1667      0    833
   463   1667      0    833
   464   1667      0    833
   465   1667      0    833
   466   1667      0    833
   467   1667      0    833
   468   1667      0    833
   469   1667      0    833
   470   1667      0    833
   471   1667      0    833
   472   1667      0    833
   473   1667      0    833
   474   1667      0    833
   475   1667      0    833
   476   1667      0    833
   477   1667      0    833
   478   1667      0    833
   479   1667      0    833
   480   1667      0    833
   481   1667      0    833
   482   1667      0    833
   483   1667      0    833
   484   1667      0    833
   485   1667      0    833
   486   1667      0    833
   487   1667      0    833
   488   1667      0    833
   489   1667      0    833
   490   1667      0    833
   491   1667      0    833
   492   1667      0    833
   493   1667      0    833
   494   1667      0    833
   495   1667      0    833
   496   1667      0    833
   497   1667      0    833
   498   1667      0    833
   499   1667      0    833
   500   1667      0    833
   501   1667      0    833
   502   1667      0    833
   503   1667      0    833
   504   1667      0    833
   505   1667      0    833
   506   1667      0    833
   507   1667      0    833
   508   1667      0    833
   509   1667      0    833
   510   1667      0    833
   511   1667      0    833
   512   1667      0    833
   513   1667      0    833
   514   1667      0    833
   515   1667      0    833
   516   1667      0    833
   517   1667      0    833
   518   1667      0    833
   519   1667      0    833
   520   1667      0    833
   521   1667      0    833
   522   1667      0    833
   523   1667      0    833
   524   1667      0    833
   525   1667      0    833
   526   1667      0    833
   527   1667      0    833
   528   1667      0    833
   529   1667      0    833
   530   1667      0    833
   531   1667      0    833
   532   1667      0    833
   533   1667      0    833
   534   1667      0    833
   535   1667      0    833
   536   1667      0    833
   537   1667      0    833
   538   1667      0    833
   539   1667      0    833
   540   1667      0    833
   541   1667      0    833
   542   1667      0    833
   543   1667      0    833
   544   1667      0    833
   545   1667      0    833
   546   1667      0    833
   547   1667      0    833
   548   1667      0    833
   549   1667      0    833
   550   1667      0    833
   551   1667      0    833
   552   1667      0    833
   553   1667      0    833
   554   1667      0    833
   555   1667      0    833
   556   1667      0    833
   557   1667      0    833
   558   1667      0    833
   559   1667      0    833
   560   1667      0    833
   561   1667      0    833
   562   1667      0    833
   563   1667      0    833
   564   1667      0    833
   565   1667      0    833
   566   1667      0    833
   567   1667      0    833
   568   1667      0    833
   569   1667      0    833
   570   1667      0    833
   571   1667      0    833
   572   1667      0    833
   573   1667      0    833
   574   1667      0    833
   575   1667      0    833
   576   1667      0    833
   577   1667      0    833
   578   1667      0    833
   579   1667      0    833
   580   1667      0    833
   581   1667      0    833
   582   1667      0    833
   583   1667      0    833
   584   1667      0    833
   585   1667      0    833
   586   1667      0    833
   587   1667      0    833
   588   1667      0    833
   589   1667      0    833
   590   1667      0    833
   591   1667      0    833
   592   1667      0    833
   593   1667      0    833
   594   1667      0    833
   595   1667      0    833
   596   1667      0    833
   597   1667      0    833
   598   1667      0    833
   599   1667      0    833
   600   1667      0    833
   601   1667      0    833
   602   1667      0    833
   603   1667      0    833
   604   1667      0    833
   605   1667      0    833
   606   1667      0    833
   607   1667      0    833
   608   1667      0    833
   609   1667      0    833
   610   1667      0    833
   611   1667      0    833
   612   1667      0    833
   613   1667      0    833
   614   1667      0    833
   615   1667      0    833
   616   1667      0    833
   617   1667      0    833
   618   1667      0    833
   619   1667      0    833
   620   1667      0    833
   621   1667      0    833
   622   1667      0    833
   623   1667      0    833
   624   1667      0    833
   625   1667      0    833
   626   1667      0    833
   627   1667      0    833
   628   1667      0    833
   629   1667      0    833
   630   1667      0    833
   631   1667      0    833
   632   1667      0    833
   633   1667      0    833
   634   1667      0    833
   635   1667      0    833
   636   1667      0    833
   637   1667      0    833
   638   1667      0    833
   639   1667      0    833
   640   1667      0    833
   641   1667      0    833
   642   1667      0    833
   643   1667      0    833
   644   1667      0    833
   645   1667      0    833
   646   1667      0    833
   647   1667      0    833
   648   1667      0    833
   649   1667      0    833
   650   1667      0    833
   651   1667      0    833
   652   1667      0    833
   653   1667      0    833
   654   1667      0    833
   655   1667      0    833
   656   1667      0    833
   657   1667      0    833
   658   1667      0    833
   659   1667      0    833
   660   1667      0    833
   661   1667      0    833
   662   1667      0    833
   663   1667      0    833
   664   1667      0    833
   665   1667      0    833
   666   1667      0    833
   667   1667      0    833
   668   1667      0    833
   669   1667      0    833
   670   1667      0    833
   671   1667      0    833
   672   1667      0    833
   673   1667      0    833
   674   1667      0    833
   675   1667      0    833
   676   1667      0    833
   677   1667      0    833
   678   1667      0    833
   679   1667      0    833
   680   1667      0    833
   681   1667      0    833
   682   1667      0    833
   683   1667      0    833
   684   1667      0    833
   685   1667      0    833
   686   1667      0    833
   687   1667      0    833
   688   1667      0    833
   689   1667      0    833
   690   1667      0    833
   691   1667      0    833
   692   1667      0    833
   693   1667      0    833
   694   1667      0    833
   695   1667      0    833
   696   1667      0    833
   697   1667      0    833
   698   1667      0    833
   699   1667      0    833
   700   1667      0    833
   701   1667      0    833
   702   1667      0    833
   703   1667      0    833
   704   1667      0    833
   705   1667      0    833
   706   1667      0    833
   707   1667      0    833
   708   1667      0    833
   709   1667      0    833
   710   1667      0    833
   711   1667      0    833
   712   1667      0    833
   713   1667      0    833
   714   1667      0    833
   715   1667      0    833
   716   1667      0    833
   717   1667      0    833
   718   1667      0    833
   719   1667      0    833
   720   1667      0    833
   721   1667      0    833
   722   1667      0    833
   723   1667      0    833
   724   1667      0    833
   725   1667      0    833
   726   1667      0    833
   727   1667      0    833
   728   1667      0    833
   729   1667      0    833
   730   1667      0    833
   731   1667      0    833
   732   1667      0    833
   733   1667      0    833
   734   1667      0    833
   735   1667      0    833
   736   1667      0    833
   737   1667      0    833
   738   1667      0    833
   739   1667      0    833
   740   1667      0    833
   741   1667      0    833
   742   1667      0    833
   743   1667      0    833
   744   1667      0    833
   745   1667      0    833
   746   1667      0    833
   747   1667      0    833
   748   1667      0    833
   749   1667      0    833
   750   1667      0    833
   751   1667      0    833
   752   1667      0    833
   753   1667      0    833
   754   1667      0    833
   755   1667      0    833
   756   1667      0    833
   757   1667      0    833
   758   1667      0    833
   759   1667      0    833
   760   1667      0    833
   761   1667      0    833
   762   1667      0    833
   763   1667      0    833
   764   1667      0    833
   765   1667      0    833
   766   1667      0    833
   767   1667      0    833
   768   1667      0    833
   769   1667      0    833
   770   1667      0    833
   771   1667      0    833
   772   1667      0    833
   773   1667      0    833
   774   1667      0    833
   775   1667      0    833
   776   1667      0    833
   777   1667      0    833
   778   1667      0    833
   779   1667      0    833
   780   1667      0    833
   781   1667      0    833
   782   1667      0    833
   783   1667      0    833
   784   1667      0    833
   785   1667      0    833
   786   1667      0    833
   787   1667      0    833
   788   1667      0    833
   789   1667      0    833
   790   1667      0    833
   791   1667      0    833
   792   1667      0    833
   793   1667      0    833
   794   1667      0    833
   795   1667      0    833
   796   1667      0    833
   797   1667      0    833
   798   1667      0    833
   799   1667      0    833
   800   1667      0    833
   801   1667      0    833
   802   1667      0    833
   803   1667      0    833
   804   1667      0    833
   805   1667      0    833
   806   1667      0    833
   807   1667      0    833
   808   1667      0    833
   809   1667      0    833
   810   1667      0    833
   811   1667      0    833
   812   1667      0    833
   813   1667      0    833
   814   1667      0    833
   815   1667      0    833
   816   1667      0    833
   817   1667      0    833
   818   1667      0    833
   819   1667      0    833
   820   1667      0    833
   821   1667      0    833
   822   1667      0    833
   823   1667      0    833
   824   1667      0    833
   825   1667      0    833
   826   1667      0    833
   827   1667      0    833
   828   1667      0    833
   829   1667      0    833
   830   1667      0    833
   831   1667      0    833
   832   1667      0    833
   833   1667      0    833
   834   1667      0    833
   835   1667      0    833
   836   1667      0    833
   837   1667      0    833
   838   1667      0    833
   839   1667      0    833
   840   1667      0    833
   841   1667      0    833
   842   1667      0    833
   843   1667      0    833
   844   1667      0    833
   845   1667      0    833
   846   1667      0    833
   847   1667      0    833
   848   1667      0    833
   849   1667      0    833
   850   1667      0    833
   851   1667      0    833
   852   1667      0    833
   853   1667      0    833
   854   1667      0    833
   855   1667      0    833
   856   1667      0    833
   857   1667      0    833
   858   1667      0    833
   859   1667      0    833
   860   1667      0    833
   861   1667      0    833
   862   1667      0    833
   863   1667      0    833
   864   1667      0    833
   865   1667      0    833
   866   1667      0    833
   867   1667      0    833
   868   1667      0    833
   869   1667      0    833
   870   1667      0    833
   871   1667      0    833
   872   1667      0    833
   873   1667      0    833
   874   1667      0    833
   875   1667      0    833
   876   1667      0    833
   877   1667      0    833
   878   1667      0    833
   879   1667      0    833
   880   1667      0    833
   881   1667      0    833
   882   1667      0    833
   883   1667      0    833
   884   1667      0    833
   885   1667      0    833
   886   1667      0    833
   887   1667      0    833
   888   1667      0    833
   889   1667      0    833
   890   1667      0    833
   891   1667      0    833
   892   1667      0    833
   893   1667      0    833
   894   1667      0    833
   895   1667      0    833
   896   1667      0    833
   897   1667      0    833
   898   1667      0    833
   899   1667      0    833
   900   1667      0    833
   901   1667      0    833
   902   1667      0    833
   903   1667      0    833
   904   1667      0    833
   905   1667      0    833
   906   1667      0    833
   907   1667      0    833
   908   1667      0    833
   909   1667      0    833
   910   1667      0    833
   911   1667      0    833
   912   1667      0    833
   913   1667      0    833
   914   1667      0    833
   915   1667      0    833
   916   1667      0    833
   917   1667      0    833
   918   1667      0    833
   919   1667      0    833
   920   1667      0    833
   921   1667      0    833
   922   1667      0    833
   923   1667      0    833
   924   1667      0    833
   925   1667      0    833
   926   1667      0    833
   927   1667      0    833
   928   1667      0    833
   929   1667      0    833
   930   1667      0    833
   931   1667      0    833
   932   1667      0    833
   933   1667      0    833
   934   1667      0    833
   935   1667      0    833
   936   1667      0    833
   937   1667      0    833
   938   1667      0    833
   939   1667      0    833
   940   1667      0    833
   941   1667      0    833
   942   1667      0    833
   943   1667      0    833
   944   1667      0    833
   945   1667      0    833
   946   1667      0    833
   947   1667      0    833
   948   1667      0    833
   949   1667      0    833
   950   1667      0    833
   951   1667      0    833
   952   1667      0    833
   953   1667      0    833
   954   1667      0    833
   955   1667      0    833
   956   1667      0    833
   957   1667      0    833
   958   1667      0    833
   959   1667      0    833
   960   1667      0    833
   961   1667      0    833
   962   1667      0    833
   963   1667      0    833
   964   1667      0    833
   965   1667      0    833
   966   1667      0    833
   967   1667      0    833
   968   1667      0    833
   969   1667      0    833
   970   1667      0    833
   971   1667      0    833
   972   1667      0    833
   973   1667      0    833
   974   1667      0    833
   975   1667      0    833
   976   1667      0    833
   977   1667      0    833
   978   1667      0    833
   979   1667      0    833
   980   1667      0    833
   981   1667      0    833
   982   1667      0    833
   983   1667      0    833
   984   1667      0    833
   985   1667      0    833
   986   1667      0    833
   987   1667      0    833
   988   1667      0    833
   989   1667      0    833
   990   1667      0    833
   991   1667      0    833
   992   1667      0    833
   993   1667      0    833
   994   1667      0    833
   995   1667      0    833
   996   1667      0    833
   997   1667      0    833
   998   1667      0    833
   999   1667      0    833
  1000   1667      0    833
