# time (sweeps) | Susceptible | Infected | Recovered
     0   1265    577    658
     1   1230    593    677
     2   1249    599    652
     3   1234    596    670
     4   1222    586    692
     5   1241    580    679
     6   1251    564    685
     7   1257    565    678
     8   1298    545    657
     9   1271    581    648
    10   1275    575    650
    11   1253    582    665
    12   1254    587    659
    13   1214    586    700
    14   1199    589    712
    15   1197    600    703
    16   1195    592    713
    17   1187    604    709
    18   1195    597    708
    19   1222    561    717
    20   1311    512    677
    21   1315    516    669
    22   1357    495    648
    23   1358    512    630
    24   1355    531    614
    25   1295    564    641
    26   1258    580    662
    27   1243    563    694
    28   1246    576    678
    29   1283    550    667
    30   1296    574    630
    31   1274    598    628
    32   1245    580    675
    33   1235    587    678
    34   1253    577    670
    35   1288    552    660
    36   1271    597    632
    37   1266    609    625
    38   1292    572    636
    39   1260    601    639
    40   1254    591    655
    41   1255    574    671
    42   1256    564    680
    43   1220    598    682
    44   1236    600    664
    45   1223    591    686
    46   1198    595    707
    47   1231    590    679
    48   1257    591    652
    49   1250    573    677
    50   1252    564    684
    51   1237    565    698
    52   1239    556    705
    53   1268    542    690
    54   1272    560    668
    55   1275    564    661
    56   1256    583    661
    57   1243    592    665
    58   1233    563    704
    59   1236    584    680
    60   1246    576    678
    61   1257    565    678
    62   1255    582    663
    63   1276    577    647
    64   1239    577    684
    65   1246    562    692
    66   1269    550    681
    67   1239    589    672
    68   1232    604    664
    69   1230    566    704
    70   1206    610    684
    71   1166    640    694
    72   1148    638    714
    73   1205    576    719
    74   1220    564    716
    75   1266    559    675
    76   1234    578    688
    77   1201    607    692
    78   1253    593    654
    79   1204    613    683
    80   1180    592    728
    81   1189    582    729
    82   1240    576    684
    83   1221    618    661
    84   1178    590    732
    85   1223    567    710
    86   1203    586    711
    87   1202    564    734
    88   1245    549    706
    89   1279    574    647
    90   1263    567    670
    91   1278    554    668
    92   1287    555    658
    93   1284    555    661
    94   1246    598    656
    95   1222    615    663
    96   1200    600    700
    97   1196    591    713
    98   1241    577    682
    99   1215    603    682
   100   1185    631    684
   101   1151    643    706
   102   1151    645    704
   103   1164    589    747
   104   1203    575    722
   105   1213    561    726
   106   1219    588    693
   107   1234    573    693
   108   1275    551    674
   109   1299    529    672
   110   1331    523    646
   111   1309    569    622
   112   1244    602    654
   113   1201    607    692
   114   1189    616    695
   115   1199    578    723
   116   1243    570    687
   117   1243    574    683
   118   1276    580    644
   119   1259    577    664
   120   1254    591    655
   121   1311    549    640
   122   1300    563    637
   123   1292    586    622
   124   1253    621    626
   125   1215    610    675
   126   1230    583    687
   127   1226    606    668
   128   1204    598    698
   129   1237    597    666
   130   1221    618    661
   131   1229    566    705
   132   1262    538    700
   133   1274    542    684
   134   1269    555    676
   135   1263    551    686
   136   1308    511    681
   137   1367    509    624
   138   1301    541    658
   139   1297    559    644
   140   1267    585    648
   141   1259    609    632
   142   1208    619    673
   143   1196    608    696
   144   1184    650    666
   145   1176    636    688
   146   1158    612    730
   147   1190    600    710
   148   1182    647    671
   149   1193    603    704
   150   1218    613    669
   151   1172    639    689
   152   1140    642    718
   153   1179    597    724
   154   1164    611    725
   155   1168    649    683
   156   1179    646    675
   157   1145    625    730
   158   1152    604    744
   159   1215    569    716
   160   1217    579    704
   161   1268    516    716
   162   1296    497    707
   163   1324    526    650
   164   1303    544    653
   165   1278    545    677
   166   1292    567    641
   167   1265    617    618
   168   1265    588    647
   169   1245    596    659
   170   1262    557    681
   171   1231    582    687
   172   1244    555    701
   173   1281    540    679
   174   1285    549    666
   175   1260    595    645
   176   1283    571    646
   177   1263    562    675
   178   1252    573    675
   179   1266    593    641
   180   1240    591    669
   181   1239    614    647
   182   1245    583    672
   183   1217    576    707
   184   1221    601    678
   185   1213    622    665
   186   1202    618    680
   187   1211    608    681
   188   1208    632    660
   189   1159    610    731
   190   1160    610    730
   191   1180    606    714
   192   1209    607    684
   193   1202    580    718
   194   1230    549    721
   195   1260    565    675
   196   1247    567    686
   197   1224    577    699
   198   1223    590    687
   199   1222    572    706
   200   1205    576    719
   201   1248    564    688
   202   1241    567    692
   203   1238    591    671
   204   1222    615    663
   205   1201    622    677
   206   1216    616    668
   207   1182    583    735
   208   1205    603    692
   209   1211    600    689
   210   1181    645    674
   211   1184    606    710
   212   1179    588    733
   213   1173    587    740
   214   1164    595    741
   215   1223    578    699
   216   1238    549    713
   217   1209    597    694
   218   1196    607    697
   219   1184    596    720
   220   1205    607    688
   221   1196    602    702
   222   1214    589    697
   223   1249    572    679
   224   1222    583    695
   225   1251    551    698
   226   1234    565    701
   227   1254    564    682
   228   1313    500    687
   229   1298    520    682
   230   1308    560    632
   231   1299    559    642
   232   1260    569    671
   233   1296    537    667
   234   1277    555    668
   235   1256    586    658
   236   1231    593    676
   237   1210    616    674
   238   1169    631    700
   239   1176    580    744
   240   1246    560    694
   241   1271    562    667
   242   1294    555    651
   243   1309    545    646
   244   1338    516    646
   245   1336    519    645
   246   1337    534    629
   247   1343    508    649
   248   1377    488    635
   249   1376    520    604
   250   1322    551    627
   251   1284    555    661
   252   1301    569    630
   253   1266    586    648
   254   1283    563    654
   255   1249    594    657
   256   1234    588    678
   257   1265    541    694
   258   1279    544    677
   259   1279    566    655
   260   1277    569    654
   261   1257    569    674
   262   1237    576    687
   263   1261    556    683
   264   1262    547    691
   265   1277    557    666
   266   1269    563    668
   267   1239    570    691
   268   1219    608    673
   269   1229    614    657
   270   1191    642    667
   271   1166    600    734
   272   1207    598    695
   273   1225    606    669
   274   1198    622    680
   275   1200    599    701
   276   1194    583    723
   277   1189    564    747
   278   1244    552    704
   279   1227    557    716
   280   1278    518    704
   281   1295    540    665
   282   1329    514    657
   283   1332    560    608
   284   1303    581    616
   285   1292    573    635
   286   1270    566    664
   287   1254    571    675
   288   1229    577    694
   289   1277    526    697
   290   1293    559    648
   291   1285    575    640
   292   1239    591    670
   293   1238    599    663
   294   1218    620    662
   295   1236    578    686
   296   1220    609    671
   297   1219    605    676
   298   1202    611    687
   299   1198    582    720
   300   1267    554    679
   301   1277    547    676
   302   1243    594    663
   303   1213    583    704
   304   1192    604    704
   305   1219    584    697
   306   1228    600    672
   307   1196    593    711
   308   1237    574    689
   309   1228    562    710
   310   1281    576    643
   311   1275    579    646
   312   1274    563    663
   313   1280    580    640
   314   1264    560    676
   315   1292    538    670
   316   1320    550    630
   317   1289    546    665
   318   1301    544    655
   319   1302    552    646
   320   1298    563    639
   321   1232    621    647
   322   1225    622    653
   323   1206    623    671
   324   1200    586    714
   325   1242    588    670
   326   1221    604    675
   327   1233    581    686
   328   1192    635    673
   329   1169    601    730
   330   1159    610    731
   331   1174    597    729
   332   1240    568    692
   333   1237    576    687
   334   1225    599    676
   335   1201    600    699
   336   1200    588    712
   337   1224    596    680
   338   1207    620    673
   339   1234    591    675
   340   1256    562    682
   341   1237    598    665
   342   1196    606    698
   343   1199    621    680
   344   1190    635    675
   345   1224    589    687
   346   1194    577    729
   347   1173    619    708
   348   1192    582    726
   349   1196    577    727
   350   1257    569    674
   351   1271    577    652
   352   1232    589    679
   353   1268    534    698
   354   1277    547    676
   355   1288    534    678
   356   1272    556    672
   357   1252    569    679
   358   1239    579    682
   359   1247    589    664
   360   1278    548    674
   361   1257    561    682
   362   1259    563    678
   363   1262    584    654
   364   1217    582    701
   365   1210    577    713
   366   1234    581    685
   367   1235    577    688
   368   1243    574    683
   369   1241    596    663
   370   1200    626    674
   371   1157    660    683
   372   1131    659    710
   373   1140    632    728
   374   1154    603    743
   375   1217    560    723
   376   1233    547    720
   377   1281    523    696
   378   1293    520    687
   379   1314    520    666
   380   1333    544    623
   381   1322    557    621
   382   1301    563    636
   383   1308    552    640
   384   1335    531    634
   385   1313    554    633
   386   1335    551    614
   387   1331    530    639
   388   1309    537    654
   389   1276    549    675
   390   1245    540    715
   391   1256    530    714
   392   1292    548    660
   393   1304    557    639
   394   1321    547    632
   395   1296    573    631
   396   1288    563    649
   397   1266    587    647
   398   1265    552    683
   399   1297    548    655
   400   1288    556    656
   401   1286    585    629
   402   1228    594    678
   403   1240    566    694
   404   1254    557    689
   405   1258    562    680
   406   1294    530    676
   407   1336    482    682
   408   1356    480    664
   409   1384    490    626
   410   1327    541    632
   411   1300    547    653
   412   1269    567    664
   413   1263    575    662
   414   1240    545    715
   415   1285    525    690
   416   1313    527    660
   417   1333    528    639
   418   1324    516    660
   419   1313    547    640
   420   1330    523    647
   421   1324    542    634
   422   1309    551    640
   423   1298    561    641
   424   1259    565    676
   425   1273    548    679
   426   1266    550    684
   427   1275    562    663
   428   1256    560    684
   429   1300    548    652
   430   1271    553    676
   431   1283    560    657
   432   1279    559    662
   433   1266    579    655
   434   1298    575    627
   435   1244    612    644
   436   1188    606    706
   437   1167    613    720
   438   1173    587    740
   439   1170    591    739
   440   1206    590    704
   441   1222    606    672
   442   1200    598    702
   443   1209    591    700
   444   1228    574    698
   445   1231    602    667
   446   1231    610    659
   447   1181    632    687
   448   1192    582    726
   449   1210    582    708
   450   1223    606    671
   451   1154    630    716
   452   1140    647    713
   453   1177    617    706
   454   1175    630    695
   455   1191    607    702
   456   1181    618    701
   457   1189    609    702
   458   1216    590    694
   459   1226    573    701
   460   1252    572    676
   461   1250    545    705
   462   1225    565    710
   463   1242    582    676
   464   1234    590    676
   465   1225    564    711
   466   1254    560    686
   467   1282    536    682
   468   1273    530    697
   469   1328    514    658
   470   1306    550    644
   471   1318    565    617
   472   1255    590    655
   473   1268    551    681
   474   1278    576    646
   475   1264    589    647
   476   1255    606    639
   477   1232    587    681
   478   1237    581    682
   479   1185    628    687
   480   1124    647    729
   481   1136    632    732
   482   1165    602    733
   483   1216    556    728
   484   1260    570    670
   485   1219    564    717
   486   1246    553    701
   487   1235    568    697
   488   1245    570    685
   489   1279    545    676
   490   1250    559    691
   491   1302    516    682
   492   1312    522    666
   493   1318    547    635
   494   1289    549    662
   495   1272    558    670
   496   1290    533    677
   497   1314    525    661
   498   1284    567    649
   499   1263    580    657
   500   1281    552    667
   501   1308    537    655
   502   1281    538    681
   503   1306    541    653
   504   1261    566    673
   505   1283    544    673
   506   1276    576    648
   507   1249    587    664
   508   1299    551    650
   509   1263    594    643
   510   1271    573    656
   511   1241    580    679
   512   1236    596    668
   513   1236    582    682
   514   1274    569    657
   515   1226    589    685
   516   1236    574    690
   517   1231    607    662
   518   1212    595    693
   519   1226    596    678
   520   1204    624    672
   521   1219    603    678
   522   1201    605    694
   523   1199    604    697
   524   1230    561    709
   525   1234    583    683
   526   1236    571    693
   527   1228    564    708
   528   1243    564    693
   529   1286    548    666
   530   1244    591    665
   531   1240    615    645
   532   1235    588    677
   533   1238    586    676
   534   1257    584    659
   535   1236    597    667
   536   1226    629    645
   537   1240    570    690
   538   1218    605    677
   539   1186    638    676
   540   1192    625    683
   541   1211    597    692
   542   1231    618    651
   543   1219    624    657
   544   1144    657    699
   545   1128    669    703
   546   1131    694    675
   547   1124    667    709
   548   1160    610    730
   549   1168    609    723
   550   1161    587    752
   551   1190    560    750
   552   1226    563    711
   553   1231    581    688
   554   1188    605    707
   555   1173    570    757
   556   1249    556    695
   557   1247    588    665
   558   1273    581    646
   559   1269    576    655
   560   1257    578    665
   561   1215    593    692
   562   1215    615    670
   563   1234    587    679
   564   1214    595    691
   565   1186    578    736
   566   1191    575    734
   567   1206    562    732
   568   1218    576    706
   569   1235    572    693
   570   1288    577    635
   571   1296    564    640
   572   1257    604    639
   573   1224    607    669
   574   1209    622    669
   575   1215    583    702
   576   1199    570    731
   577   1239    555    706
   578   1255    561    684
   579   1218    597    685
   580   1241    570    689
   581   1254    560    686
   582   1239    576    685
   583   1252    567    681
   584   1275    545    680
   585   1273    560    667
   586   1241    581    678
   587   1211    590    699
   588   1226    584    690
   589   1219    577    704
   590   1225    556    719
   591   1258    545    697
   592   1279    579    642
   593   1249    586    665
   594   1212    617    671
   595   1204    601    695
   596   1204    589    707
   597   1200    603    697
   598   1210    595    695
   599   1230    603    667
   600   1252    568    680
   601   1242    600    658
   602   1238    577    685
   603   1259    561    680
   604   1305    532    663
   605   1292    540    668
   606   1281    535    684
   607   1309    548    643
   608   1290    577    633
   609   1278    599    623
   610   1260    615    625
   611   1254    586    660
   612   1246    582    672
   613   1223    582    695
   614   1177    631    692
   615   1226    590    684
   616   1219    607    674
   617   1197    622    681
   618   1152    629    719
   619   1149    607    744
   620   1146    606    748
   621   1238    562    700
   622   1217    565    718
   623   1269    523    708
   624   1277    551    672
   625   1304    534    662
   626   1283    531    686
   627   1277    528    695
   628   1220    588    692
   629   1289    545    666
   630   1305    557    638
   631   1281    551    668
   632   1273    571    656
   633   1277    561    662
   634   1282    553    665
   635   1280    550    670
   636   1262    567    671
   637   1262    564    674
   638   1267    552    681
   639   1296    524    680
   640   1306    520    674
   641   1304    530    666
   642   1300    576    624
   643   1241    605    654
   644   1254    595    651
   645   1288    531    681
   646   1299    573    628
   647   1279    570    651
   648   1299    557    644
   649   1254    581    665
   650   1270    556    674
   651   1307    544    649
   652   1246    584    670
   653   1225    596    679
   654   1255    587    658
   655   1239    586    675
   656   1238    551    711
   657   1247    570    683
   658   1294    552    654
   659   1301    526    673
   660   1316    517    667
   661   1309    516    675
   662   1274    563    663
   663   1274    546    680
   664   1299    500    701
   665   1318    528    654
   666   1366    521    613
   667   1375    539    586
   668   1364    535    601
   669   1325    563    612
   670   1360    522    618
   671   1355    525    620
   672   1325    564    611
   673   1304    582    614
   674   1302    573    625
   675   1264    630    606
   676   1223    635    642
   677   1209    639    652
   678   1209    613    678
   679   1213    591    696
   680   1243    542    715
   681   1242    538    720
   682   1247    539    714
   683   1257    543    700
   684   1290    540    670
   685   1257    566    677
   686   1277    556    667
   687   1272    556    672
   688   1269    572    659
   689   1281    570    649
   690   1305    550    645
   691   1328    533    639
   692   1306    545    649
   693   1308    557    635
   694   1296    571    633
   695   1261    589    650
   696   1202    604    694
   697   1193    606    701
   698   1227    588    685
   699   1255    559    686
   700   1308    522    670
   701   1318    528    654
   702   1315    513    672
   703   1325    542    633
   704   1285    559    656
   705   1281    541    678
   706   1267    585    648
   707   1222    602    676
   708   1237    565    698
   709   1265    531    704
   710   1259    550    691
   711   1283    573    644
   712   1267    584    649
   713   1266    584    650
   714   1243    574    683
   715   1248    571    681
   716   1236    578    686
   717   1218    622    660
   718   1162    621    717
   719   1203    588    709
   720   1264    602    634
   721   1223    611    666
   722   1142    675    683
   723   1159    643    698
   724   1152    624    724
   725   1157    603    740
   726   1178    607    715
   727   1214    577    709
   728   1226    575    699
   729   1259    567    674
   730   1292    536    672
   731   1266    550    684
   732   1250    588    662
   733   1215    586    699
   734   1249    561    690
   735   1269    538    693
   736   1263    539    698
   737   1260    569    671
   738   1258    563    679
   739   1249    568    683
   740   1308    557    635
   741   1289    568    643
   742   1255    591    654
   743   1252    574    674
   744   1275    561    664
   745   1257    586    657
   746   1258    568    674
   747   1280    558    662
   748   1263    585    652
   749   1270    568    662
   750   1282    564    654
   751   1288    542    670
   752   1277    551    672
   753   1312    506    682
   754   1305    550    645
   755   1284    550    666
   756   1294    575    631
   757   1249    570    681
   758   1289    572    639
   759   1273    586    641
   760   1261    592    647
   761   1252    599    649
   762   1241    590    669
   763   1209    599    692
   764   1256    552    692
   765   1263    542    695
   766   1278    550    672
   767   1265    562    673
   768   1239    621    640
   769   1182    646    672
   770   1184    638    678
   771   1167    592    741
   772   1229    571    700
   773   1240    563    697
   774   1229    563    708
   775   1236    587    677
   776   1214    602    684
   777   1228    580    692
   778   1248    564    688
   779   1260    558    682
   780   1269    544    687
   781   1274    540    686
   782   1296    530    674
   783   1290    558    652
   784   1324    538    638
   785   1331    536    633
   786   1292    565    643
   787   1255    565    680
   788   1253    562    685
   789   1230    577    693
   790   1249    590    661
   791   1263    574    663
   792   1263    536    701
   793   1283    531    686
   794   1270    544    686
   795   1279    562    659
   796   1252    566    682
   797   1275    546    679
   798   1295    534    671
   799   1303    538    659
   800   1277    588    635
   801   1245    589    666
   802   1259    552    689
   803   1275    531    694
   804   1274    531    695
   805   1312    528    660
   806   1356    511    633
   807   1328    537    635
   808   1312    562    626
   809   1311    563    626
   810   1228    618    654
   811   1203    590    707
   812   1230    571    699
   813   1248    579    673
   814   1259    576    665
   815   1250    548    702
   816   1244    544    712
   817   1272    537    691
   818   1282    563    655
   819   1255    588    657
   820   1284    588    628
   821   1270    569    661
   822   1248    564    688
   823   1306    516    678
   824   1298    547    655
   825   1288    554    658
   826   1282    554    664
   827   1281    553    666
   828   1252    581    667
   829   1271    568    661
   830   1222    635    643
   831   1161    636    703
   832   1138    643    719
   833   1194    600    706
   834   1234    571    695
   835   1232    604    664
   836   1215    614    671
   837   1209    577    714
   838   1219    604    677
   839   1225    586    689
   840   1229    585    686
   841   1277    536    687
   842   1272    573    655
   843   1272    558    670
   844   1293    552    655
   845   1285    541    674
   846   1349    520    631
   847   1322    528    650
   848   1311    543    646
   849   1282    590    628
   850   1252    594    654
   851   1245    605    650
   852   1247    583    670
   853   1243    563    694
   854   1234    562    704
   855   1228    573    699
   856   1252    562    686
   857   1249    584    667
   858   1260    596    644
   859   1258    574    668
   860   1287    561    652
   861   1274    574    652
   862   1266    546    688
   863   1277    539    684
   864   1290    538    672
   865   1272    557    671
   866   1267    565    668
   867   1255    585    660
   868   1209    622    669
   869   1202    622    676
   870   1200    609    691
   871   1249    595    656
   872   1221    596    683
   873   1214    609    677
   874   1212    582    706
   875   1248    562    690
   876   1299    522    679
   877   1270    555    675
   878   1244    569    687
   879   1219    601    680
   880   1192    588    720
   881   1186    592    722
   882   1212    580    708
   883   1268    555    677
   884   1275    576    649
   885   1282    582    636
   886   1219    601    680
   887   1193    623    684
   888   1214    604    682
   889   1198    638    664
   890   1156    656    688
   891   1153    667    680
   892   1148    652    700
   893   1144    609    747
   894   1201    602    697
   895   1217    571    712
   896   1205    587    708
   897   1204    591    705
   898   1196    587    717
   899   1216    564    720
   900   1245    550    705
   901   1286    542    672
   902   1296    552    652
   903   1267    558    675
   904   1290    550    660
   905   1256    581    663
   906   1215    612    673
   907   1170    643    687
   908   1139    630    731
   909   1150    594    756
   910   1164    613    723
   911   1135    627    738
   912   1141    606    753
   913   1149    624    727
   914   1196    610    694
   915   1212    598    690
   916   1252    575    673
   917   1267    579    654
   918   1270    570    660
   919   1251    562    687
   920   1257    569    674
   921   1254    559    687
   922   1226    577    697
   923   1237    566    697
   924   1275    552    673
   925   1251    601    648
   926   1249    577    674
   927   1225    622    653
   928   1226    593    681
   929   1268    568    664
   930   1265    580    655
   931   1283    539    678
   932   1287    544    669
   933   1264    553    683
   934   1270    569    661
   935   1271    586    643
   936   1257    602    641
   937   1257    562    681
   938   1255    573    672
   939   1269    583    648
   940   1224    599    677
   941   1239    575    686
   942   1211    603    686
   943   1237    563    700
   944   1281    547    672
   945   1294    547    659
   946   1309    538    653
   947   1210    605    685
   948   1219    582    699
   949   1242    602    656
   950   1244    595    661
   951   1221    636    643
   952   1205    613    682
   953   1183    640    677
   954   1159    636    705
   955   1143    652    705
   956   1182    628    690
   957   1212    596    692
   958   1167    644    689
   959   1119    668    713
   960   1111    659    730
   961   1123    644    733
   962   1157    612    731
   963   1167    592    741
   964   1159    605    736
   965   1175    600    725
   966   1181    597    722
   967   1197    582    721
   968   1228    597    675
   969   1219    615    666
   970   1198    629    673
   971   1181    596    723
   972   1216    591    693
   973   1217    609    674
   974   1197    619    684
   975   1206    593    701
   976   1236    568    696
   977   1275    543    682
   978   1311    547    642
   979   1298    541    661
   980   1300    562    638
   981   1286    585    629
   982   1206    622    672
   983   1218    614    668
   984   1240    568    692
   985   1257    552    691
   986   1270    579    651
   987   1251    569    680
   988   1203    577    720
   989   1240    587    673
   990   1228    575    697
   991   1268    562    670
   992   1245    595    660
   993   1232    635    633
   994   1189    620    691
   995   1208    580    712
   996   1212    592    696
   997   1213    602    685
   998   1205    587    708
   999   1220    591    689
  1000   1259    534    707
