# time (sweeps) | Susceptible | Infected | Recovered
     0   1631    101    768
     1   1624    110    766
     2   1636     95    769
     3   1644     98    758
     4   1664     87    749
     5   1663     93    744
     6   1651     97    752
     7   1665     88    747
     8   1654     99    747
     9   1659     95    746
    10   1648    104    748
    11   1651    101    748
    12   1635    113    752
    13   1637    101    762
    14   1633    102    765
    15   1646     92    762
    16   1643    104    753
    17   1632    115    753
    18   1623    103    774
    19   1619    108    773
    20   1638     97    765
    21   1643     92    765
    22   1654     93    753
    23   1658     87    755
    24   1664     77    759
    25   1677     66    757
    26   1687     61    752
    27   1696     63    741
    28   1702     70    728
    29   1706     69    725
    30   1716     56    728
    31   1719     54    727
    32   1723     50    727
    33   1739     43    718
    34   1756     46    698
    35   1758     37    705
    36   1764     35    701
    37   1774     32    694
    38   1774     34    692
    39   1769     41    690
    40   1763     42    695
    41   1756     44    700
    42   1765     37    698
    43   1769     34    697
    44   1763     39    698
    45   1755     43    702
    46   1750     48    702
    47   1739     53    708
    48   1739     53    708
    49   1739     53    708
    50   1739     53    708
    51   1739     53    708
    52   1739     53    708
    53   1739     53    708
    54   1739     53    708
    55   1739     53    708
    56   1739     53    708
    57   1739     53    708
    58   1739     53    708
    59   1739     53    708
    60   1739     53    708
    61   1739     53    708
    62   1739     53    708
    63   1739     53    708
    64   1739     53    708
    65   1739     53    708
    66   1739     53    708
    67   1739     53    708
    68   1739     53    708
    69   1739     53    708
    70   1739     53    708
    71   1739     53    708
    72   1739     53    708
    73   1739     53    708
    74   1739     53    708
    75   1739     53    708
    76   1739     53    708
    77   1739     53    708
    78   1739     53    708
    79   1739     53    708
    80   1739     53    708
    81   1739     53    708
    82   1739     53    708
    83   1739     53    708
    84   1739     53    708
    85   1739     53    708
    86   1739     53    708
    87   1739     53    708
    88   1739     53    708
    89   1739     53    708
    90   1739     53    708
    91   1739     53    708
    92   1739     53    708
    93   1739     53    708
    94   1739     53    708
    95   1739     53    708
    96   1739     53    708
    97   1739     53    708
    98   1739     53    708
    99   1739     53    708
   100   1739     53    708
   101   1739     53    708
   102   1739     53    708
   103   1739     53    708
   104   1739     53    708
   105   1739     53    708
   106   1739     53    708
   107   1739     53    708
   108   1739     53    708
   109   1739     53    708
   110   1739     53    708
   111   1739     53    708
   112   1739     53    708
   113   1739     53    708
   114   1739     53    708
   115   1739     53    708
   116   1739     53    708
   117   1739     53    708
   118   1739     53    708
   119   1739     53    708
   120   1739     53    708
   121   1739     53    708
   122   1739     53    708
   123   1739     53    708
   124   1739     53    708
   125   1739     53    708
   126   1739     53    708
   127   1739     53    708
   128   1739     53    708
   129   1739     53    708
   130   1739     53    708
   131   1739     53    708
   132   1739     53    708
   133   1739     53    708
   134   1739     53    708
   135   1739     53    708
   136   1739     53    708
   137   1739     53    708
   138   1739     53    708
   139   1739     53    708
   140   1739     53    708
   141   1739     53    708
   142   1739     53    708
   143   1739     53    708
   144   1739     53    708
   145   1739     53    708
   146   1739     53    708
   147   1739     53    708
   148   1739     53    708
   149   1739     53    708
   150   1739     53    708
   151   1739     53    708
   152   1739     53    708
   153   1739     53    708
   154   1739     53    708
   155   1739     53    708
   156   1739     53    708
   157   1739     53    708
   158   1739     53    708
   159   1739     53    708
   160   1739     53    708
   161   1739     53    708
   162   1739     53    708
   163   1739     53    708
   164   1739     53    708
   165   1739     53    708
   166   1739     53    708
   167   1739     53    708
   168   1739     53    708
   169   1739     53    708
   170   1739     53    708
   171   1739     53    708
   172   1739     53    708
   173   1739     53    708
   174   1739     53    708
   175   1739     53    708
   176   1739     53    708
   177   1739     53    708
   178   1739     53    708
   179   1739     53    708
   180   1739     53    708
   181   1739     53    708
   182   1739     53    708
   183   1739     53    708
   184   1739     53    708
   185   1739     53    708
   186   1739     53    708
   187   1739     53    708
   188   1739     53    708
   189   1739     53    708
   190   1739     53    708
   191   1739     53    708
   192   1739     53    708
   193   1739     53    708
   194   1739     53    708
   195   1739     53    708
   196   1739     53    708
   197   1739     53    708
   198   1739     53    708
   199   1739     53    708
   200   1739     53    708
   201   1739     53    708
   202   1739     53    708
   203   1739     53    708
   204   1739     53    708
   205   1739     53    708
   206   1739     53    708
   207   1739     53    708
   208   1739     53    708
   209   1739     53    708
   210   1739     53    708
   211   1739     53    708
   212   1739     53    708
   213   1739     53    708
   214   1739     53    708
   215   1739     53    708
   216   1739     53    708
   217   1739     53    708
   218   1739     53    708
   219   1739     53    708
   220   1739     53    708
   221   1739     53    708
   222   1739     53    708
   223   1739     53    708
   224   1739     53    708
   225   1739     53    708
   226   1739     53    708
   227   1739     53    708
   228   1739     53    708
   229   1739     53    708
   230   1739     53    708
   231   1739     53    708
   232   1739     53    708
   233   1739     53    708
   234   1739     53    708
   235   1739     53    708
   236   1739     53    708
   237   1739     53    708
   238   1739     53    708
   239   1739     53    708
   240   1739     53    708
   241   1739     53    708
   242   1739     53    708
   243   1739     53    708
   244   1739     53    708
   245   1739     53    708
   246   1739     53    708
   247   1739     53    708
   248   1739     53    708
   249   1739     53    708
   250   1739     53    708
   251   1739     53    708
   252   1739     53    708
   253   1739     53    708
   254   1739     53    708
   255   1739     53    708
   256   1739     53    708
   257   1739     53    708
   258   1739     53    708
   259   1739     53    708
   260   1739     53    708
   261   1739     53    708
   262   1739     53    708
   263   1739     53    708
   264   1739     53    708
   265   1739     53    708
   266   1739     53    708
   267   1739     53    708
   268   1739     53    708
   269   1739     53    708
   270   1739     53    708
   271   1739     53    708
   272   1739     53    708
   273   1739     53    708
   274   1739     53    708
   275   1739     53    708
   276   1739     53    708
   277   1739     53    708
   278   1739     53    708
   279   1739     53    708
   280   1739     53    708
   281   1739     53    708
   282   1739     53    708
   283   1739     53    708
   284   1739     53    708
   285   1739     53    708
   286   1739     53    708
   287   1739     53    708
   288   1739     53    708
   289   1739     53    708
   290   1739     53    708
   291   1739     53    708
   292   1739     53    708
   293   1739     53    708
   294   1739     53    708
   295   1739     53    708
   296   1739     53    708
   297   1739     53    708
   298   1739     53    708
   299   1739     53    708
   300   1739     53    708
   301   1739     53    708
   302   1739     53    708
   303   1739     53    708
   304   1739     53    708
   305   1739     53    708
   306   1739     53    708
   307   1739     53    708
   308   1739     53    708
   309   1739     53    708
   310   1739     53    708
   311   1739     53    708
   312   1739     53    708
   313   1739     53    708
   314   1739     53    708
   315   1739     53    708
   316   1739     53    708
   317   1739     53    708
   318   1739     53    708
   319   1739     53    708
   320   1739     53    708
   321   1739     53    708
   322   1739     53    708
   323   1739     53    708
   324   1739     53    708
   325   1739     53    708
   326   1739     53    708
   327   1739     53    708
   328   1739     53    708
   329   1739     53    708
   330   1739     53    708
   331   1739     53    708
   332   1739     53    708
   333   1739     53    708
   334   1739     53    708
   335   1739     53    708
   336   1739     53    708
   337   1739     53    708
   338   1739     53    708
   339   1739     53    708
   340   1739     53    708
   341   1739     53    708
   342   1739     53    708
   343   1739     53    708
   344   1739     53    708
   345   1739     53    708
   346   1739     53    708
   347   1739     53    708
   348   1739     53    708
   349   1739     53    708
   350   1739     53    708
   351   1739     53    708
   352   1739     53    708
   353   1739     53    708
   354   1739     53    708
   355   1739     53    708
   356   1739     53    708
   357   1739     53    708
   358   1739     53    708
   359   1739     53    708
   360   1739     53    708
   361   1739     53    708
   362   1739     53    708
   363   1739     53    708
   364   1739     53    708
   365   1739     53    708
   366   1739     53    708
   367   1739     53    708
   368   1739     53    708
   369   1739     53    708
   370   1739     53    708
   371   1739     53    708
   372   1739     53    708
   373   1739     53    708
   374   1739     53    708
   375   1739     53    708
   376   1739     53    708
   377   1739     53    708
   378   1739     53    708
   379   1739     53    708
   380   1739     53    708
   381   1739     53    708
   382   1739     53    708
   383   1739     53    708
   384   1739     53    708
   385   1739     53    708
   386   1739     53    708
   387   1739     53    708
   388   1739     53    708
   389   1739     53    708
   390   1739     53    708
   391   1739     53    708
   392   1739     53    708
   393   1739     53    708
   394   1739     53    708
   395   1739     53    708
   396   1739     53    708
   397   1739     53    708
   398   1739     53    708
   399   1739     53    708
   400   1739     53    708
   401   1739     53    708
   402   1739     53    708
   403   1739     53    708
   404   1739     53    708
   405   1739     53    708
   406   1739     53    708
   407   1739     53    708
   408   1739     53    708
   409   1739     53    708
   410   1739     53    708
   411   1739     53    708
   412   1739     53    708
   413   1739     53    708
   414   1739     53    708
   415   1739     53    708
   416   1739     53    708
   417   1739     53    708
   418   1739     53    708
   419   1739     53    708
   420   1739     53    708
   421   1739     53    708
   422   1739     53    708
   423   1739     53    708
   424   1739     53    708
   425   1739     53    708
   426   1739     53    708
   427   1739     53    708
   428   1739     53    708
   429   1739     53    708
   430   1739     53    708
   431   1739     53    708
   432   1739     53    708
   433   1739     53    708
   434   1739     53    708
   435   1739     53    708
   436   1739     53    708
   437   1739     53    708
   438   1739     53    708
   439   1739     53    708
   440   1739     53    708
   441   1739     53    708
   442   1739     53    708
   443   1739     53    708
   444   1739     53    708
   445   1739     53    708
   446   1739     53    708
   447   1739     53    708
   448   1739     53    708
   449   1739     53    708
   450   1739     53    708
   451   1739     53    708
   452   1739     53    708
   453   1739     53    708
   454   1739     53    708
   455   1739     53    708
   456   1739     53    708
   457   1739     53    708
   458   1739     53    708
   459   1739     53    708
   460   1739     53    708
   461   1739     53    708
   462   1739     53    708
   463   1739     53    708
   464   1739     53    708
   465   1739     53    708
   466   1739     53    708
   467   1739     53    708
   468   1739     53    708
   469   1739     53    708
   470   1739     53    708
   471   1739     53    708
   472   1739     53    708
   473   1739     53    708
   474   1739     53    708
   475   1739     53    708
   476   1739     53    708
   477   1739     53    708
   478   1739     53    708
   479   1739     53    708
   480   1739     53    708
   481   1739     53    708
   482   1739     53    708
   483   1739     53    708
   484   1739     53    708
   485   1739     53    708
   486   1739     53    708
   487   1739     53    708
   488   1739     53    708
   489   1739     53    708
   490   1739     53    708
   491   1739     53    708
   492   1739     53    708
   493   1739     53    708
   494   1739     53    708
   495   1739     53    708
   496   1739     53    708
   497   1739     53    708
   498   1739     53    708
   499   1739     53    708
   500   1739     53    708
   501   1739     53    708
   502   1739     53    708
   503   1739     53    708
   504   1739     53    708
   505   1739     53    708
   506   1739     53    708
   507   1739     53    708
   508   1739     53    708
   509   1739     53    708
   510   1739     53    708
   511   1739     53    708
   512   1739     53    708
   513   1739     53    708
   514   1739     53    708
   515   1739     53    708
   516   1739     53    708
   517   1739     53    708
   518   1739     53    708
   519   1739     53    708
   520   1739     53    708
   521   1739     53    708
   522   1739     53    708
   523   1739     53    708
   524   1739     53    708
   525   1739     53    708
   526   1739     53    708
   527   1739     53    708
   528   1739     53    708
   529   1739     53    708
   530   1739     53    708
   531   1739     53    708
   532   1739     53    708
   533   1739     53    708
   534   1739     53    708
   535   1739     53    708
   536   1739     53    708
   537   1739     53    708
   538   1739     53    708
   539   1739     53    708
   540   1739     53    708
   541   1739     53    708
   542   1739     53    708
   543   1739     53    708
   544   1739     53    708
   545   1739     53    708
   546   1739     53    708
   547   1739     53    708
   548   1739     53    708
   549   1739     53    708
   550   1739     53    708
   551   1739     53    708
   552   1739     53    708
   553   1739     53    708
   554   1739     53    708
   555   1739     53    708
   556   1739     53    708
   557   1739     53    708
   558   1739     53    708
   559   1739     53    708
   560   1739     53    708
   561   1739     53    708
   562   1739     53    708
   563   1739     53    708
   564   1739     53    708
   565   1739     53    708
   566   1739     53    708
   567   1739     53    708
   568   1739     53    708
   569   1739     53    708
   570   1739     53    708
   571   1739     53    708
   572   1739     53    708
   573   1739     53    708
   574   1739     53    708
   575   1739     53    708
   576   1739     53    708
   577   1739     53    708
   578   1739     53    708
   579   1739     53    708
   580   1739     53    708
   581   1739     53    708
   582   1739     53    708
   583   1739     53    708
   584   1739     53    708
   585   1739     53    708
   586   1739     53    708
   587   1739     53    708
   588   1739     53    708
   589   1739     53    708
   590   1739     53    708
   591   1739     53    708
   592   1739     53    708
   593   1739     53    708
   594   1739     53    708
   595   1739     53    708
   596   1739     53    708
   597   1739     53    708
   598   1739     53    708
   599   1739     53    708
   600   1739     53    708
   601   1739     53    708
   602   1739     53    708
   603   1739     53    708
   604   1739     53    708
   605   1739     53    708
   606   1739     53    708
   607   1739     53    708
   608   1739     53    708
   609   1739     53    708
   610   1739     53    708
   611   1739     53    708
   612   1739     53    708
   613   1739     53    708
   614   1739     53    708
   615   1739     53    708
   616   1739     53    708
   617   1739     53    708
   618   1739     53    708
   619   1739     53    708
   620   1739     53    708
   621   1739     53    708
   622   1739     53    708
   623   1739     53    708
   624   1739     53    708
   625   1739     53    708
   626   1739     53    708
   627   1739     53    708
   628   1739     53    708
   629   1739     53    708
   630   1739     53    708
   631   1739     53    708
   632   1739     53    708
   633   1739     53    708
   634   1739     53    708
   635   1739     53    708
   636   1739     53    708
   637   1739     53    708
   638   1739     53    708
   639   1739     53    708
   640   1739     53    708
   641   1739     53    708
   642   1739     53    708
   643   1739     53    708
   644   1739     53    708
   645   1739     53    708
   646   1739     53    708
   647   1739     53    708
   648   1739     53    708
   649   1739     53    708
   650   1739     53    708
   651   1739     53    708
   652   1739     53    708
   653   1739     53    708
   654   1739     53    708
   655   1739     53    708
   656   1739     53    708
   657   1739     53    708
   658   1739     53    708
   659   1739     53    708
   660   1739     53    708
   661   1739     53    708
   662   1739     53    708
   663   1739     53    708
   664   1739     53    708
   665   1739     53    708
   666   1739     53    708
   667   1739     53    708
   668   1739     53    708
   669   1739     53    708
   670   1739     53    708
   671   1739     53    708
   672   1739     53    708
   673   1739     53    708
   674   1739     53    708
   675   1739     53    708
   676   1739     53    708
   677   1739     53    708
   678   1739     53    708
   679   1739     53    708
   680   1739     53    708
   681   1739     53    708
   682   1739     53    708
   683   1739     53    708
   684   1739     53    708
   685   1739     53    708
   686   1739     53    708
   687   1739     53    708
   688   1739     53    708
   689   1739     53    708
   690   1739     53    708
   691   1739     53    708
   692   1739     53    708
   693   1739     53    708
   694   1739     53    708
   695   1739     53    708
   696   1739     53    708
   697   1739     53    708
   698   1739     53    708
   699   1739     53    708
   700   1739     53    708
   701   1739     53    708
   702   1739     53    708
   703   1739     53    708
   704   1739     53    708
   705   1739     53    708
   706   1739     53    708
   707   1739     53    708
   708   1739     53    708
   709   1739     53    708
   710   1739     53    708
   711   1739     53    708
   712   1739     53    708
   713   1739     53    708
   714   1739     53    708
   715   1739     53    708
   716   1739     53    708
   717   1739     53    708
   718   1739     53    708
   719   1739     53    708
   720   1739     53    708
   721   1739     53    708
   722   1739     53    708
   723   1739     53    708
   724   1739     53    708
   725   1739     53    708
   726   1739     53    708
   727   1739     53    708
   728   1739     53    708
   729   1739     53    708
   730   1739     53    708
   731   1739     53    708
   732   1739     53    708
   733   1739     53    708
   734   1739     53    708
   735   1739     53    708
   736   1739     53    708
   737   1739     53    708
   738   1739     53    708
   739   1739     53    708
   740   1739     53    708
   741   1739     53    708
   742   1739     53    708
   743   1739     53    708
   744   1739     53    708
   745   1739     53    708
   746   1739     53    708
   747   1739     53    708
   748   1739     53    708
   749   1739     53    708
   750   1739     53    708
   751   1739     53    708
   752   1739     53    708
   753   1739     53    708
   754   1739     53    708
   755   1739     53    708
   756   1739     53    708
   757   1739     53    708
   758   1739     53    708
   759   1739     53    708
   760   1739     53    708
   761   1739     53    708
   762   1739     53    708
   763   1739     53    708
   764   1739     53    708
   765   1739     53    708
   766   1739     53    708
   767   1739     53    708
   768   1739     53    708
   769   1739     53    708
   770   1739     53    708
   771   1739     53    708
   772   1739     53    708
   773   1739     53    708
   774   1739     53    708
   775   1739     53    708
   776   1739     53    708
   777   1739     53    708
   778   1739     53    708
   779   1739     53    708
   780   1739     53    708
   781   1739     53    708
   782   1739     53    708
   783   1739     53    708
   784   1739     53    708
   785   1739     53    708
   786   1739     53    708
   787   1739     53    708
   788   1739     53    708
   789   1739     53    708
   790   1739     53    708
   791   1739     53    708
   792   1739     53    708
   793   1739     53    708
   794   1739     53    708
   795   1739     53    708
   796   1739     53    708
   797   1739     53    708
   798   1739     53    708
   799   1739     53    708
   800   1739     53    708
   801   1739     53    708
   802   1739     53    708
   803   1739     53    708
   804   1739     53    708
   805   1739     53    708
   806   1739     53    708
   807   1739     53    708
   808   1739     53    708
   809   1739     53    708
   810   1739     53    708
   811   1739     53    708
   812   1739     53    708
   813   1739     53    708
   814   1739     53    708
   815   1739     53    708
   816   1739     53    708
   817   1739     53    708
   818   1739     53    708
   819   1739     53    708
   820   1739     53    708
   821   1739     53    708
   822   1739     53    708
   823   1739     53    708
   824   1739     53    708
   825   1739     53    708
   826   1739     53    708
   827   1739     53    708
   828   1739     53    708
   829   1739     53    708
   830   1739     53    708
   831   1739     53    708
   832   1739     53    708
   833   1739     53    708
   834   1739     53    708
   835   1739     53    708
   836   1739     53    708
   837   1739     53    708
   838   1739     53    708
   839   1739     53    708
   840   1739     53    708
   841   1739     53    708
   842   1739     53    708
   843   1739     53    708
   844   1739     53    708
   845   1739     53    708
   846   1739     53    708
   847   1739     53    708
   848   1739     53    708
   849   1739     53    708
   850   1739     53    708
   851   1739     53    708
   852   1739     53    708
   853   1739     53    708
   854   1739     53    708
   855   1739     53    708
   856   1739     53    708
   857   1739     53    708
   858   1739     53    708
   859   1739     53    708
   860   1739     53    708
   861   1739     53    708
   862   1739     53    708
   863   1739     53    708
   864   1739     53    708
   865   1739     53    708
   866   1739     53    708
   867   1739     53    708
   868   1739     53    708
   869   1739     53    708
   870   1739     53    708
   871   1739     53    708
   872   1739     53    708
   873   1739     53    708
   874   1739     53    708
   875   1739     53    708
   876   1739     53    708
   877   1739     53    708
   878   1739     53    708
   879   1739     53    708
   880   1739     53    708
   881   1739     53    708
   882   1739     53    708
   883   1739     53    708
   884   1739     53    708
   885   1739     53    708
   886   1739     53    708
   887   1739     53    708
   888   1739     53    708
   889   1739     53    708
   890   1739     53    708
   891   1739     53    708
   892   1739     53    708
   893   1739     53    708
   894   1739     53    708
   895   1739     53    708
   896   1739     53    708
   897   1739     53    708
   898   1739     53    708
   899   1739     53    708
   900   1739     53    708
   901   1739     53    708
   902   1739     53    708
   903   1739     53    708
   904   1739     53    708
   905   1739     53    708
   906   1739     53    708
   907   1739     53    708
   908   1739     53    708
   909   1739     53    708
   910   1739     53    708
   911   1739     53    708
   912   1739     53    708
   913   1739     53    708
   914   1739     53    708
   915   1739     53    708
   916   1739     53    708
   917   1739     53    708
   918   1739     53    708
   919   1739     53    708
   920   1739     53    708
   921   1739     53    708
   922   1739     53    708
   923   1739     53    708
   924   1739     53    708
   925   1739     53    708
   926   1739     53    708
   927   1739     53    708
   928   1739     53    708
   929   1739     53    708
   930   1739     53    708
   931   1739     53    708
   932   1739     53    708
   933   1739     53    708
   934   1739     53    708
   935   1739     53    708
   936   1739     53    708
   937   1739     53    708
   938   1739     53    708
   939   1739     53    708
   940   1739     53    708
   941   1739     53    708
   942   1739     53    708
   943   1739     53    708
   944   1739     53    708
   945   1739     53    708
   946   1739     53    708
   947   1739     53    708
   948   1739     53    708
   949   1739     53    708
   950   1739     53    708
   951   1739     53    708
   952   1739     53    708
   953   1739     53    708
   954   1739     53    708
   955   1739     53    708
   956   1739     53    708
   957   1739     53    708
   958   1739     53    708
   959   1739     53    708
   960   1739     53    708
   961   1739     53    708
   962   1739     53    708
   963   1739     53    708
   964   1739     53    708
   965   1739     53    708
   966   1739     53    708
   967   1739     53    708
   968   1739     53    708
   969   1739     53    708
   970   1739     53    708
   971   1739     53    708
   972   1739     53    708
   973   1739     53    708
   974   1739     53    708
   975   1739     53    708
   976   1739     53    708
   977   1739     53    708
   978   1739     53    708
   979   1739     53    708
   980   1739     53    708
   981   1739     53    708
   982   1739     53    708
   983   1739     53    708
   984   1739     53    708
   985   1739     53    708
   986   1739     53    708
   987   1739     53    708
   988   1739     53    708
   989   1739     53    708
   990   1739     53    708
   991   1739     53    708
   992   1739     53    708
   993   1739     53    708
   994   1739     53    708
   995   1739     53    708
   996   1739     53    708
   997   1739     53    708
   998   1739     53    708
   999   1739     53    708
  1000   1739     53    708
