# time (sweeps) | Susceptible | Infected | Recovered
     0    897    605    998
     1    899    608    993
     2    897    625    978
     3    901    673    926
     4    840    641   1019
     5    856    644   1000
     6    831    664   1005
     7    817    661   1022
     8    816    642   1042
     9    801    659   1040
    10    835    618   1047
    11    840    634   1026
    12    837    600   1063
    13    844    591   1065
    14    841    606   1053
    15    852    583   1065
    16    871    600   1029
    17    862    592   1046
    18    887    581   1032
    19    921    513   1066
    20    950    542   1008
    21    926    569   1005
    22    924    585    991
    23    915    579   1006
    24    931    572    997
    25    937    579    984
    26    939    583    978
    27    940    573    987
    28    949    605    946
    29    922    605    973
    30    906    635    959
    31    870    624   1006
    32    889    625    986
    33    894    608    998
    34    876    611   1013
    35    843    660    997
    36    816    662   1022
    37    821    666   1013
    38    792    656   1052
    39    788    618   1094
    40    817    617   1066
    41    857    591   1052
    42    910    566   1024
    43    940    551   1009
    44    947    575    978
    45    954    589    957
    46    891    651    958
    47    861    658    981
    48    825    661   1014
    49    841    657   1002
    50    797    672   1031
    51    763    686   1051
    52    761    693   1046
    53    796    658   1046
    54    779    674   1047
    55    761    676   1063
    56    751    635   1114
    57    818    609   1073
    58    839    617   1044
    59    850    625   1025
    60    874    597   1029
    61    903    593   1004
    62    880    611   1009
    63    861    625   1014
    64    859    634   1007
    65    839    632   1029
    66    859    615   1026
    67    849    613   1038
    68    850    611   1039
    69    830    580   1090
    70    838    599   1063
    71    879    543   1078
    72    916    550   1034
    73    930    583    987
    74    895    610    995
    75    842    665    993
    76    841    651   1008
    77    821    649   1030
    78    823    652   1025
    79    817    638   1045
    80    811    646   1043
    81    813    653   1034
    82    820    614   1066
    83    853    595   1052
    84    850    578   1072
    85    931    567   1002
    86    917    576   1007
    87    925    599    976
    88    912    615    973
    89    874    658    968
    90    817    677   1006
    91    793    673   1034
    92    803    672   1025
    93    794    629   1077
    94    803    606   1091
    95    847    566   1087
    96    847    576   1077
    97    852    568   1080
    98    857    557   1086
    99    883    564   1053
   100    902    584   1014
   101    915    571   1014
   102    936    555   1009
   103    936    560   1004
   104    884    613   1003
   105    899    627    974
   106    900    618    982
   107    864    649    987
   108    865    638    997
   109    876    622   1002
   110    822    643   1035
   111    866    623   1011
   112    876    631    993
   113    876    636    988
   114    869    613   1018
   115    882    619    999
   116    864    629   1007
   117    842    642   1016
   118    833    632   1035
   119    818    668   1014
   120    813    632   1055
   121    814    628   1058
   122    829    606   1065
   123    816    631   1053
   124    835    605   1060
   125    890    585   1025
   126    890    567   1043
   127    894    578   1028
   128    909    552   1039
   129    928    563   1009
   130    947    564    989
   131    965    583    952
   132    947    577    976
   133    934    587    979
   134    917    616    967
   135    865    615   1020
   136    856    622   1022
   137    856    605   1039
   138    836    623   1041
   139    851    611   1038
   140    860    595   1045
   141    901    590   1009
   142    875    590   1035
   143    874    593   1033
   144    918    582   1000
   145    891    621    988
   146    847    648   1005
   147    802    661   1037
   148    834    648   1018
   149    824    628   1048
   150    836    597   1067
   151    878    583   1039
   152    842    630   1028
   153    861    615   1024
   154    843    619   1038
   155    835    609   1056
   156    846    608   1046
   157    865    621   1014
   158    849    609   1042
   159    855    573   1072
   160    908    528   1064
   161    874    586   1040
   162    898    603    999
   163    829    601   1070
   164    851    597   1052
   165    872    603   1025
   166    857    626   1017
   167    913    597    990
   168    904    606    990
   169    855    651    994
   170    819    627   1054
   171    826    636   1038
   172    830    655   1015
   173    811    651   1038
   174    767    679   1054
   175    784    654   1062
   176    805    653   1042
   177    812    627   1061
   178    831    606   1063
   179    824    616   1060
   180    834    585   1081
   181    859    588   1053
   182    872    591   1037
   183    855    621   1024
   184    836    623   1041
   185    858    615   1027
   186    842    620   1038
   187    820    604   1076
   188    850    609   1041
   189    909    594    997
   190    890    614    996
   191    853    659    988
   192    828    700    972
   193    809    674   1017
   194    794    646   1060
   195    832    637   1031
   196    813    634   1053
   197    831    603   1066
   198    903    601    996
   199    898    611    991
   200    906    605    989
   201    856    629   1015
   202    884    621    995
   203    849    619   1032
   204    831    612   1057
   205    820    626   1054
   206    875    569   1056
   207    860    580   1060
   208    911    611    978
   209    904    620    976
   210    922    605    973
   211    927    576    997
   212    903    596   1001
   213    896    608    996
   214    870    637    993
   215    835    664   1001
   216    805    662   1033
   217    791    631   1078
   218    851    586   1063
   219    887    563   1050
   220    909    564   1027
   221    931    564   1005
   222    966    560    974
   223    948    578    974
   224    909    615    976
   225    912    603    985
   226    914    612    974
   227    877    654    969
   228    832    635   1033
   229    829    642   1029
   230    831    653   1016
   231    813    669   1018
   232    817    654   1029
   233    822    602   1076
   234    856    576   1068
   235    894    550   1056
   236    940    547   1013
   237    899    620    981
   238    889    600   1011
   239    875    609   1016
   240    907    592   1001
   241    878    617   1005
   242    877    631    992
   243    867    608   1025
   244    894    576   1030
   245    879    616   1005
   246    845    639   1016
   247    771    691   1038
   248    836    615   1049
   249    839    620   1041
   250    825    637   1038
   251    844    596   1060
   252    887    555   1058
   253    944    528   1028
   254    938    549   1013
   255    939    557   1004
   256    923    565   1012
   257    900    583   1017
   258    887    588   1025
   259    849    643   1008
   260    832    626   1042
   261    823    621   1056
   262    833    622   1045
   263    815    653   1032
   264    792    635   1073
   265    810    617   1073
   266    815    610   1075
   267    824    608   1068
   268    844    557   1099
   269    875    574   1051
   270    883    591   1026
   271    875    585   1040
   272    886    598   1016
   273    880    634    986
   274    852    658    990
   275    819    671   1010
   276    796    671   1033
   277    809    639   1052
   278    832    609   1059
   279    851    587   1062
   280    893    578   1029
   281    920    572   1008
   282    889    581   1030
   283    886    592   1022
   284    893    593   1014
   285    907    567   1026
   286    918    551   1031
   287    959    574    967
   288    881    625    994
   289    846    672    982
   290    811    699    990
   291    775    693   1032
   292    777    682   1041
   293    764    693   1043
   294    790    639   1071
   295    792    618   1090
   296    856    606   1038
   297    827    632   1041
   298    836    611   1053
   299    841    607   1052
   300    873    595   1032
   301    876    609   1015
   302    832    616   1052
   303    824    629   1047
   304    865    581   1054
   305    887    602   1011
   306    865    593   1042
   307    841    642   1017
   308    882    602   1016
   309    885    604   1011
   310    893    558   1049
   311    960    501   1039
   312    961    576    963
   313    932    628    940
   314    915    621    964
   315    864    639    997
   316    830    668   1002
   317    808    662   1030
   318    810    625   1065
   319    827    608   1065
   320    820    643   1037
   321    807    633   1060
   322    852    603   1045
   323    842    631   1027
   324    858    617   1025
   325    863    632   1005
   326    868    613   1019
   327    834    642   1024
   328    828    623   1049
   329    823    609   1068
   330    839    568   1093
   331    863    579   1058
   332    871    605   1024
   333    878    598   1024
   334    900    556   1044
   335    907    576   1017
   336    888    596   1016
   337    917    587    996
   338    929    583    988
   339    907    586   1007
   340    906    609    985
   341    870    644    986
   342    807    668   1025
   343    809    658   1033
   344    781    662   1057
   345    809    621   1070
   346    840    579   1081
   347    855    604   1041
   348    857    624   1019
   349    886    600   1014
   350    904    586   1010
   351    913    591    996
   352    885    590   1025
   353    894    600   1006
   354    906    601    993
   355    873    629    998
   356    855    610   1035
   357    847    622   1031
   358    828    620   1052
   359    837    607   1056
   360    838    615   1047
   361    879    584   1037
   362    855    606   1039
   363    902    581   1017
   364    909    607    984
   365    878    644    978
   366    865    677    958
   367    843    647   1010
   368    845    621   1034
   369    861    596   1043
   370    874    596   1030
   371    836    624   1040
   372    873    611   1016
   373    861    642    997
   374    855    618   1027
   375    837    621   1042
   376    859    646    995
   377    827    658   1015
   378    849    623   1028
   379    807    648   1045
   380    819    619   1062
   381    871    586   1043
   382    900    575   1025
   383    893    607   1000
   384    891    618    991
   385    921    590    989
   386    932    574    994
   387    922    607    971
   388    918    605    977
   389    876    599   1025
   390    864    613   1023
   391    825    622   1053
   392    886    584   1030
   393    892    579   1029
   394    928    574    998
   395    917    569   1014
   396    919    586    995
   397    939    574    987
   398    955    555    990
   399    960    563    977
   400    908    604    988
   401    940    577    983
   402    971    560    969
   403    997    571    932
   404    972    590    938
   405    885    634    981
   406    871    595   1034
   407    851    632   1017
   408    841    632   1027
   409    818    634   1048
   410    844    626   1030
   411    835    636   1029
   412    819    642   1039
   413    842    618   1040
   414    860    616   1024
   415    870    590   1040
   416    862    593   1045
   417    866    616   1018
   418    887    575   1038
   419    866    608   1026
   420    911    581   1008
   421    893    586   1021
   422    915    559   1026
   423    886    605   1009
   424    853    624   1023
   425    837    602   1061
   426    909    574   1017
   427    904    605    991
   428    904    573   1023
   429    895    588   1017
   430    886    586   1028
   431    886    592   1022
   432    885    606   1009
   433    869    592   1039
   434    869    588   1043
   435    850    646   1004
   436    817    656   1027
   437    820    584   1096
   438    864    550   1086
   439    889    564   1047
   440    892    595   1013
   441    902    584   1014
   442    909    595    996
   443    867    612   1021
   444    885    609   1006
   445    895    597   1008
   446    924    579    997
   447    922    565   1013
   448    940    573    987
   449   1014    536    950
   450   1015    561    924
   451    983    597    920
   452    909    608    983
   453    893    612    995
   454    878    605   1017
   455    844    597   1059
   456    860    634   1006
   457    849    660    991
   458    857    656    987
   459    820    615   1065
   460    852    574   1074
   461    877    564   1059
   462    880    613   1007
   463    853    618   1029
   464    876    573   1051
   465    931    588    981
   466    938    581    981
   467    941    613    946
   468    916    610    974
   469    867    647    986
   470    821    653   1026
   471    833    622   1045
   472    842    595   1063
   473    855    620   1025
   474    821    650   1029
   475    800    681   1019
   476    768    686   1046
   477    787    657   1056
   478    795    648   1057
   479    843    612   1045
   480    850    616   1034
   481    845    634   1021
   482    825    653   1022
   483    837    662   1001
   484    830    647   1023
   485    847    633   1020
   486    875    604   1021
   487    855    600   1045
   488    878    568   1054
   489    893    558   1049
   490    919    576   1005
   491    851    637   1012
   492    846    634   1020
   493    838    628   1034
   494    877    616   1007
   495    857    615   1028
   496    868    606   1026
   497    842    605   1053
   498    865    605   1030
   499    873    608   1019
   500    878    619   1003
   501    839    620   1041
   502    824    615   1061
   503    843    601   1056
   504    824    625   1051
   505    832    605   1063
   506    887    563   1050
   507    933    527   1040
   508    962    533   1005
   509    938    598    964
   510    948    587    965
   511    938    598    964
   512    903    610    987
   513    907    599    994
   514    850    606   1044
   515    854    604   1042
   516    894    569   1037
   517    919    575   1006
   518    952    556    992
   519    925    614    961
   520    905    615    980
   521    871    645    984
   522    835    634   1031
   523    818    645   1037
   524    837    640   1023
   525    824    671   1005
   526    825    644   1031
   527    805    632   1063
   528    822    594   1084
   529    853    602   1045
   530    831    623   1046
   531    835    616   1049
   532    834    638   1028
   533    820    640   1040
   534    850    642   1008
   535    812    653   1035
   536    814    655   1031
   537    830    599   1071
   538    864    603   1033
   539    853    634   1013
   540    869    620   1011
   541    839    612   1049
   542    848    614   1038
   543    868    602   1030
   544    892    562   1046
   545    977    542    981
   546    967    565    968
   547    928    579    993
   548    918    618    964
   549    926    618    956
   550    925    594    981
   551    940    588    972
   552    891    596   1013
   553    918    585    997
   554    915    560   1025
   555    951    530   1019
   556    996    544    960
   557    973    568    959
   558    958    574    968
   559    957    568    975
   560    956    613    931
   561    949    591    960
   562    943    604    953
   563    925    592    983
   564    927    586    987
   565    918    577   1005
   566    932    581    987
   567    929    562   1009
   568    951    566    983
   569    920    585    995
   570    912    611    977
   571    878    636    986
   572    841    659   1000
   573    843    656   1001
   574    842    660    998
   575    828    637   1035
   576    839    590   1071
   577    856    625   1019
   578    834    628   1038
   579    854    630   1016
   580    831    630   1039
   581    833    615   1052
   582    837    592   1071
   583    856    620   1024
   584    858    617   1025
   585    884    582   1034
   586    882    587   1031
   587    905    585   1010
   588    945    589    966
   589    916    602    982
   590    899    615    986
   591    873    622   1005
   592    863    628   1009
   593    883    597   1020
   594    856    602   1042
   595    848    637   1015
   596    807    626   1067
   597    876    580   1044
   598    882    612   1006
   599    883    588   1029
   600    875    614   1011
   601    888    616    996
   602    832    663   1005
   603    790    655   1055
   604    801    642   1057
   605    822    629   1049
   606    844    605   1051
   607    873    624   1003
   608    835    655   1010
   609    810    651   1039
   610    797    672   1031
   611    838    657   1005
   612    805    648   1047
   613    759    668   1073
   614    780    642   1078
   615    821    596   1083
   616    852    583   1065
   617    868    619   1013
   618    850    624   1026
   619    871    601   1028
   620    886    559   1055
   621    906    581   1013
   622    877    579   1044
   623    897    593   1010
   624    847    630   1023
   625    821    645   1034
   626    829    607   1064
   627    884    580   1036
   628    896    605    999
   629    890    637    973
   630    848    635   1017
   631    812    639   1049
   632    835    658   1007
   633    849    629   1022
   634    825    608   1067
   635    867    573   1060
   636    895    568   1037
   637    866    575   1059
   638    885    576   1039
   639    922    604    974
   640    923    597    980
   641    933    610    957
   642    921    601    978
   643    942    607    951
   644    850    638   1012
   645    801    633   1066
   646    798    623   1079
   647    853    646   1001
   648    839    661   1000
   649    836    644   1020
   650    832    605   1063
   651    845    571   1084
   652    878    573   1049
   653    912    570   1018
   654    919    606    975
   655    924    607    969
   656    883    626    991
   657    862    617   1021
   658    886    591   1023
   659    875    586   1039
   660    838    600   1062
   661    878    598   1024
   662    864    621   1015
   663    883    628    989
   664    881    627    992
   665    910    603    987
   666    911    616    973
   667    915    597    988
   668    933    590    977
   669    904    569   1027
   670    908    587   1005
   671    903    609    988
   672    860    605   1035
   673    835    655   1010
   674    817    647   1036
   675    807    646   1047
   676    784    661   1055
   677    831    632   1037
   678    861    586   1053
   679    863    626   1011
   680    866    618   1016
   681    907    633    960
   682    875    655    970
   683    857    665    978
   684    849    631   1020
   685    811    652   1037
   686    810    642   1048
   687    806    671   1023
   688    777    649   1074
   689    777    669   1054
   690    748    673   1079
   691    763    665   1072
   692    779    626   1095
   693    794    619   1087
   694    818    601   1081
   695    821    628   1051
   696    852    597   1051
   697    883    606   1011
   698    906    613    981
   699    884    612   1004
   700    869    660    971
   701    807    673   1020
   702    807    661   1032
   703    784    658   1058
   704    748    645   1107
   705    855    604   1041
   706    890    602   1008
   707    883    611   1006
   708    817    668   1015
   709    813    667   1020
   710    825    652   1023
   711    853    634   1013
   712    821    666   1013
   713    793    663   1044
   714    851    619   1030
   715    862    633   1005
   716    866    663    971
   717    854    631   1015
   718    840    643   1017
   719    877    602   1021
   720    879    600   1021
   721    887    580   1033
   722    906    596    998
   723    876    627    997
   724    843    635   1022
   725    832    619   1049
   726    852    598   1050
   727    840    629   1031
   728    871    602   1027
   729    878    587   1035
   730    873    583   1044
   731    866    590   1044
   732    857    624   1019
   733    880    617   1003
   734    876    575   1049
   735    919    592    989
   736    886    626    988
   737    859    628   1013
   738    833    640   1027
   739    848    618   1034
   740    843    615   1042
   741    859    608   1033
   742    841    599   1060
   743    855    593   1052
   744    905    586   1009
   745    893    619    988
   746    917    610    973
   747    894    662    944
   748    855    668    977
   749    850    639   1011
   750    831    638   1031
   751    859    594   1047
   752    895    567   1038
   753    937    589    974
   754    922    596    982
   755    890    588   1022
   756    890    590   1020
   757    875    597   1028
   758    906    595    999
   759    883    611   1006
   760    884    634    982
   761    875    655    970
   762    886    639    975
   763    853    643   1004
   764    808    659   1033
   765    795    676   1029
   766    814    649   1037
   767    785    677   1038
   768    812    664   1024
   769    831    615   1054
   770    829    592   1079
   771    866    604   1030
   772    915    555   1030
   773    939    548   1013
   774    941    580    979
   775    955    571    974
   776    924    591    985
   777    899    625    976
   778    855    645   1000
   779    822    667   1011
   780    852    633   1015
   781    799    649   1052
   782    790    643   1067
   783    850    609   1041
   784    865    638    997
   785    848    644   1008
   786    829    619   1052
   787    858    627   1015
   788    863    641    996
   789    857    618   1025
   790    867    586   1047
   791    879    568   1053
   792    891    570   1039
   793    942    579    979
   794    964    583    953
   795    938    619    943
   796    863    651    986
   797    829    667   1004
   798    821    645   1034
   799    784    643   1073
   800    781    611   1108
   801    823    579   1098
   802    842    603   1055
   803    825    588   1087
   804    854    593   1053
   805    922    552   1026
   806    930    524   1046
   807    923    550   1027
   808    915    570   1015
   809    930    553   1017
   810    919    565   1016
   811    922    570   1008
   812    923    590    987
   813    888    607   1005
   814    886    606   1008
   815    877    617   1006
   816    847    613   1040
   817    847    618   1035
   818    829    655   1016
   819    816    626   1058
   820    804    650   1046
   821    816    623   1061
   822    852    602   1046
   823    826    620   1054
   824    837    585   1078
   825    894    584   1022
   826    865    575   1060
   827    868    595   1037
   828    878    589   1033
   829    874    603   1023
   830    893    580   1027
   831    900    583   1017
   832    903    577   1020
   833    896    582   1022
   834    864    611   1025
   835    818    630   1052
   836    820    623   1057
   837    805    605   1090
   838    858    574   1068
   839    931    545   1024
   840    897    577   1026
   841    903    587   1010
   842    872    611   1017
   843    890    607   1003
   844    900    602    998
   845    862    632   1006
   846    826    656   1018
   847    814    614   1072
   848    825    633   1042
   849    811    626   1063
   850    815    610   1075
   851    868    601   1031
   852    898    574   1028
   853    888    601   1011
   854    898    619    983
   855    890    630    980
   856    887    628    985
   857    901    595   1004
   858    909    577   1014
   859    938    560   1002
   860    884    627    989
   861    850    619   1031
   862    845    612   1043
   863    879    585   1036
   864    903    606    991
   865    904    622    974
   866    920    597    983
   867    893    617    990
   868    918    629    953
   869    899    620    981
   870    891    628    981
   871    862    615   1023
   872    893    590   1017
   873    907    572   1021
   874    905    599    996
   875    891    607   1002
   876    892    607   1001
   877    905    568   1027
   878    927    579    994
   879    924    579    997
   880    916    614    970
   881    927    619    954
   882    863    658    979
   883    849    648   1003
   884    823    656   1021
   885    784    661   1055
   886    816    644   1040
   887    872    604   1024
   888    877    588   1035
   889    860    617   1023
   890    870    583   1047
   891    909    583   1008
   892    884    597   1019
   893    902    568   1030
   894    882    619    999
   895    866    642    992
   896    830    660   1010
   897    795    668   1037
   898    786    623   1091
   899    828    622   1050
   900    843    623   1034
   901    854    639   1007
   902    844    640   1016
   903    864    623   1013
   904    868    607   1025
   905    885    570   1045
   906    866    603   1031
   907    855    602   1043
   908    869    621   1010
   909    820    633   1047
   910    818    639   1043
   911    847    592   1061
   912    882    582   1036
   913    905    575   1020
   914    892    605   1003
   915    873    627   1000
   916    844    633   1023
   917    816    627   1057
   918    847    603   1050
   919    853    627   1020
   920    851    630   1019
   921    870    608   1022
   922    847    623   1030
   923    809    640   1051
   924    858    604   1038
   925    888    591   1021
   926    889    591   1020
   927    896    612    992
   928    895    583   1022
   929    904    586   1010
   930    894    599   1007
   931    880    634    986
   932    861    662    977
   933    800    673   1027
   934    795    696   1009
   935    780    686   1034
   936    817    635   1048
   937    795    633   1072
   938    842    609   1049
   939    880    596   1024
   940    878    622   1000
   941    881    614   1005
   942    832    640   1028
   943    840    623   1037
   944    854    634   1012
   945    823    629   1048
   946    862    616   1022
   947    836    656   1008
   948    839    625   1036
   949    876    604   1020
   950    875    633    992
   951    861    668    971
   952    799    691   1010
   953    810    662   1028
   954    757    697   1046
   955    749    675   1076
   956    756    687   1057
   957    751    689   1060
   958    775    664   1061
   959    820    656   1024
   960    811    616   1073
   961    885    563   1052
   962    878    588   1034
   963    871    628   1001
   964    877    644    979
   965    851    652    997
   966    855    641   1004
   967    817    691    992
   968    760    664   1076
   969    784    610   1106
   970    807    618   1075
   971    835    648   1017
   972    845    632   1023
   973    812    657   1031
   974    827    661   1012
   975    785    668   1047
   976    764    642   1094
   977    786    623   1091
   978    798    613   1089
   979    858    585   1057
   980    867    580   1053
   981    881    601   1018
   982    898    588   1014
   983    913    608    979
   984    883    616   1001
   985    858    615   1027
   986    833    620   1047
   987    847    630   1023
   988    869    628   1003
   989    854    624   1022
   990    867    592   1041
   991    855    608   1037
   992    904    564   1032
   993    888    599   1013
   994    868    607   1025
   995    818    634   1048
   996    838    620   1042
   997    788    637   1075
   998    850    593   1057
   999    866    577   1057
  1000    837    597   1066
