# time (sweeps) | Susceptible | Infected | Recovered
     0   1008    730    762
     1   1042    684    774
     2   1028    694    778
     3   1007    711    782
     4    981    702    817
     5   1028    706    766
     6   1037    718    745
     7   1026    730    744
     8    987    724    789
     9    996    733    771
    10    970    724    806
    11   1004    691    805
    12   1001    701    798
    13   1052    685    763
    14   1044    682    774
    15   1027    701    772
    16   1068    659    773
    17   1107    671    722
    18   1102    661    737
    19   1091    674    735
    20   1091    680    729
    21   1081    690    729
    22   1084    694    722
    23   1077    695    728
    24   1014    715    771
    25   1009    677    814
    26   1021    719    760
    27   1016    701    783
    28   1002    723    775
    29    982    724    794
    30    967    726    807
    31    964    708    828
    32   1018    692    790
    33   1006    701    793
    34   1003    693    804
    35   1033    669    798
    36   1072    645    783
    37   1086    628    786
    38   1102    634    764
    39   1100    651    749
    40   1098    650    752
    41   1086    673    741
    42   1066    692    742
    43   1107    686    707
    44   1063    726    711
    45   1032    739    729
    46   1033    688    779
    47   1064    663    773
    48   1095    673    732
    49   1058    725    717
    50   1033    731    736
    51   1028    719    753
    52    997    710    793
    53   1003    717    780
    54   1010    694    796
    55   1033    660    807
    56   1097    659    744
    57   1092    661    747
    58   1081    682    737
    59   1060    695    745
    60   1032    729    739
    61    920    775    805
    62    950    726    824
    63   1031    695    774
    64   1030    682    788
    65   1015    698    787
    66   1013    691    796
    67   1082    660    758
    68   1085    648    767
    69   1076    672    752
    70   1083    670    747
    71   1087    665    748
    72   1071    686    743
    73   1057    689    754
    74   1048    680    772
    75   1075    681    744
    76   1100    671    729
    77   1060    704    736
    78   1040    691    769
    79   1023    713    764
    80   1046    671    783
    81   1041    673    786
    82   1060    676    764
    83   1091    659    750
    84   1124    662    714
    85   1106    672    722
    86   1042    680    778
    87   1046    658    796
    88   1092    655    753
    89   1108    638    754
    90   1056    700    744
    91   1118    664    718
    92   1102    678    720
    93   1090    669    741
    94   1057    673    770
    95   1077    647    776
    96   1102    640    758
    97   1060    693    747
    98   1055    687    758
    99   1035    714    751
   100   1011    733    756
   101    992    746    762
   102    957    790    753
   103    941    766    793
   104    946    760    794
   105    942    752    806
   106    999    705    796
   107    999    697    804
   108   1011    692    797
   109   1062    661    777
   110   1070    683    747
   111   1045    695    760
   112   1043    680    777
   113   1086    653    761
   114   1080    661    759
   115   1061    667    772
   116   1073    639    788
   117   1061    661    778
   118   1059    633    808
   119   1106    643    751
   120   1079    661    760
   121   1054    680    766
   122   1030    703    767
   123   1025    699    776
   124    993    695    812
   125   1036    676    788
   126   1076    642    782
   127   1094    662    744
   128   1061    711    728
   129   1011    748    741
   130    989    747    764
   131    989    730    781
   132    975    743    782
   133    963    718    819
   134    979    713    808
   135   1002    704    794
   136   1037    686    777
   137   1064    675    761
   138   1062    675    763
   139   1046    710    744
   140   1088    677    735
   141   1077    687    736
   142   1071    707    722
   143   1011    715    774
   144   1049    697    754
   145   1077    685    738
   146   1100    689    711
   147   1063    694    743
   148   1021    718    761
   149    996    722    782
   150   1024    708    768
   151   1035    692    773
   152   1019    720    761
   153    975    732    793
   154    954    730    816
   155    999    692    809
   156    987    688    825
   157   1008    661    831
   158   1062    662    776
   159   1042    682    776
   160   1014    738    748
   161   1002    720    778
   162    979    754    767
   163   1012    717    771
   164   1029    704    767
   165   1020    692    788
   166   1022    710    768
   167   1029    721    750
   168   1010    751    739
   169    977    738    785
   170    983    727    790
   171    981    746    773
   172    992    763    745
   173   1011    732    757
   174   1016    699    785
   175   1058    665    777
   176   1055    702    743
   177   1025    694    781
   178   1053    720    727
   179   1008    712    780
   180    989    691    820
   181   1017    673    810
   182   1037    687    776
   183   1054    683    763
   184   1045    672    783
   185   1046    682    772
   186   1064    650    786
   187   1060    663    777
   188   1021    685    794
   189   1034    722    744
   190   1016    726    758
   191    973    747    780
   192    946    732    822
   193    979    702    819
   194   1002    701    797
   195   1019    695    786
   196   1026    666    808
   197   1030    653    817
   198   1020    662    818
   199   1039    657    804
   200   1084    625    791
   201   1074    642    784
   202   1064    680    756
   203   1029    717    754
   204   1021    698    781
   205   1015    690    795
   206   1032    714    754
   207   1007    726    767
   208   1013    688    799
   209   1021    703    776
   210   1013    687    800
   211   1010    694    796
   212   1022    696    782
   213   1005    710    785
   214   1008    700    792
   215   1011    663    826
   216   1059    631    810
   217   1049    672    779
   218   1086    656    758
   219   1041    705    754
   220   1040    681    779
   221   1080    653    767
   222   1047    657    796
   223   1074    661    765
   224   1074    681    745
   225   1061    697    742
   226   1061    727    712
   227   1022    736    742
   228   1009    727    764
   229   1011    702    787
   230   1011    703    786
   231   1018    718    764
   232   1008    696    796
   233   1035    685    780
   234   1093    666    741
   235   1075    684    741
   236   1032    712    756
   237   1052    656    792
   238   1050    669    781
   239   1036    693    771
   240   1067    688    745
   241   1062    703    735
   242   1085    670    745
   243   1059    680    761
   244   1063    678    759
   245   1019    739    742
   246    977    745    778
   247    991    730    779
   248   1016    703    781
   249   1033    702    765
   250   1041    708    751
   251    981    722    797
   252   1001    696    803
   253   1039    671    790
   254   1060    672    768
   255   1045    679    776
   256   1074    649    777
   257   1084    664    752
   258   1106    640    754
   259   1082    666    752
   260   1079    703    718
   261   1060    703    737
   262   1061    674    765
   263   1054    699    747
   264   1085    701    714
   265   1061    683    756
   266   1065    686    749
   267   1064    695    741
   268   1074    678    748
   269   1095    660    745
   270   1060    708    732
   271   1041    725    734
   272   1058    688    754
   273   1047    704    749
   274   1033    675    792
   275   1019    680    801
   276   1037    659    804
   277   1104    612    784
   278   1117    609    774
   279   1112    643    745
   280   1112    655    733
   281   1107    661    732
   282   1088    665    747
   283   1050    689    761
   284   1043    705    752
   285   1021    714    765
   286    972    720    808
   287    994    693    813
   288   1054    651    795
   289   1044    650    806
   290   1088    675    737
   291   1081    672    747
   292   1095    671    734
   293   1054    712    734
   294   1005    707    788
   295   1001    722    777
   296    994    740    766
   297    973    734    793
   298    983    718    799
   299   1007    704    789
   300   1027    713    760
   301   1027    727    746
   302   1011    712    777
   303    995    733    772
   304   1007    751    742
   305    966    784    750
   306    943    763    794
   307    961    690    849
   308   1006    648    846
   309   1042    650    808
   310   1063    648    789
   311   1030    706    764
   312   1032    719    749
   313   1031    705    764
   314   1023    703    774
   315   1032    693    775
   316   1035    703    762
   317   1049    674    777
   318   1060    701    739
   319   1000    726    774
   320    964    722    814
   321    982    700    818
   322   1035    655    810
   323   1041    648    811
   324   1080    645    775
   325   1085    677    738
   326   1080    663    757
   327   1067    673    760
   328   1087    625    788
   329   1100    652    748
   330   1108    629    763
   331   1087    653    760
   332   1119    671    710
   333   1078    699    723
   334   1077    704    719
   335   1074    708    718
   336   1062    681    757
   337   1039    690    771
   338   1050    690    760
   339   1093    669    738
   340   1072    682    746
   341   1105    668    727
   342   1062    711    727
   343   1015    755    730
   344   1005    731    764
   345   1011    718    771
   346    993    713    794
   347    985    730    785
   348   1024    713    763
   349   1014    731    755
   350    990    750    760
   351    987    747    766
   352    959    749    792
   353    991    696    813
   354   1017    700    783
   355   1010    702    788
   356   1026    673    801
   357   1034    713    753
   358   1023    725    752
   359   1018    706    776
   360   1030    722    748
   361   1064    696    740
   362   1001    715    784
   363   1030    700    770
   364   1025    694    781
   365   1034    723    743
   366   1059    690    751
   367   1049    696    755
   368   1061    664    775
   369   1067    685    748
   370   1069    663    768
   371   1024    702    774
   372    971    754    775
   373    967    679    854
   374   1014    683    803
   375   1011    679    810
   376   1052    647    801
   377   1061    642    797
   378   1102    676    722
   379   1081    708    711
   380   1071    647    782
   381   1084    675    741
   382   1049    695    756
   383   1088    644    768
   384   1072    682    746
   385   1058    687    755
   386   1033    708    759
   387   1019    709    772
   388   1029    682    789
   389   1024    677    799
   390   1025    684    791
   391   1031    687    782
   392   1005    726    769
   393    976    764    760
   394    982    741    777
   395    960    740    800
   396    955    765    780
   397   1021    686    793
   398   1039    678    783
   399   1041    686    773
   400   1067    653    780
   401   1091    632    777
   402   1097    646    757
   403   1063    690    747
   404   1041    715    744
   405   1007    740    753
   406    964    739    797
   407    963    745    792
   408    972    717    811
   409    970    718    812
   410    950    754    796
   411    944    745    811
   412    975    708    817
   413    982    719    799
   414   1008    709    783
   415   1009    737    754
   416   1019    717    764
   417   1014    711    775
   418    999    695    806
   419   1013    669    818
   420   1044    673    783
   421   1049    674    777
   422   1009    696    795
   423   1008    686    806
   424   1056    644    800
   425   1033    690    777
   426   1012    721    767
   427    967    742    791
   428    969    723    808
   429    978    702    820
   430    996    699    805
   431   1046    667    787
   432   1015    736    749
   433   1002    730    768
   434    975    728    797
   435    965    719    816
   436    998    695    807
   437   1026    687    787
   438   1016    679    805
   439   1030    686    784
   440   1038    700    762
   441   1020    704    776
   442   1008    706    786
   443   1007    717    776
   444   1050    664    786
   445   1095    655    750
   446   1059    688    753
   447   1035    724    741
   448   1008    702    790
   449   1008    704    788
   450   1026    700    774
   451   1039    680    781
   452   1049    673    778
   453   1050    661    789
   454   1033    707    760
   455    981    714    805
   456   1022    707    771
   457    995    734    771
   458    975    759    766
   459    937    758    805
   460    904    759    837
   461    944    753    803
   462    919    776    805
   463    914    805    781
   464    905    806    789
   465    910    763    827
   466    909    762    829
   467    918    741    841
   468    927    733    840
   469   1034    700    766
   470   1048    695    757
   471   1028    723    749
   472    988    720    792
   473   1005    727    768
   474    990    759    751
   475    954    776    770
   476    979    715    806
   477   1013    699    788
   478    992    716    792
   479    998    730    772
   480   1006    730    764
   481   1041    713    746
   482   1001    696    803
   483   1046    659    795
   484   1046    679    775
   485    990    762    748
   486    992    728    780
   487    997    712    791
   488   1027    676    797
   489   1046    667    787
   490   1070    647    783
   491   1084    671    745
   492   1101    684    715
   493   1090    681    729
   494   1087    647    766
   495   1080    672    748
   496   1125    632    743
   497   1148    642    710
   498   1157    616    727
   499   1102    655    743
   500   1091    648    761
   501   1087    674    739
   502   1058    698    744
   503   1038    695    767
   504   1045    677    778
   505   1041    712    747
   506   1042    713    745
   507   1045    726    729
   508   1027    701    772
   509   1020    693    787
   510    996    719    785
   511   1045    687    768
   512   1053    700    747
   513   1009    697    794
   514   1060    654    786
   515   1089    653    758
   516   1076    696    728
   517   1072    659    769
   518   1105    653    742
   519   1031    703    766
   520   1050    665    785
   521   1048    706    746
   522   1036    682    782
   523   1028    686    786
   524   1041    701    758
   525   1008    722    770
   526   1030    685    785
   527   1019    716    765
   528   1028    683    789
   529   1036    693    771
   530   1059    696    745
   531   1036    686    778
   532   1037    725    738
   533   1006    738    756
   534   1001    737    762
   535    977    736    787
   536    973    728    799
   537    975    727    798
   538   1055    684    761
   539   1033    712    755
   540   1020    724    756
   541   1026    700    774
   542    994    692    814
   543    970    718    812
   544    980    710    810
   545    956    734    810
   546    989    714    797
   547    983    705    812
   548   1004    696    800
   549   1040    654    806
   550   1048    712    740
   551   1051    686    763
   552   1037    711    752
   553   1031    707    762
   554   1001    715    784
   555   1054    673    773
   556   1072    662    766
   557   1099    656    745
   558   1111    669    720
   559   1078    680    742
   560   1033    692    775
   561   1020    720    760
   562   1010    717    773
   563    994    721    785
   564    981    740    779
   565    989    740    771
   566    978    745    777
   567    982    750    768
   568    955    772    773
   569    935    781    784
   570    941    732    827
   571   1007    677    816
   572   1048    647    805
   573   1060    653    787
   574   1055    675    770
   575   1054    680    766
   576   1031    735    734
   577   1004    715    781
   578    993    700    807
   579   1053    674    773
   580   1084    671    745
   581   1064    654    782
   582   1058    677    765
   583   1041    722    737
   584   1032    706    762
   585   1049    677    774
   586   1028    700    772
   587   1029    726    745
   588   1010    711    779
   589   1007    712    781
   590   1051    689    760
   591   1046    691    763
   592   1007    675    818
   593   1008    701    791
   594    995    733    772
   595    974    737    789
   596    956    722    822
   597    957    757    786
   598    928    794    778
   599    951    738    811
   600    989    679    832
   601    999    711    790
   602   1012    725    763
   603   1002    718    780
   604   1028    653    819
   605   1059    651    790
   606   1091    647    762
   607   1032    703    765
   608   1040    713    747
   609   1043    670    787
   610   1071    680    749
   611   1093    678    729
   612   1081    668    751
   613   1089    688    723
   614   1085    675    740
   615   1093    681    726
   616   1024    717    759
   617   1039    705    756
   618   1023    716    761
   619    994    751    755
   620   1042    733    725
   621   1034    741    725
   622   1008    754    738
   623   1026    733    741
   624   1005    734    761
   625    984    711    805
   626    989    699    812
   627   1040    680    780
   628   1021    705    774
   629   1021    693    786
   630   1049    678    773
   631   1086    646    768
   632   1068    689    743
   633   1072    675    753
   634   1039    694    767
   635   1057    700    743
   636   1068    700    732
   637   1046    677    777
   638   1052    687    761
   639   1045    707    748
   640   1035    702    763
   641   1048    716    736
   642   1027    725    748
   643    998    759    743
   644    985    746    769
   645    988    736    776
   646    979    736    785
   647    968    743    789
   648    956    707    837
   649    993    711    796
   650   1014    711    775
   651    953    757    790
   652    940    748    812
   653    985    740    775
   654    979    745    776
   655    958    755    787
   656    973    682    845
   657    973    695    832
   658   1009    685    806
   659   1039    679    782
   660   1006    702    792
   661    979    711    810
   662    988    715    797
   663    996    722    782
   664   1014    698    788
   665   1025    704    771
   666    991    708    801
   667   1003    698    799
   668    998    715    787
   669   1013    694    793
   670   1039    701    760
   671   1030    687    783
   672   1042    669    789
   673    996    700    804
   674   1012    699    789
   675   1017    719    764
   676   1052    699    749
   677   1003    711    786
   678   1026    678    796
   679   1049    687    764
   680   1029    705    766
   681   1004    710    786
   682   1028    694    778
   683   1056    697    747
   684   1061    671    768
   685    993    726    781
   686   1002    710    788
   687   1019    683    798
   688   1042    675    783
   689   1051    689    760
   690   1020    741    739
   691    970    771    759
   692    974    733    793
   693    985    718    797
   694    980    727    793
   695   1019    677    804
   696   1050    684    766
   697   1009    705    786
   698   1017    705    778
   699   1017    722    761
   700   1049    658    793
   701   1034    691    775
   702   1019    699    782
   703   1014    680    806
   704   1029    718    753
   705   1006    729    765
   706    981    761    758
   707    963    737    800
   708    980    734    786
   709    973    689    838
   710    999    691    810
   711   1049    664    787
   712   1063    684    753
   713   1052    691    757
   714   1072    672    756
   715   1059    646    795
   716   1065    661    774
   717   1056    656    788
   718   1065    717    718
   719   1049    703    748
   720   1047    661    792
   721   1035    671    794
   722   1024    702    774
   723   1046    666    788
   724   1004    706    790
   725   1030    711    759
   726   1042    714    744
   727   1023    711    766
   728   1052    671    777
   729   1049    659    792
   730   1065    655    780
   731   1105    686    709
   732   1040    729    731
   733   1038    719    743
   734    969    744    787
   735    975    717    808
   736   1023    701    776
   737   1039    688    773
   738   1011    694    795
   739   1025    732    743
   740    959    765    776
   741   1002    744    754
   742    981    722    797
   743    982    707    811
   744    964    727    809
   745    979    711    810
   746   1003    684    813
   747   1032    668    800
   748   1036    683    781
   749   1016    705    779
   750   1028    700    772
   751   1046    713    741
   752   1027    705    768
   753    991    716    793
   754   1008    704    788
   755    992    719    789
   756    984    726    790
   757   1014    688    798
   758   1035    685    780
   759   1045    666    789
   760   1012    691    797
   761    964    739    797
   762   1002    685    813
   763   1040    654    806
   764   1041    664    795
   765   1075    658    767
   766   1083    649    768
   767   1067    654    779
   768   1102    642    756
   769   1081    663    756
   770   1091    651    758
   771   1080    664    756
   772   1070    692    738
   773   1052    690    758
   774   1049    673    778
   775   1053    693    754
   776   1052    703    745
   777   1061    715    724
   778   1032    691    777
   779   1076    633    791
   780   1135    607    758
   781   1137    621    742
   782   1172    612    716
   783   1166    632    702
   784   1142    658    700
   785   1142    615    743
   786   1146    665    689
   787   1093    674    733
   788   1075    695    730
   789   1050    719    731
   790   1009    754    737
   791    998    743    759
   792   1003    732    765
   793    981    732    787
   794    975    745    780
   795    992    722    786
   796   1025    716    759
   797   1023    728    749
   798    977    762    761
   799    966    744    790
   800    980    750    770
   801    991    728    781
   802    931    739    830
   803    949    738    813
   804    968    716    816
   805    961    719    820
   806   1016    691    793
   807   1031    647    822
   808   1017    703    780
   809   1034    696    770
   810   1040    685    775
   811   1077    665    758
   812   1072    666    762
   813   1069    683    748
   814   1018    712    770
   815   1023    710    767
   816   1029    719    752
   817   1060    673    767
   818   1058    661    781
   819   1070    682    748
   820   1018    697    785
   821   1060    690    750
   822   1021    701    778
   823   1020    706    774
   824   1016    714    770
   825   1040    685    775
   826   1048    673    779
   827   1033    713    754
   828   1020    726    754
   829   1006    701    793
   830    978    698    824
   831    987    714    799
   832   1029    681    790
   833   1031    685    784
   834    998    708    794
   835   1047    682    771
   836   1021    681    798
   837   1066    667    767
   838   1031    700    769
   839   1028    716    756
   840   1012    703    785
   841   1034    675    791
   842   1052    685    763
   843    997    724    779
   844   1014    716    770
   845   1068    678    754
   846   1081    672    747
   847   1084    704    712
   848   1058    730    712
   849   1031    733    736
   850   1003    723    774
   851   1031    699    770
   852   1007    722    771
   853   1027    719    754
   854   1035    674    791
   855   1033    682    785
   856   1030    694    776
   857   1031    694    775
   858   1063    681    756
   859   1076    683    741
   860   1029    705    766
   861   1071    675    754
   862   1091    651    758
   863   1077    678    745
   864   1072    685    743
   865   1072    684    744
   866   1066    696    738
   867   1046    707    747
   868   1040    718    742
   869   1033    701    766
   870   1021    690    789
   871    991    721    788
   872    996    725    779
   873   1022    699    779
   874   1042    714    744
   875    996    738    766
   876   1019    717    764
   877   1042    698    760
   878   1029    684    787
   879   1104    683    713
   880   1076    686    738
   881   1048    675    777
   882   1028    706    766
   883   1039    689    772
   884   1024    685    791
   885   1025    691    784
   886   1002    720    778
   887   1053    684    763
   888   1041    718    741
   889   1036    690    774
   890   1017    704    779
   891   1057    680    763
   892   1062    651    787
   893   1087    684    729
   894   1030    693    777
   895   1070    668    762
   896   1033    649    818
   897   1091    629    780
   898   1098    646    756
   899   1111    670    719
   900   1071    679    750
   901   1041    691    768
   902   1052    659    789
   903   1113    665    722
   904   1155    649    696
   905   1118    673    709
   906   1065    707    728
   907   1004    765    731
   908   1004    744    752
   909    954    740    806
   910    941    752    807
   911    947    755    798
   912    939    734    827
   913    951    720    829
   914    973    708    819
   915   1010    653    837
   916   1040    637    823
   917   1102    645    753
   918   1075    701    724
   919   1119    641    740
   920   1127    652    721
   921   1076    716    708
   922   1016    741    743
   923   1010    713    777
   924   1007    716    777
   925   1029    704    767
   926   1024    685    791
   927   1060    691    749
   928   1072    699    729
   929   1060    707    733
   930   1066    685    749
   931   1060    700    740
   932   1032    726    742
   933    998    712    790
   934   1007    708    785
   935   1024    703    773
   936   1022    697    781
   937   1051    667    782
   938   1058    650    792
   939   1060    663    777
   940   1095    645    760
   941   1103    653    744
   942   1109    648    743
   943   1093    666    741
   944   1095    668    737
   945   1053    699    748
   946   1066    679    755
   947   1078    670    752
   948   1053    681    766
   949   1063    705    732
   950   1036    720    744
   951   1020    709    771
   952   1031    661    808
   953   1037    664    799
   954   1010    732    758
   955    979    733    788
   956    967    720    813
   957    978    706    816
   958   1042    688    770
   959   1046    652    802
   960   1042    660    798
   961   1056    677    767
   962   1047    697    756
   963   1059    668    773
   964   1068    636    796
   965   1065    669    766
   966   1084    684    732
   967   1043    725    732
   968   1031    719    750
   969    990    739    771
   970   1011    694    795
   971   1028    678    794
   972   1011    705    784
   973    994    723    783
   974   1055    683    762
   975   1057    667    776
   976   1023    702    775
   977   1011    721    768
   978   1004    694    802
   979   1008    712    780
   980   1046    676    778
   981   1013    677    810
   982   1032    682    786
   983   1001    716    783
   984    994    712    794
   985   1045    669    786
   986   1038    692    770
   987   1009    730    761
   988   1033    704    763
   989   1039    685    776
   990   1035    665    800
   991   1047    661    792
   992   1085    635    780
   993   1117    635    748
   994   1143    617    740
   995   1131    662    707
   996   1072    691    737
   997   1053    685    762
   998   1105    676    719
   999   1096    707    697
  1000   1078    723    699
