# time (sweeps) | Susceptible | Infected | Recovered
     0    151      0   2349
     1    151      0   2349
     2    151      0   2349
     3    151      0   2349
     4    151      0   2349
     5    151      0   2349
     6    151      0   2349
     7    151      0   2349
     8    151      0   2349
     9    151      0   2349
    10    151      0   2349
    11    151      0   2349
    12    151      0   2349
    13    151      0   2349
    14    151      0   2349
    15    151      0   2349
    16    151      0   2349
    17    151      0   2349
    18    151      0   2349
    19    151      0   2349
    20    151      0   2349
    21    151      0   2349
    22    151      0   2349
    23    151      0   2349
    24    151      0   2349
    25    151      0   2349
    26    151      0   2349
    27    151      0   2349
    28    151      0   2349
    29    151      0   2349
    30    151      0   2349
    31    151      0   2349
    32    151      0   2349
    33    151      0   2349
    34    151      0   2349
    35    151      0   2349
    36    151      0   2349
    37    151      0   2349
    38    151      0   2349
    39    151      0   2349
    40    151      0   2349
    41    151      0   2349
    42    151      0   2349
    43    151      0   2349
    44    151      0   2349
    45    151      0   2349
    46    151      0   2349
    47    151      0   2349
    48    151      0   2349
    49    151      0   2349
    50    151      0   2349
    51    151      0   2349
    52    151      0   2349
    53    151      0   2349
    54    151      0   2349
    55    151      0   2349
    56    151      0   2349
    57    151      0   2349
    58    151      0   2349
    59    151      0   2349
    60    151      0   2349
    61    151      0   2349
    62    151      0   2349
    63    151      0   2349
    64    151      0   2349
    65    151      0   2349
    66    151      0   2349
    67    151      0   2349
    68    151      0   2349
    69    151      0   2349
    70    151      0   2349
    71    151      0   2349
    72    151      0   2349
    73    151      0   2349
    74    151      0   2349
    75    151      0   2349
    76    151      0   2349
    77    151      0   2349
    78    151      0   2349
    79    151      0   2349
    80    151      0   2349
    81    151      0   2349
    82    151      0   2349
    83    151      0   2349
    84    151      0   2349
    85    151      0   2349
    86    151      0   2349
    87    151      0   2349
    88    151      0   2349
    89    151      0   2349
    90    151      0   2349
    91    151      0   2349
    92    151      0   2349
    93    151      0   2349
    94    151      0   2349
    95    151      0   2349
    96    151      0   2349
    97    151      0   2349
    98    151      0   2349
    99    151      0   2349
   100    151      0   2349
   101    151      0   2349
   102    151      0   2349
   103    151      0   2349
   104    151      0   2349
   105    151      0   2349
   106    151      0   2349
   107    151      0   2349
   108    151      0   2349
   109    151      0   2349
   110    151      0   2349
   111    151      0   2349
   112    151      0   2349
   113    151      0   2349
   114    151      0   2349
   115    151      0   2349
   116    151      0   2349
   117    151      0   2349
   118    151      0   2349
   119    151      0   2349
   120    151      0   2349
   121    151      0   2349
   122    151      0   2349
   123    151      0   2349
   124    151      0   2349
   125    151      0   2349
   126    151      0   2349
   127    151      0   2349
   128    151      0   2349
   129    151      0   2349
   130    151      0   2349
   131    151      0   2349
   132    151      0   2349
   133    151      0   2349
   134    151      0   2349
   135    151      0   2349
   136    151      0   2349
   137    151      0   2349
   138    151      0   2349
   139    151      0   2349
   140    151      0   2349
   141    151      0   2349
   142    151      0   2349
   143    151      0   2349
   144    151      0   2349
   145    151      0   2349
   146    151      0   2349
   147    151      0   2349
   148    151      0   2349
   149    151      0   2349
   150    151      0   2349
   151    151      0   2349
   152    151      0   2349
   153    151      0   2349
   154    151      0   2349
   155    151      0   2349
   156    151      0   2349
   157    151      0   2349
   158    151      0   2349
   159    151      0   2349
   160    151      0   2349
   161    151      0   2349
   162    151      0   2349
   163    151      0   2349
   164    151      0   2349
   165    151      0   2349
   166    151      0   2349
   167    151      0   2349
   168    151      0   2349
   169    151      0   2349
   170    151      0   2349
   171    151      0   2349
   172    151      0   2349
   173    151      0   2349
   174    151      0   2349
   175    151      0   2349
   176    151      0   2349
   177    151      0   2349
   178    151      0   2349
   179    151      0   2349
   180    151      0   2349
   181    151      0   2349
   182    151      0   2349
   183    151      0   2349
   184    151      0   2349
   185    151      0   2349
   186    151      0   2349
   187    151      0   2349
   188    151      0   2349
   189    151      0   2349
   190    151      0   2349
   191    151      0   2349
   192    151      0   2349
   193    151      0   2349
   194    151      0   2349
   195    151      0   2349
   196    151      0   2349
   197    151      0   2349
   198    151      0   2349
   199    151      0   2349
   200    151      0   2349
   201    151      0   2349
   202    151      0   2349
   203    151      0   2349
   204    151      0   2349
   205    151      0   2349
   206    151      0   2349
   207    151      0   2349
   208    151      0   2349
   209    151      0   2349
   210    151      0   2349
   211    151      0   2349
   212    151      0   2349
   213    151      0   2349
   214    151      0   2349
   215    151      0   2349
   216    151      0   2349
   217    151      0   2349
   218    151      0   2349
   219    151      0   2349
   220    151      0   2349
   221    151      0   2349
   222    151      0   2349
   223    151      0   2349
   224    151      0   2349
   225    151      0   2349
   226    151      0   2349
   227    151      0   2349
   228    151      0   2349
   229    151      0   2349
   230    151      0   2349
   231    151      0   2349
   232    151      0   2349
   233    151      0   2349
   234    151      0   2349
   235    151      0   2349
   236    151      0   2349
   237    151      0   2349
   238    151      0   2349
   239    151      0   2349
   240    151      0   2349
   241    151      0   2349
   242    151      0   2349
   243    151      0   2349
   244    151      0   2349
   245    151      0   2349
   246    151      0   2349
   247    151      0   2349
   248    151      0   2349
   249    151      0   2349
   250    151      0   2349
   251    151      0   2349
   252    151      0   2349
   253    151      0   2349
   254    151      0   2349
   255    151      0   2349
   256    151      0   2349
   257    151      0   2349
   258    151      0   2349
   259    151      0   2349
   260    151      0   2349
   261    151      0   2349
   262    151      0   2349
   263    151      0   2349
   264    151      0   2349
   265    151      0   2349
   266    151      0   2349
   267    151      0   2349
   268    151      0   2349
   269    151      0   2349
   270    151      0   2349
   271    151      0   2349
   272    151      0   2349
   273    151      0   2349
   274    151      0   2349
   275    151      0   2349
   276    151      0   2349
   277    151      0   2349
   278    151      0   2349
   279    151      0   2349
   280    151      0   2349
   281    151      0   2349
   282    151      0   2349
   283    151      0   2349
   284    151      0   2349
   285    151      0   2349
   286    151      0   2349
   287    151      0   2349
   288    151      0   2349
   289    151      0   2349
   290    151      0   2349
   291    151      0   2349
   292    151      0   2349
   293    151      0   2349
   294    151      0   2349
   295    151      0   2349
   296    151      0   2349
   297    151      0   2349
   298    151      0   2349
   299    151      0   2349
   300    151      0   2349
   301    151      0   2349
   302    151      0   2349
   303    151      0   2349
   304    151      0   2349
   305    151      0   2349
   306    151      0   2349
   307    151      0   2349
   308    151      0   2349
   309    151      0   2349
   310    151      0   2349
   311    151      0   2349
   312    151      0   2349
   313    151      0   2349
   314    151      0   2349
   315    151      0   2349
   316    151      0   2349
   317    151      0   2349
   318    151      0   2349
   319    151      0   2349
   320    151      0   2349
   321    151      0   2349
   322    151      0   2349
   323    151      0   2349
   324    151      0   2349
   325    151      0   2349
   326    151      0   2349
   327    151      0   2349
   328    151      0   2349
   329    151      0   2349
   330    151      0   2349
   331    151      0   2349
   332    151      0   2349
   333    151      0   2349
   334    151      0   2349
   335    151      0   2349
   336    151      0   2349
   337    151      0   2349
   338    151      0   2349
   339    151      0   2349
   340    151      0   2349
   341    151      0   2349
   342    151      0   2349
   343    151      0   2349
   344    151      0   2349
   345    151      0   2349
   346    151      0   2349
   347    151      0   2349
   348    151      0   2349
   349    151      0   2349
   350    151      0   2349
   351    151      0   2349
   352    151      0   2349
   353    151      0   2349
   354    151      0   2349
   355    151      0   2349
   356    151      0   2349
   357    151      0   2349
   358    151      0   2349
   359    151      0   2349
   360    151      0   2349
   361    151      0   2349
   362    151      0   2349
   363    151      0   2349
   364    151      0   2349
   365    151      0   2349
   366    151      0   2349
   367    151      0   2349
   368    151      0   2349
   369    151      0   2349
   370    151      0   2349
   371    151      0   2349
   372    151      0   2349
   373    151      0   2349
   374    151      0   2349
   375    151      0   2349
   376    151      0   2349
   377    151      0   2349
   378    151      0   2349
   379    151      0   2349
   380    151      0   2349
   381    151      0   2349
   382    151      0   2349
   383    151      0   2349
   384    151      0   2349
   385    151      0   2349
   386    151      0   2349
   387    151      0   2349
   388    151      0   2349
   389    151      0   2349
   390    151      0   2349
   391    151      0   2349
   392    151      0   2349
   393    151      0   2349
   394    151      0   2349
   395    151      0   2349
   396    151      0   2349
   397    151      0   2349
   398    151      0   2349
   399    151      0   2349
   400    151      0   2349
   401    151      0   2349
   402    151      0   2349
   403    151      0   2349
   404    151      0   2349
   405    151      0   2349
   406    151      0   2349
   407    151      0   2349
   408    151      0   2349
   409    151      0   2349
   410    151      0   2349
   411    151      0   2349
   412    151      0   2349
   413    151      0   2349
   414    151      0   2349
   415    151      0   2349
   416    151      0   2349
   417    151      0   2349
   418    151      0   2349
   419    151      0   2349
   420    151      0   2349
   421    151      0   2349
   422    151      0   2349
   423    151      0   2349
   424    151      0   2349
   425    151      0   2349
   426    151      0   2349
   427    151      0   2349
   428    151      0   2349
   429    151      0   2349
   430    151      0   2349
   431    151      0   2349
   432    151      0   2349
   433    151      0   2349
   434    151      0   2349
   435    151      0   2349
   436    151      0   2349
   437    151      0   2349
   438    151      0   2349
   439    151      0   2349
   440    151      0   2349
   441    151      0   2349
   442    151      0   2349
   443    151      0   2349
   444    151      0   2349
   445    151      0   2349
   446    151      0   2349
   447    151      0   2349
   448    151      0   2349
   449    151      0   2349
   450    151      0   2349
   451    151      0   2349
   452    151      0   2349
   453    151      0   2349
   454    151      0   2349
   455    151      0   2349
   456    151      0   2349
   457    151      0   2349
   458    151      0   2349
   459    151      0   2349
   460    151      0   2349
   461    151      0   2349
   462    151      0   2349
   463    151      0   2349
   464    151      0   2349
   465    151      0   2349
   466    151      0   2349
   467    151      0   2349
   468    151      0   2349
   469    151      0   2349
   470    151      0   2349
   471    151      0   2349
   472    151      0   2349
   473    151      0   2349
   474    151      0   2349
   475    151      0   2349
   476    151      0   2349
   477    151      0   2349
   478    151      0   2349
   479    151      0   2349
   480    151      0   2349
   481    151      0   2349
   482    151      0   2349
   483    151      0   2349
   484    151      0   2349
   485    151      0   2349
   486    151      0   2349
   487    151      0   2349
   488    151      0   2349
   489    151      0   2349
   490    151      0   2349
   491    151      0   2349
   492    151      0   2349
   493    151      0   2349
   494    151      0   2349
   495    151      0   2349
   496    151      0   2349
   497    151      0   2349
   498    151      0   2349
   499    151      0   2349
   500    151      0   2349
   501    151      0   2349
   502    151      0   2349
   503    151      0   2349
   504    151      0   2349
   505    151      0   2349
   506    151      0   2349
   507    151      0   2349
   508    151      0   2349
   509    151      0   2349
   510    151      0   2349
   511    151      0   2349
   512    151      0   2349
   513    151      0   2349
   514    151      0   2349
   515    151      0   2349
   516    151      0   2349
   517    151      0   2349
   518    151      0   2349
   519    151      0   2349
   520    151      0   2349
   521    151      0   2349
   522    151      0   2349
   523    151      0   2349
   524    151      0   2349
   525    151      0   2349
   526    151      0   2349
   527    151      0   2349
   528    151      0   2349
   529    151      0   2349
   530    151      0   2349
   531    151      0   2349
   532    151      0   2349
   533    151      0   2349
   534    151      0   2349
   535    151      0   2349
   536    151      0   2349
   537    151      0   2349
   538    151      0   2349
   539    151      0   2349
   540    151      0   2349
   541    151      0   2349
   542    151      0   2349
   543    151      0   2349
   544    151      0   2349
   545    151      0   2349
   546    151      0   2349
   547    151      0   2349
   548    151      0   2349
   549    151      0   2349
   550    151      0   2349
   551    151      0   2349
   552    151      0   2349
   553    151      0   2349
   554    151      0   2349
   555    151      0   2349
   556    151      0   2349
   557    151      0   2349
   558    151      0   2349
   559    151      0   2349
   560    151      0   2349
   561    151      0   2349
   562    151      0   2349
   563    151      0   2349
   564    151      0   2349
   565    151      0   2349
   566    151      0   2349
   567    151      0   2349
   568    151      0   2349
   569    151      0   2349
   570    151      0   2349
   571    151      0   2349
   572    151      0   2349
   573    151      0   2349
   574    151      0   2349
   575    151      0   2349
   576    151      0   2349
   577    151      0   2349
   578    151      0   2349
   579    151      0   2349
   580    151      0   2349
   581    151      0   2349
   582    151      0   2349
   583    151      0   2349
   584    151      0   2349
   585    151      0   2349
   586    151      0   2349
   587    151      0   2349
   588    151      0   2349
   589    151      0   2349
   590    151      0   2349
   591    151      0   2349
   592    151      0   2349
   593    151      0   2349
   594    151      0   2349
   595    151      0   2349
   596    151      0   2349
   597    151      0   2349
   598    151      0   2349
   599    151      0   2349
   600    151      0   2349
   601    151      0   2349
   602    151      0   2349
   603    151      0   2349
   604    151      0   2349
   605    151      0   2349
   606    151      0   2349
   607    151      0   2349
   608    151      0   2349
   609    151      0   2349
   610    151      0   2349
   611    151      0   2349
   612    151      0   2349
   613    151      0   2349
   614    151      0   2349
   615    151      0   2349
   616    151      0   2349
   617    151      0   2349
   618    151      0   2349
   619    151      0   2349
   620    151      0   2349
   621    151      0   2349
   622    151      0   2349
   623    151      0   2349
   624    151      0   2349
   625    151      0   2349
   626    151      0   2349
   627    151      0   2349
   628    151      0   2349
   629    151      0   2349
   630    151      0   2349
   631    151      0   2349
   632    151      0   2349
   633    151      0   2349
   634    151      0   2349
   635    151      0   2349
   636    151      0   2349
   637    151      0   2349
   638    151      0   2349
   639    151      0   2349
   640    151      0   2349
   641    151      0   2349
   642    151      0   2349
   643    151      0   2349
   644    151      0   2349
   645    151      0   2349
   646    151      0   2349
   647    151      0   2349
   648    151      0   2349
   649    151      0   2349
   650    151      0   2349
   651    151      0   2349
   652    151      0   2349
   653    151      0   2349
   654    151      0   2349
   655    151      0   2349
   656    151      0   2349
   657    151      0   2349
   658    151      0   2349
   659    151      0   2349
   660    151      0   2349
   661    151      0   2349
   662    151      0   2349
   663    151      0   2349
   664    151      0   2349
   665    151      0   2349
   666    151      0   2349
   667    151      0   2349
   668    151      0   2349
   669    151      0   2349
   670    151      0   2349
   671    151      0   2349
   672    151      0   2349
   673    151      0   2349
   674    151      0   2349
   675    151      0   2349
   676    151      0   2349
   677    151      0   2349
   678    151      0   2349
   679    151      0   2349
   680    151      0   2349
   681    151      0   2349
   682    151      0   2349
   683    151      0   2349
   684    151      0   2349
   685    151      0   2349
   686    151      0   2349
   687    151      0   2349
   688    151      0   2349
   689    151      0   2349
   690    151      0   2349
   691    151      0   2349
   692    151      0   2349
   693    151      0   2349
   694    151      0   2349
   695    151      0   2349
   696    151      0   2349
   697    151      0   2349
   698    151      0   2349
   699    151      0   2349
   700    151      0   2349
   701    151      0   2349
   702    151      0   2349
   703    151      0   2349
   704    151      0   2349
   705    151      0   2349
   706    151      0   2349
   707    151      0   2349
   708    151      0   2349
   709    151      0   2349
   710    151      0   2349
   711    151      0   2349
   712    151      0   2349
   713    151      0   2349
   714    151      0   2349
   715    151      0   2349
   716    151      0   2349
   717    151      0   2349
   718    151      0   2349
   719    151      0   2349
   720    151      0   2349
   721    151      0   2349
   722    151      0   2349
   723    151      0   2349
   724    151      0   2349
   725    151      0   2349
   726    151      0   2349
   727    151      0   2349
   728    151      0   2349
   729    151      0   2349
   730    151      0   2349
   731    151      0   2349
   732    151      0   2349
   733    151      0   2349
   734    151      0   2349
   735    151      0   2349
   736    151      0   2349
   737    151      0   2349
   738    151      0   2349
   739    151      0   2349
   740    151      0   2349
   741    151      0   2349
   742    151      0   2349
   743    151      0   2349
   744    151      0   2349
   745    151      0   2349
   746    151      0   2349
   747    151      0   2349
   748    151      0   2349
   749    151      0   2349
   750    151      0   2349
   751    151      0   2349
   752    151      0   2349
   753    151      0   2349
   754    151      0   2349
   755    151      0   2349
   756    151      0   2349
   757    151      0   2349
   758    151      0   2349
   759    151      0   2349
   760    151      0   2349
   761    151      0   2349
   762    151      0   2349
   763    151      0   2349
   764    151      0   2349
   765    151      0   2349
   766    151      0   2349
   767    151      0   2349
   768    151      0   2349
   769    151      0   2349
   770    151      0   2349
   771    151      0   2349
   772    151      0   2349
   773    151      0   2349
   774    151      0   2349
   775    151      0   2349
   776    151      0   2349
   777    151      0   2349
   778    151      0   2349
   779    151      0   2349
   780    151      0   2349
   781    151      0   2349
   782    151      0   2349
   783    151      0   2349
   784    151      0   2349
   785    151      0   2349
   786    151      0   2349
   787    151      0   2349
   788    151      0   2349
   789    151      0   2349
   790    151      0   2349
   791    151      0   2349
   792    151      0   2349
   793    151      0   2349
   794    151      0   2349
   795    151      0   2349
   796    151      0   2349
   797    151      0   2349
   798    151      0   2349
   799    151      0   2349
   800    151      0   2349
   801    151      0   2349
   802    151      0   2349
   803    151      0   2349
   804    151      0   2349
   805    151      0   2349
   806    151      0   2349
   807    151      0   2349
   808    151      0   2349
   809    151      0   2349
   810    151      0   2349
   811    151      0   2349
   812    151      0   2349
   813    151      0   2349
   814    151      0   2349
   815    151      0   2349
   816    151      0   2349
   817    151      0   2349
   818    151      0   2349
   819    151      0   2349
   820    151      0   2349
   821    151      0   2349
   822    151      0   2349
   823    151      0   2349
   824    151      0   2349
   825    151      0   2349
   826    151      0   2349
   827    151      0   2349
   828    151      0   2349
   829    151      0   2349
   830    151      0   2349
   831    151      0   2349
   832    151      0   2349
   833    151      0   2349
   834    151      0   2349
   835    151      0   2349
   836    151      0   2349
   837    151      0   2349
   838    151      0   2349
   839    151      0   2349
   840    151      0   2349
   841    151      0   2349
   842    151      0   2349
   843    151      0   2349
   844    151      0   2349
   845    151      0   2349
   846    151      0   2349
   847    151      0   2349
   848    151      0   2349
   849    151      0   2349
   850    151      0   2349
   851    151      0   2349
   852    151      0   2349
   853    151      0   2349
   854    151      0   2349
   855    151      0   2349
   856    151      0   2349
   857    151      0   2349
   858    151      0   2349
   859    151      0   2349
   860    151      0   2349
   861    151      0   2349
   862    151      0   2349
   863    151      0   2349
   864    151      0   2349
   865    151      0   2349
   866    151      0   2349
   867    151      0   2349
   868    151      0   2349
   869    151      0   2349
   870    151      0   2349
   871    151      0   2349
   872    151      0   2349
   873    151      0   2349
   874    151      0   2349
   875    151      0   2349
   876    151      0   2349
   877    151      0   2349
   878    151      0   2349
   879    151      0   2349
   880    151      0   2349
   881    151      0   2349
   882    151      0   2349
   883    151      0   2349
   884    151      0   2349
   885    151      0   2349
   886    151      0   2349
   887    151      0   2349
   888    151      0   2349
   889    151      0   2349
   890    151      0   2349
   891    151      0   2349
   892    151      0   2349
   893    151      0   2349
   894    151      0   2349
   895    151      0   2349
   896    151      0   2349
   897    151      0   2349
   898    151      0   2349
   899    151      0   2349
   900    151      0   2349
   901    151      0   2349
   902    151      0   2349
   903    151      0   2349
   904    151      0   2349
   905    151      0   2349
   906    151      0   2349
   907    151      0   2349
   908    151      0   2349
   909    151      0   2349
   910    151      0   2349
   911    151      0   2349
   912    151      0   2349
   913    151      0   2349
   914    151      0   2349
   915    151      0   2349
   916    151      0   2349
   917    151      0   2349
   918    151      0   2349
   919    151      0   2349
   920    151      0   2349
   921    151      0   2349
   922    151      0   2349
   923    151      0   2349
   924    151      0   2349
   925    151      0   2349
   926    151      0   2349
   927    151      0   2349
   928    151      0   2349
   929    151      0   2349
   930    151      0   2349
   931    151      0   2349
   932    151      0   2349
   933    151      0   2349
   934    151      0   2349
   935    151      0   2349
   936    151      0   2349
   937    151      0   2349
   938    151      0   2349
   939    151      0   2349
   940    151      0   2349
   941    151      0   2349
   942    151      0   2349
   943    151      0   2349
   944    151      0   2349
   945    151      0   2349
   946    151      0   2349
   947    151      0   2349
   948    151      0   2349
   949    151      0   2349
   950    151      0   2349
   951    151      0   2349
   952    151      0   2349
   953    151      0   2349
   954    151      0   2349
   955    151      0   2349
   956    151      0   2349
   957    151      0   2349
   958    151      0   2349
   959    151      0   2349
   960    151      0   2349
   961    151      0   2349
   962    151      0   2349
   963    151      0   2349
   964    151      0   2349
   965    151      0   2349
   966    151      0   2349
   967    151      0   2349
   968    151      0   2349
   969    151      0   2349
   970    151      0   2349
   971    151      0   2349
   972    151      0   2349
   973    151      0   2349
   974    151      0   2349
   975    151      0   2349
   976    151      0   2349
   977    151      0   2349
   978    151      0   2349
   979    151      0   2349
   980    151      0   2349
   981    151      0   2349
   982    151      0   2349
   983    151      0   2349
   984    151      0   2349
   985    151      0   2349
   986    151      0   2349
   987    151      0   2349
   988    151      0   2349
   989    151      0   2349
   990    151      0   2349
   991    151      0   2349
   992    151      0   2349
   993    151      0   2349
   994    151      0   2349
   995    151      0   2349
   996    151      0   2349
   997    151      0   2349
   998    151      0   2349
   999    151      0   2349
  1000    151      0   2349
