# time (sweeps) | Susceptible | Infected | Recovered
     0    815   1099    586
     1    760   1128    612
     2    788   1063    649
     3    807   1076    617
     4    780   1058    662
     5    810   1044    646
     6    794   1093    613
     7    809   1083    608
     8    763   1084    653
     9    766   1049    685
    10    800   1019    681
    11    790   1057    653
    12    780   1085    635
    13    792   1047    661
    14    779   1078    643
    15    760   1071    669
    16    807   1018    675
    17    807   1028    665
    18    807   1052    641
    19    807   1040    653
    20    812   1070    618
    21    807   1053    640
    22    791   1072    637
    23    797   1042    661
    24    800   1020    680
    25    815   1034    651
    26    816   1050    634
    27    776   1038    686
    28    753   1088    659
    29    774   1066    660
    30    784   1051    665
    31    806   1027    667
    32    862   1007    631
    33    807   1075    618
    34    790   1021    689
    35    822   1079    599
    36    772   1099    629
    37    751   1108    641
    38    739   1077    684
    39    794   1033    673
    40    851   1022    627
    41    809   1054    637
    42    736   1098    666
    43    753   1086    661
    44    758   1098    644
    45    773   1049    678
    46    826    988    686
    47    855    978    667
    48    839   1051    610
    49    773   1107    620
    50    812   1086    602
    51    746   1111    643
    52    747   1085    668
    53    799   1050    651
    54    790   1052    658
    55    762   1083    655
    56    769   1080    651
    57    758   1070    672
    58    807   1029    664
    59    784   1052    664
    60    798   1048    654
    61    813   1007    680
    62    819   1039    642
    63    786   1107    607
    64    788   1050    662
    65    776   1074    650
    66    768   1086    646
    67    803   1059    638
    68    771   1100    629
    69    756   1084    660
    70    776   1027    697
    71    805   1073    622
    72    773   1093    634
    73    781   1064    655
    74    797   1031    672
    75    800   1044    656
    76    804   1062    634
    77    760   1054    686
    78    765   1037    698
    79    804   1024    672
    80    792   1078    630
    81    819   1052    629
    82    813   1095    592
    83    780   1090    630
    84    802   1073    625
    85    782   1093    625
    86    757   1093    650
    87    754   1095    651
    88    754   1087    659
    89    772   1057    671
    90    844   1015    641
    91    794   1073    633
    92    773   1063    664
    93    789   1026    685
    94    803   1057    640
    95    750   1087    663
    96    796   1054    650
    97    824   1074    602
    98    779   1077    644
    99    784   1057    659
   100    808   1048    644
   101    756   1106    638
   102    732   1132    636
   103    736   1132    632
   104    795   1076    629
   105    761   1106    633
   106    778   1052    670
   107    799   1024    677
   108    834   1055    611
   109    790   1077    633
   110    786   1079    635
   111    752   1119    629
   112    747   1072    681
   113    808   1071    621
   114    831   1072    597
   115    782   1114    604
   116    765   1115    620
   117    723   1135    642
   118    738   1124    638
   119    749   1090    661
   120    781   1050    669
   121    783   1052    665
   122    784   1037    679
   123    828    997    675
   124    848   1019    633
   125    807   1076    617
   126    812   1105    583
   127    792   1070    638
   128    787   1074    639
   129    771   1086    643
   130    780   1066    654
   131    799   1056    645
   132    794   1070    636
   133    765   1091    644
   134    743   1107    650
   135    774   1090    636
   136    739   1080    681
   137    785   1047    668
   138    817   1012    671
   139    852   1039    609
   140    796   1028    676
   141    800   1066    634
   142    779   1114    607
   143    766   1078    656
   144    782   1051    667
   145    794   1046    660
   146    803   1074    623
   147    801   1097    602
   148    749   1109    642
   149    761   1075    664
   150    760   1033    707
   151    785   1049    666
   152    805   1039    656
   153    797   1041    662
   154    762   1048    690
   155    786   1051    663
   156    806   1064    630
   157    798   1058    644
   158    814   1036    650
   159    786   1051    663
   160    822   1046    632
   161    791   1086    623
   162    840   1045    615
   163    804   1066    630
   164    791   1072    637
   165    779   1067    654
   166    793   1049    658
   167    789   1080    631
   168    768   1069    663
   169    809   1054    637
   170    759   1130    611
   171    758   1086    656
   172    799   1042    659
   173    819   1019    662
   174    824   1034    642
   175    842   1027    631
   176    804   1060    636
   177    785   1058    657
   178    800   1053    647
   179    840   1026    634
   180    811   1062    627
   181    770   1099    631
   182    806   1078    616
   183    814   1076    610
   184    812   1052    636
   185    801   1084    615
   186    802   1078    620
   187    764   1084    652
   188    810   1048    642
   189    786   1072    642
   190    826   1044    630
   191    785   1033    682
   192    828    987    685
   193    848   1035    617
   194    784   1042    674
   195    762   1076    662
   196    733   1123    644
   197    728   1102    670
   198    808   1049    643
   199    779   1073    648
   200    778   1101    621
   201    740   1119    641
   202    747   1097    656
   203    784   1062    654
   204    806   1050    644
   205    796   1061    643
   206    822   1088    590
   207    787   1106    607
   208    771   1100    629
   209    808   1045    647
   210    777   1100    623
   211    785   1085    630
   212    770   1111    619
   213    743   1125    632
   214    738   1123    639
   215    755   1131    614
   216    706   1160    634
   217    748   1091    661
   218    753   1100    647
   219    778   1080    642
   220    732   1079    689
   221    772   1051    677
   222    845   1023    632
   223    777   1097    626
   224    771   1079    650
   225    801   1071    628
   226    780   1061    659
   227    743   1067    690
   228    786   1049    665
   229    765   1110    625
   230    804   1040    656
   231    794   1027    679
   232    791   1039    670
   233    811   1024    665
   234    829   1018    653
   235    793   1060    647
   236    781   1052    667
   237    821   1071    608
   238    788   1108    604
   239    748   1093    659
   240    802   1032    666
   241    810   1034    656
   242    812   1038    650
   243    820   1033    647
   244    837   1036    627
   245    787   1065    648
   246    809   1075    616
   247    762   1091    647
   248    790   1092    618
   249    809   1102    589
   250    788   1068    644
   251    781   1065    654
   252    764   1066    670
   253    764   1065    671
   254    830   1020    650
   255    791   1068    641
   256    812   1029    659
   257    786   1065    649
   258    774   1096    630
   259    759   1107    634
   260    797   1050    653
   261    818   1048    634
   262    798   1094    608
   263    813   1050    637
   264    838   1030    632
   265    800   1016    684
   266    794   1053    653
   267    821   1075    604
   268    794   1071    635
   269    794   1064    642
   270    785   1071    644
   271    752   1112    636
   272    750   1083    667
   273    773   1079    648
   274    794   1051    655
   275    745   1069    686
   276    742   1073    685
   277    776   1081    643
   278    769   1096    635
   279    758   1094    648
   280    818   1033    649
   281    830   1048    622
   282    800   1088    612
   283    805   1057    638
   284    803   1034    663
   285    784   1069    647
   286    809   1019    672
   287    791   1057    652
   288    781   1069    650
   289    723   1115    662
   290    698   1115    687
   291    786   1046    668
   292    787   1040    673
   293    817   1040    643
   294    854   1003    643
   295    806   1069    625
   296    792   1058    650
   297    788   1062    650
   298    813   1035    652
   299    814   1038    648
   300    801   1029    670
   301    799   1031    670
   302    790   1109    601
   303    786   1101    613
   304    781   1071    648
   305    786   1052    662
   306    833   1048    619
   307    784   1041    675
   308    809    994    697
   309    861    990    649
   310    819   1063    618
   311    798   1037    665
   312    787   1097    616
   313    794   1075    631
   314    813   1036    651
   315    804   1037    659
   316    765   1091    644
   317    806   1055    639
   318    791   1096    613
   319    801   1069    630
   320    807   1079    614
   321    788   1077    635
   322    794   1072    634
   323    795   1058    647
   324    799   1068    633
   325    761   1083    656
   326    766   1100    634
   327    794   1079    627
   328    776   1096    628
   329    774   1059    667
   330    789   1059    652
   331    822   1031    647
   332    830   1041    629
   333    805   1059    636
   334    792   1058    650
   335    831   1013    656
   336    784   1088    628
   337    745   1118    637
   338    745   1115    640
   339    757   1098    645
   340    790   1078    632
   341    793   1102    605
   342    731   1096    673
   343    754   1084    662
   344    752   1062    686
   345    774   1086    640
   346    755   1061    684
   347    789   1065    646
   348    784   1042    674
   349    803   1040    657
   350    848    995    657
   351    806   1070    624
   352    843   1037    620
   353    809   1078    613
   354    824   1038    638
   355    816   1050    634
   356    832   1045    623
   357    821   1049    630
   358    811   1001    688
   359    780   1074    646
   360    753   1100    647
   361    745   1088    667
   362    781   1105    614
   363    794   1100    606
   364    783   1081    636
   365    775   1078    647
   366    802   1035    663
   367    779   1098    623
   368    795   1085    620
   369    801   1031    668
   370    809   1028    663
   371    789   1098    613
   372    791   1073    636
   373    791   1042    667
   374    818   1060    622
   375    772   1077    651
   376    808   1030    662
   377    811   1029    660
   378    793   1048    659
   379    760   1089    651
   380    773   1065    662
   381    749   1083    668
   382    766   1052    682
   383    793   1073    634
   384    783   1071    646
   385    797   1071    632
   386    804   1035    661
   387    759   1071    670
   388    808   1048    644
   389    833   1053    614
   390    820   1011    669
   391    802   1042    656
   392    739   1101    660
   393    748   1070    682
   394    775   1050    675
   395    797   1040    663
   396    835   1059    606
   397    786   1066    648
   398    822   1049    629
   399    824   1045    631
   400    815   1101    584
   401    759   1093    648
   402    736   1109    655
   403    756   1057    687
   404    817   1055    628
   405    795   1053    652
   406    802   1063    635
   407    787   1067    646
   408    789   1064    647
   409    761   1081    658
   410    795   1064    641
   411    809   1051    640
   412    844   1032    624
   413    810   1077    613
   414    794   1060    646
   415    749   1085    666
   416    773   1056    671
   417    787   1064    649
   418    826   1034    640
   419    833   1060    607
   420    776   1077    647
   421    793   1083    624
   422    759   1071    670
   423    778   1052    670
   424    773   1065    662
   425    798   1090    612
   426    793   1069    638
   427    801   1087    612
   428    790   1093    617
   429    796   1048    656
   430    802   1055    643
   431    798   1054    648
   432    841   1009    650
   433    796   1052    652
   434    812   1037    651
   435    845   1035    620
   436    784   1084    632
   437    789   1053    658
   438    798   1070    632
   439    749   1073    678
   440    751   1079    670
   441    767   1060    673
   442    797   1017    686
   443    781   1076    643
   444    754   1099    647
   445    754   1049    697
   446    765   1053    682
   447    763   1079    658
   448    767   1076    657
   449    795   1060    645
   450    798   1062    640
   451    793   1040    667
   452    781   1075    644
   453    755   1117    628
   454    742   1108    650
   455    730   1100    670
   456    768   1080    652
   457    750   1094    656
   458    760   1063    677
   459    741   1109    650
   460    754   1077    669
   461    803   1054    643
   462    804   1042    654
   463    811   1036    653
   464    778   1072    650
   465    771   1060    669
   466    783   1057    660
   467    790   1074    636
   468    779   1096    625
   469    769   1108    623
   470    813   1033    654
   471    873   1010    617
   472    855   1015    630
   473    818   1065    617
   474    797   1062    641
   475    800   1055    645
   476    762   1111    627
   477    773   1062    665
   478    774   1083    643
   479    755   1107    638
   480    784   1052    664
   481    766   1066    668
   482    737   1135    628
   483    732   1118    650
   484    783   1044    673
   485    814   1062    624
   486    785   1055    660
   487    760   1087    653
   488    763   1105    632
   489    726   1104    670
   490    756   1098    646
   491    779   1043    678
   492    789   1063    648
   493    808   1086    606
   494    816   1024    660
   495    837   1020    643
   496    798   1067    635
   497    769   1096    635
   498    777   1106    617
   499    744   1079    677
   500    769   1076    655
   501    755   1071    674
   502    761   1075    664
   503    773   1088    639
   504    800   1040    660
   505    774   1030    696
   506    798   1005    697
   507    817   1021    662
   508    794   1068    638
   509    791   1096    613
   510    793   1073    634
   511    789   1114    597
   512    750   1089    661
   513    810   1070    620
   514    786   1062    652
   515    765   1048    687
   516    768   1073    659
   517    785   1057    658
   518    798   1036    666
   519    779   1087    634
   520    798   1057    645
   521    823   1056    621
   522    776   1086    638
   523    801   1098    601
   524    804   1071    625
   525    840   1033    627
   526    818   1047    635
   527    784   1056    660
   528    788   1074    638
   529    759   1110    631
   530    777   1126    597
   531    750   1096    654
   532    788   1067    645
   533    744   1095    661
   534    733   1099    668
   535    761   1089    650
   536    747   1103    650
   537    754   1137    609
   538    773   1098    629
   539    777   1086    637
   540    773   1072    655
   541    808   1065    627
   542    843   1047    610
   543    810   1027    663
   544    833   1010    657
   545    825   1048    627
   546    810   1052    638
   547    805   1056    639
   548    758   1076    666
   549    766   1081    653
   550    799   1058    643
   551    815   1042    643
   552    849   1021    630
   553    853   1033    614
   554    822   1041    637
   555    826   1041    633
   556    810   1050    640
   557    816   1062    622
   558    804   1070    626
   559    817   1068    615
   560    812   1065    623
   561    788   1039    673
   562    829   1010    661
   563    803   1036    661
   564    814   1032    654
   565    815   1054    631
   566    748   1100    652
   567    751   1091    658
   568    797   1066    637
   569    737   1093    670
   570    796   1076    628
   571    762   1105    633
   572    788   1048    664
   573    798   1067    635
   574    788   1082    630
   575    749   1071    680
   576    783   1069    648
   577    806   1040    654
   578    810   1063    627
   579    792   1069    639
   580    844   1002    654
   581    828   1043    629
   582    803   1089    608
   583    795   1079    626
   584    796   1057    647
   585    781   1089    630
   586    779   1082    639
   587    752   1106    642
   588    720   1103    677
   589    797   1021    682
   590    843   1004    653
   591    841   1002    657
   592    790   1059    651
   593    743   1131    626
   594    793   1091    616
   595    780   1076    644
   596    764   1091    645
   597    805   1032    663
   598    800   1065    635
   599    818   1069    613
   600    814   1044    642
   601    845   1072    583
   602    793   1080    627
   603    781   1077    642
   604    836   1028    636
   605    815   1029    656
   606    837   1052    611
   607    814   1053    633
   608    787   1034    679
   609    789   1054    657
   610    827   1035    638
   611    815   1023    662
   612    807   1009    684
   613    787   1039    674
   614    826   1009    665
   615    811   1051    638
   616    776   1076    648
   617    807   1065    628
   618    822   1067    611
   619    812   1046    642
   620    769   1090    641
   621    796   1028    676
   622    791   1037    672
   623    819   1038    643
   624    793   1065    642
   625    783   1075    642
   626    735   1086    679
   627    745   1074    681
   628    755   1096    649
   629    786   1089    625
   630    780   1032    688
   631    780   1043    677
   632    788   1098    614
   633    764   1093    643
   634    742   1086    672
   635    753   1063    684
   636    759   1092    649
   637    769   1094    637
   638    765   1106    629
   639    788   1081    631
   640    794   1071    635
   641    794   1074    632
   642    758   1084    658
   643    762   1061    677
   644    787   1054    659
   645    780   1073    647
   646    730   1118    652
   647    757   1060    683
   648    815   1037    648
   649    826   1059    615
   650    828   1056    616
   651    821   1028    651
   652    840   1022    638
   653    823   1046    631
   654    824   1083    593
   655    732   1140    628
   656    742   1095    663
   657    772   1096    632
   658    764   1076    660
   659    753   1043    704
   660    797   1062    641
   661    818   1037    645
   662    819   1078    603
   663    796   1064    640
   664    778   1045    677
   665    810   1070    620
   666    824   1044    632
   667    802   1046    652
   668    791   1060    649
   669    789   1103    608
   670    768   1112    620
   671    757   1096    647
   672    756   1085    659
   673    816   1028    656
   674    791   1059    650
   675    781   1078    641
   676    804   1072    624
   677    831   1067    602
   678    820   1028    652
   679    804   1068    628
   680    761   1044    695
   681    756   1095    649
   682    773   1090    637
   683    767   1084    649
   684    809   1047    644
   685    796   1067    637
   686    813   1065    622
   687    785   1077    638
   688    768   1097    635
   689    759   1056    685
   690    809   1050    641
   691    813   1007    680
   692    838   1042    620
   693    807   1030    663
   694    815   1016    669
   695    820   1078    602
   696    787   1079    634
   697    806   1059    635
   698    791   1068    641
   699    792   1068    640
   700    838   1024    638
   701    820   1047    633
   702    816   1053    631
   703    808   1056    636
   704    806   1058    636
   705    763   1122    615
   706    753   1116    631
   707    744   1096    660
   708    760   1058    682
   709    813   1001    686
   710    805   1046    649
   711    839   1043    618
   712    790   1086    624
   713    786   1066    648
   714    799   1071    630
   715    761   1097    642
   716    755   1115    630
   717    776   1086    638
   718    765   1072    663
   719    768   1080    652
   720    766   1070    664
   721    814   1049    637
   722    763   1090    647
   723    738   1060    702
   724    776   1060    664
   725    788   1044    668
   726    774   1056    670
   727    789   1071    640
   728    810   1068    622
   729    829   1034    637
   730    812   1037    651
   731    800   1068    632
   732    779   1080    641
   733    760   1074    666
   734    751   1070    679
   735    772   1079    649
   736    812   1060    628
   737    831   1052    617
   738    789   1060    651
   739    807   1035    658
   740    804   1022    674
   741    830   1046    624
   742    826   1015    659
   743    827   1043    630
   744    818   1062    620
   745    783   1038    679
   746    755   1089    656
   747    761   1099    640
   748    702   1123    675
   749    709   1089    702
   750    753   1043    704
   751    818   1025    657
   752    812   1042    646
   753    835   1050    615
   754    817   1085    598
   755    761   1117    622
   756    826   1002    672
   757    833   1037    630
   758    794   1062    644
   759    814    986    700
   760    834   1004    662
   761    846   1030    624
   762    813   1025    662
   763    794   1042    664
   764    789   1093    618
   765    819   1015    666
   766    811   1049    640
   767    811   1024    665
   768    792   1057    651
   769    798   1060    642
   770    832   1018    650
   771    774   1086    640
   772    750   1070    680
   773    777   1079    644
   774    776   1066    658
   775    764   1019    717
   776    807   1028    665
   777    831   1013    656
   778    790   1083    627
   779    791   1083    626
   780    755   1077    668
   781    746   1114    640
   782    714   1095    691
   783    797   1034    669
   784    836   1027    637
   785    829   1069    602
   786    782   1095    623
   787    793   1085    622
   788    771   1091    638
   789    762   1064    674
   790    804   1064    632
   791    814   1047    639
   792    728   1147    625
   793    744   1120    636
   794    780   1080    640
   795    797   1066    637
   796    785   1082    633
   797    774   1117    609
   798    768   1107    625
   799    766   1074    660
   800    806   1095    599
   801    775   1095    630
   802    789   1059    652
   803    805   1055    640
   804    803   1080    617
   805    749   1096    655
   806    740   1101    659
   807    817   1061    622
   808    743   1101    656
   809    774   1075    651
   810    775   1055    670
   811    818   1042    640
   812    807   1041    652
   813    769   1083    648
   814    736   1132    632
   815    744   1076    680
   816    761   1045    694
   817    769   1087    644
   818    722   1103    675
   819    759   1089    652
   820    764   1054    682
   821    831   1030    639
   822    808   1075    617
   823    820   1071    609
   824    790   1091    619
   825    754   1110    636
   826    783   1086    631
   827    753   1096    651
   828    737   1117    646
   829    777   1079    644
   830    782   1077    641
   831    835   1025    640
   832    839   1011    650
   833    786   1053    661
   834    790   1035    675
   835    818   1022    660
   836    795   1030    675
   837    818   1041    641
   838    805   1031    664
   839    759   1112    629
   840    797   1066    637
   841    778   1061    661
   842    750   1102    648
   843    781   1052    667
   844    811   1046    643
   845    814   1056    630
   846    740   1089    671
   847    754   1063    683
   848    852   1030    618
   849    842   1086    572
   850    737   1158    605
   851    718   1088    694
   852    732   1101    667
   853    747   1089    664
   854    763   1092    645
   855    732   1077    691
   856    753   1074    673
   857    763   1098    639
   858    785   1080    635
   859    797   1100    603
   860    776   1095    629
   861    809   1076    615
   862    815   1050    635
   863    750   1045    705
   864    802   1077    621
   865    782   1090    628
   866    760   1095    645
   867    770   1029    701
   868    807   1064    629
   869    759   1083    658
   870    782   1093    625
   871    767   1099    634
   872    774   1065    661
   873    787   1046    667
   874    826   1032    642
   875    839   1047    614
   876    789   1095    616
   877    740   1084    676
   878    783   1053    664
   879    812   1074    614
   880    788   1105    607
   881    756   1084    660
   882    771   1065    664
   883    768   1094    638
   884    739   1110    651
   885    741   1115    644
   886    796   1063    641
   887    738   1082    680
   888    776   1043    681
   889    800   1063    637
   890    822   1064    614
   891    728   1095    677
   892    768   1086    646
   893    734   1115    651
   894    782   1075    643
   895    797   1050    653
   896    819   1011    670
   897    824   1033    643
   898    815   1053    632
   899    803   1025    672
   900    799   1042    659
   901    774   1027    699
   902    796   1017    687
   903    807   1036    657
   904    809   1061    630
   905    799   1050    651
   906    776   1063    661
   907    774   1088    638
   908    784   1050    666
   909    844   1011    645
   910    840   1041    619
   911    807   1072    621
   912    781   1080    639
   913    791   1050    659
   914    758   1077    665
   915    746   1053    701
   916    810   1034    656
   917    808   1054    638
   918    795   1053    652
   919    791   1066    643
   920    758   1113    629
   921    742   1084    674
   922    805   1095    600
   923    784   1105    611
   924    768   1091    641
   925    766   1093    641
   926    778   1068    654
   927    803   1016    681
   928    778   1073    649
   929    799   1044    657
   930    770   1054    676
   931    782   1058    660
   932    800   1045    655
   933    838    999    663
   934    794   1055    651
   935    802   1075    623
   936    776   1063    661
   937    813   1060    627
   938    805   1054    641
   939    802   1054    644
   940    760   1086    654
   941    764   1115    621
   942    778   1049    673
   943    760   1103    637
   944    782   1067    651
   945    808   1046    646
   946    807   1047    646
   947    836    991    673
   948    834   1024    642
   949    838   1021    641
   950    808   1060    632
   951    764   1093    643
   952    709   1123    668
   953    765   1050    685
   954    803   1051    646
   955    810   1103    587
   956    774   1090    636
   957    754   1062    684
   958    786   1058    656
   959    826   1057    617
   960    822   1035    643
   961    823   1035    642
   962    808   1073    619
   963    817   1029    654
   964    866   1024    610
   965    837   1052    611
   966    795   1091    614
   967    768   1094    638
   968    765   1064    671
   969    756   1090    654
   970    796   1062    642
   971    774   1102    624
   972    740   1104    656
   973    766   1078    656
   974    717   1116    667
   975    797   1064    639
   976    808   1075    617
   977    775   1091    634
   978    779   1065    656
   979    810   1032    658
   980    820   1046    634
   981    837   1052    611
   982    773   1086    641
   983    789   1092    619
   984    782   1099    619
   985    745   1097    658
   986    765   1093    642
   987    819   1062    619
   988    773   1072    655
   989    762   1124    614
   990    754   1121    625
   991    797   1065    638
   992    762   1093    645
   993    790   1047    663
   994    755   1072    673
   995    786   1043    671
   996    800   1060    640
   997    785   1079    636
   998    760   1121    619
   999    786   1085    629
  1000    735   1092    673
