# time (sweeps) | Susceptible | Infected | Recovered
     0    829   1023    648
     1    829   1031    640
     2    872   1003    625
     3    843   1023    634
     4    814   1002    684
     5    848   1023    629
     6    800   1065    635
     7    820   1048    632
     8    807   1028    665
     9    813   1032    655
    10    812   1063    625
    11    767   1039    694
    12    842   1004    654
    13    857    969    674
    14    839    959    702
    15    803   1037    660
    16    874   1028    598
    17    824   1054    622
    18    831   1011    658
    19    844   1018    638
    20    847    999    654
    21    868    959    673
    22    880    953    667
    23    883    990    627
    24    854   1009    637
    25    855   1013    632
    26    847   1039    614
    27    817   1057    626
    28    778   1069    653
    29    772   1057    671
    30    818   1012    670
    31    836   1016    648
    32    827   1054    619
    33    855   1009    636
    34    829   1052    619
    35    781   1033    686
    36    809   1023    668
    37    820   1044    636
    38    824   1032    644
    39    829   1016    655
    40    806   1027    667
    41    777   1040    683
    42    808   1033    659
    43    834   1043    623
    44    848   1036    616
    45    818   1060    622
    46    821   1046    633
    47    820   1034    646
    48    854    966    680
    49    852    990    658
    50    880    998    622
    51    830   1085    585
    52    782   1068    650
    53    808   1048    644
    54    824   1028    648
    55    811   1039    650
    56    809   1045    646
    57    805   1052    643
    58    790   1059    651
    59    789   1024    687
    60    793   1004    703
    61    839    967    694
    62    855    951    694
    63    862    978    660
    64    869   1006    625
    65    795   1062    643
    66    823   1043    634
    67    792   1061    647
    68    818   1049    633
    69    852   1025    623
    70    787   1109    604
    71    734   1119    647
    72    752   1071    677
    73    756   1048    696
    74    777   1058    665
    75    788   1065    647
    76    828   1059    613
    77    799   1064    637
    78    787   1039    674
    79    830   1004    666
    80    871    968    661
    81    866    986    648
    82    821   1042    637
    83    825   1014    661
    84    769   1074    657
    85    778   1097    625
    86    768   1075    657
    87    782   1029    689
    88    805   1023    672
    89    803   1063    634
    90    821   1004    675
    91    806   1027    667
    92    823   1053    624
    93    826   1060    614
    94    815   1060    625
    95    771   1065    664
    96    816   1048    636
    97    738   1054    708
    98    796   1079    625
    99    777   1081    642
   100    797   1078    625
   101    772   1058    670
   102    808   1043    649
   103    808   1058    634
   104    809   1058    633
   105    805   1065    630
   106    828   1044    628
   107    760   1105    635
   108    732   1074    694
   109    793   1012    695
   110    790   1041    669
   111    836   1007    657
   112    863    988    649
   113    863    982    655
   114    871    981    648
   115    867    961    672
   116    885    991    624
   117    837   1021    642
   118    837   1018    645
   119    859   1020    621
   120    818   1061    621
   121    836   1033    631
   122    798   1070    632
   123    792   1060    648
   124    789   1074    637
   125    752   1087    661
   126    785   1041    674
   127    801   1070    629
   128    785   1074    641
   129    786   1052    662
   130    793   1047    660
   131    799   1047    654
   132    782   1013    705
   133    803   1005    692
   134    842   1013    645
   135    803   1083    614
   136    822   1061    617
   137    829   1040    631
   138    788   1062    650
   139    792   1056    652
   140    835   1039    626
   141    829   1031    640
   142    794   1091    615
   143    785   1065    650
   144    824   1050    626
   145    826   1037    637
   146    789   1068    643
   147    787   1053    660
   148    805   1032    663
   149    817   1035    648
   150    769   1094    637
   151    752   1080    668
   152    804   1020    676
   153    852   1008    640
   154    860   1028    612
   155    872   1048    580
   156    807   1052    641
   157    825   1049    626
   158    815   1038    647
   159    816   1065    619
   160    825   1080    595
   161    766   1083    651
   162    808   1042    650
   163    813   1028    659
   164    825   1060    615
   165    808   1025    667
   166    823   1039    638
   167    787   1052    661
   168    819   1040    641
   169    761   1056    683
   170    729   1083    688
   171    748   1099    653
   172    766   1067    667
   173    748   1089    663
   174    802   1028    670
   175    739   1050    711
   176    762   1039    699
   177    789   1037    674
   178    839    985    676
   179    840    996    664
   180    897   1003    600
   181    849   1047    604
   182    805   1060    635
   183    788   1099    613
   184    756   1108    636
   185    793   1050    657
   186    826   1027    647
   187    816   1048    636
   188    800   1067    633
   189    792   1061    647
   190    769   1093    638
   191    822   1026    652
   192    804   1053    643
   193    787   1078    635
   194    792   1009    699
   195    802   1040    658
   196    841    985    674
   197    831   1008    661
   198    818   1024    658
   199    807   1021    672
   200    838    973    689
   201    829   1002    669
   202    846   1013    641
   203    798   1045    657
   204    821   1042    637
   205    817   1042    641
   206    756   1070    674
   207    766   1058    676
   208    808   1025    667
   209    794   1014    692
   210    811    993    696
   211    824    990    686
   212    860    951    689
   213    856    999    645
   214    872   1005    623
   215    825   1016    659
   216    800   1063    637
   217    825   1038    637
   218    802   1070    628
   219    803   1080    617
   220    807   1037    656
   221    831   1037    632
   222    803   1060    637
   223    771   1085    644
   224    774   1075    651
   225    770   1087    643
   226    807   1059    634
   227    799   1040    661
   228    772   1058    670
   229    804   1028    668
   230    772   1071    657
   231    778   1095    627
   232    779   1056    665
   233    800   1033    667
   234    784   1045    671
   235    851    956    693
   236    872    974    654
   237    830   1016    654
   238    825   1053    622
   239    834   1062    604
   240    798   1079    623
   241    775   1075    650
   242    743   1088    669
   243    779   1036    685
   244    804   1043    653
   245    793   1065    642
   246    799   1040    661
   247    824   1000    676
   248    789   1033    678
   249    799   1046    655
   250    803   1022    675
   251    813   1015    672
   252    804   1033    663
   253    767   1058    675
   254    769   1060    671
   255    809   1037    654
   256    785   1070    645
   257    793   1029    678
   258    865   1026    609
   259    849   1004    647
   260    820   1038    642
   261    806   1050    644
   262    782   1045    673
   263    837   1043    620
   264    833   1001    666
   265    807   1044    649
   266    805   1077    618
   267    733   1108    659
   268    719   1088    693
   269    781   1042    677
   270    781   1043    676
   271    804   1032    664
   272    863   1003    634
   273    858   1030    612
   274    795   1090    615
   275    787   1046    667
   276    832   1029    639
   277    751   1093    656
   278    760   1071    669
   279    812   1023    665
   280    796   1038    666
   281    832   1033    635
   282    813   1041    646
   283    820   1042    638
   284    785   1068    647
   285    793   1061    646
   286    806   1050    644
   287    808    993    699
   288    857    998    645
   289    833   1043    624
   290    806   1067    627
   291    786   1041    673
   292    776   1037    687
   293    799   1042    659
   294    772   1058    670
   295    832   1000    668
   296    850    980    670
   297    820   1005    675
   298    836   1012    652
   299    864    994    642
   300    813   1016    671
   301    848   1004    648
   302    832   1027    641
   303    790   1071    639
   304    818   1028    654
   305    817   1029    654
   306    789   1052    659
   307    824   1021    655
   308    828   1045    627
   309    804   1033    663
   310    824   1050    626
   311    804   1011    685
   312    851    993    656
   313    872    999    629
   314    831   1050    619
   315    796   1065    639
   316    787   1048    665
   317    814    989    697
   318    835   1021    644
   319    809   1064    627
   320    782   1054    664
   321    794   1056    650
   322    813   1017    670
   323    833   1045    622
   324    764   1095    641
   325    732   1071    697
   326    785   1047    668
   327    837   1018    645
   328    855   1012    633
   329    845   1014    641
   330    832   1056    612
   331    850   1046    604
   332    825   1017    658
   333    792   1038    670
   334    793   1049    658
   335    775   1061    664
   336    810   1029    661
   337    827   1006    667
   338    785   1071    644
   339    829   1023    648
   340    833   1041    626
   341    800   1072    628
   342    831   1020    649
   343    805   1029    666
   344    810   1024    666
   345    798   1031    671
   346    812   1049    639
   347    793   1052    655
   348    763   1086    651
   349    791   1052    657
   350    768   1065    667
   351    771   1113    616
   352    748   1067    685
   353    778   1056    666
   354    792   1084    624
   355    803   1031    666
   356    794   1043    663
   357    758   1061    681
   358    748   1038    714
   359    790   1033    677
   360    787   1040    673
   361    810   1036    654
   362    800   1029    671
   363    819   1031    650
   364    814   1029    657
   365    816   1014    670
   366    805   1059    636
   367    835   1045    620
   368    804   1061    635
   369    788   1037    675
   370    797   1029    674
   371    813   1028    659
   372    817   1025    658
   373    797   1049    654
   374    817   1006    677
   375    825    979    696
   376    818   1030    652
   377    786   1025    689
   378    831   1017    652
   379    820   1024    656
   380    848   1010    642
   381    853   1067    580
   382    832   1044    624
   383    791   1053    656
   384    782   1012    706
   385    812    984    704
   386    830   1001    669
   387    764   1077    659
   388    778   1046    676
   389    853   1003    644
   390    844   1048    608
   391    850   1039    611
   392    844   1026    630
   393    761   1108    631
   394    756   1100    644
   395    776   1063    661
   396    770   1072    658
   397    777   1072    651
   398    792   1064    644
   399    783   1043    674
   400    801   1061    638
   401    768   1080    652
   402    798   1029    673
   403    808    986    706
   404    848    983    669
   405    839   1015    646
   406    829   1028    643
   407    805   1042    653
   408    798   1034    668
   409    810   1036    654
   410    799   1072    629
   411    801   1073    626
   412    806   1099    595
   413    773   1067    660
   414    782   1045    673
   415    818   1026    656
   416    804   1007    689
   417    774   1027    699
   418    776   1036    688
   419    805    995    700
   420    841    990    669
   421    898    949    653
   422    853   1029    618
   423    792   1053    655
   424    848   1021    631
   425    845   1008    647
   426    861   1025    614
   427    832   1041    627
   428    797   1074    629
   429    779   1080    641
   430    798   1067    635
   431    804   1100    596
   432    779   1084    637
   433    824   1052    624
   434    819   1046    635
   435    849    991    660
   436    819   1019    662
   437    802   1008    690
   438    849    970    681
   439    848   1005    647
   440    860   1003    637
   441    804   1058    638
   442    837   1023    640
   443    848   1022    630
   444    827   1072    601
   445    790   1084    626
   446    785   1094    621
   447    770   1082    648
   448    781   1087    632
   449    777   1093    630
   450    796   1065    639
   451    794   1057    649
   452    800   1056    644
   453    778   1058    664
   454    748   1057    695
   455    824   1003    673
   456    851   1017    632
   457    844   1008    648
   458    832   1029    639
   459    772   1057    671
   460    774   1055    671
   461    787   1017    696
   462    812   1013    675
   463    827   1029    644
   464    791   1042    667
   465    797   1049    654
   466    774   1101    625
   467    773   1077    650
   468    803   1053    644
   469    820   1040    640
   470    793   1087    620
   471    818   1021    661
   472    803   1020    677
   473    798   1033    669
   474    819   1023    658
   475    864    996    640
   476    843   1009    648
   477    816   1049    635
   478    831   1038    631
   479    836   1040    624
   480    831   1040    629
   481    834   1043    623
   482    839    989    672
   483    819   1002    679
   484    799   1029    672
   485    820   1051    629
   486    814   1017    669
   487    815    984    701
   488    844   1009    647
   489    798   1045    657
   490    817   1040    643
   491    832   1052    616
   492    799   1065    636
   493    811   1029    660
   494    748   1049    703
   495    826   1056    618
   496    809   1037    654
   497    812   1030    658
   498    848   1009    643
   499    839    992    669
   500    808   1046    646
   501    808   1050    642
   502    764   1045    691
   503    795   1025    680
   504    806   1057    637
   505    821   1046    633
   506    800   1055    645
   507    784   1073    643
   508    788   1023    689
   509    819   1005    676
   510    820   1045    635
   511    827   1040    633
   512    788   1031    681
   513    838    993    669
   514    808   1041    651
   515    815   1016    669
   516    849   1017    634
   517    792   1063    645
   518    798    996    706
   519    799   1030    671
   520    789   1039    672
   521    795   1052    653
   522    780   1060    660
   523    838   1005    657
   524    852   1048    600
   525    778   1078    644
   526    808   1037    655
   527    759   1106    635
   528    798   1039    663
   529    799   1064    637
   530    791   1081    628
   531    786   1065    649
   532    812   1041    647
   533    816   1036    648
   534    819   1053    628
   535    791   1078    631
   536    745   1097    658
   537    793   1058    649
   538    755   1069    676
   539    765   1046    689
   540    826   1023    651
   541    797   1070    633
   542    834   1018    648
   543    812   1031    657
   544    785   1072    643
   545    788   1067    645
   546    811   1028    661
   547    819   1013    668
   548    814   1032    654
   549    820   1043    637
   550    863   1012    625
   551    831    993    676
   552    810   1025    665
   553    811   1027    662
   554    822   1045    633
   555    800   1061    639
   556    764   1100    636
   557    778   1091    631
   558    730   1115    655
   559    745   1077    678
   560    771   1070    659
   561    765   1070    665
   562    836    988    676
   563    845   1027    628
   564    840   1072    588
   565    766   1080    654
   566    779   1054    667
   567    783   1059    658
   568    811   1028    661
   569    778   1053    669
   570    759   1075    666
   571    815   1028    657
   572    824   1026    650
   573    802   1023    675
   574    854   1003    643
   575    778   1058    664
   576    783   1035    682
   577    786   1086    628
   578    781   1052    667
   579    781   1068    651
   580    769   1059    672
   581    773   1076    651
   582    810   1034    656
   583    831   1034    635
   584    845   1039    616
   585    844   1066    590
   586    785   1082    633
   587    783   1052    665
   588    780   1069    651
   589    767   1094    639
   590    758   1088    654
   591    784   1070    646
   592    789   1050    661
   593    812   1035    653
   594    803   1029    668
   595    829   1025    646
   596    813   1045    642
   597    820   1033    647
   598    786   1066    648
   599    800   1006    694
   600    859    980    661
   601    827   1018    655
   602    821   1014    665
   603    861   1011    628
   604    825   1025    650
   605    812   1034    654
   606    798   1063    639
   607    792   1025    683
   608    775   1065    660
   609    793   1048    659
   610    787   1080    633
   611    801   1065    634
   612    793   1085    622
   613    796   1047    657
   614    800   1045    655
   615    830   1056    614
   616    800   1081    619
   617    758   1096    646
   618    774   1062    664
   619    780   1039    681
   620    816   1036    648
   621    792   1027    681
   622    829   1006    665
   623    869   1015    616
   624    795   1057    648
   625    800   1051    649
   626    761   1027    712
   627    815   1057    628
   628    852   1025    623
   629    837   1017    646
   630    826   1041    633
   631    826   1014    660
   632    802   1059    639
   633    839   1023    638
   634    843   1051    606
   635    790   1090    620
   636    783   1078    639
   637    801   1049    650
   638    805   1065    630
   639    777   1050    673
   640    784   1045    671
   641    791   1052    657
   642    776   1036    688
   643    791   1024    685
   644    831   1021    648
   645    812   1044    644
   646    798   1067    635
   647    752   1080    668
   648    756   1074    670
   649    772   1056    672
   650    792   1045    663
   651    831   1024    645
   652    794   1083    623
   653    826   1020    654
   654    778   1084    638
   655    788   1057    655
   656    836    987    677
   657    843   1006    651
   658    811   1042    647
   659    786   1044    670
   660    804   1008    688
   661    847    992    661
   662    851    998    651
   663    840   1005    655
   664    821   1032    647
   665    780   1027    693
   666    813    990    697
   667    828    989    683
   668    824   1045    631
   669    798   1080    622
   670    817   1051    632
   671    809   1087    604
   672    778   1087    635
   673    797   1039    664
   674    833   1042    625
   675    813   1046    641
   676    816   1009    675
   677    798   1044    658
   678    763   1051    686
   679    774   1077    649
   680    789   1055    656
   681    817   1053    630
   682    834   1018    648
   683    788   1086    626
   684    784   1065    651
   685    767   1097    636
   686    735   1076    689
   687    789   1034    677
   688    808   1003    689
   689    815    990    695
   690    866   1010    624
   691    819   1034    647
   692    814   1045    641
   693    854    959    687
   694    844   1018    638
   695    780   1089    631
   696    752   1107    641
   697    745   1080    675
   698    802   1074    624
   699    810   1018    672
   700    845   1013    642
   701    836   1044    620
   702    790   1093    617
   703    796   1098    606
   704    787   1028    685
   705    839    974    687
   706    828   1008    664
   707    863   1021    616
   708    848    997    655
   709    837   1012    651
   710    850   1003    647
   711    793   1038    669
   712    810   1035    655
   713    772   1102    626
   714    794   1058    648
   715    812   1044    644
   716    827   1050    623
   717    839   1034    627
   718    824   1037    639
   719    778   1059    663
   720    777   1099    624
   721    795   1032    673
   722    820    998    682
   723    837    997    666
   724    772   1075    653
   725    789   1060    651
   726    774   1065    661
   727    808   1029    663
   728    852    995    653
   729    873   1007    620
   730    839   1050    611
   731    820   1025    655
   732    801   1052    647
   733    843   1019    638
   734    831   1026    643
   735    808   1057    635
   736    821   1048    631
   737    806   1086    608
   738    757   1086    657
   739    764   1070    666
   740    793   1036    671
   741    778   1054    668
   742    813   1058    629
   743    787   1048    665
   744    826   1040    634
   745    802   1062    636
   746    776   1075    649
   747    774   1025    701
   748    809   1043    648
   749    829   1057    614
   750    814   1042    644
   751    801   1038    661
   752    865   1024    611
   753    801   1038    661
   754    837   1062    601
   755    772   1126    602
   756    742   1124    634
   757    773   1063    664
   758    774   1056    670
   759    784   1037    679
   760    843   1012    645
   761    840   1021    639
   762    853   1030    617
   763    790   1083    627
   764    775   1072    653
   765    771   1052    677
   766    775   1079    646
   767    809   1044    647
   768    750   1047    703
   769    780   1018    702
   770    841   1004    655
   771    840   1050    610
   772    806   1045    649
   773    807   1052    641
   774    801   1035    664
   775    799   1041    660
   776    823   1037    640
   777    812   1036    652
   778    824   1022    654
   779    797   1024    679
   780    779   1081    640
   781    813   1056    631
   782    767   1099    634
   783    782   1078    640
   784    816   1035    649
   785    790   1034    676
   786    773   1073    654
   787    780   1043    677
   788    801   1031    668
   789    788   1039    673
   790    791   1013    696
   791    784   1027    689
   792    808   1020    672
   793    802   1055    643
   794    791   1041    668
   795    814   1051    635
   796    795   1042    663
   797    810   1009    681
   798    785   1053    662
   799    791   1034    675
   800    835   1024    641
   801    846   1004    650
   802    833   1045    622
   803    782   1053    665
   804    818   1035    647
   805    840   1032    628
   806    831   1037    632
   807    810   1058    632
   808    820   1050    630
   809    781   1098    621
   810    773   1065    662
   811    780   1041    679
   812    826   1018    656
   813    833   1025    642
   814    818   1026    656
   815    824   1041    635
   816    789   1103    608
   817    783   1066    651
   818    811   1054    635
   819    770   1053    677
   820    818   1042    640
   821    786   1043    671
   822    756   1041    703
   823    762   1032    706
   824    788   1062    650
   825    807   1033    660
   826    823   1000    677
   827    827   1025    648
   828    831   1034    635
   829    863   1001    636
   830    851   1014    635
   831    789   1026    685
   832    787   1043    670
   833    802   1004    694
   834    853    995    652
   835    867   1036    597
   836    817   1049    634
   837    821   1032    647
   838    800   1079    621
   839    793   1087    620
   840    807   1053    640
   841    775   1069    656
   842    775   1077    648
   843    764   1091    645
   844    752   1109    639
   845    763   1080    657
   846    779   1085    636
   847    774   1067    659
   848    766   1057    677
   849    754   1074    672
   850    785   1053    662
   851    768   1067    665
   852    742   1078    680
   853    783   1056    661
   854    847   1029    624
   855    795   1068    637
   856    789   1069    642
   857    788   1067    645
   858    806   1076    618
   859    752   1070    678
   860    768   1063    669
   861    795   1030    675
   862    784   1059    657
   863    823   1048    629
   864    818   1039    643
   865    771   1073    656
   866    790   1042    668
   867    801   1052    647
   868    803   1042    655
   869    811   1026    663
   870    779   1054    667
   871    809   1006    685
   872    803   1034    663
   873    793   1040    667
   874    840   1010    650
   875    828   1011    661
   876    797   1077    626
   877    821   1028    651
   878    830   1057    613
   879    760   1102    638
   880    764   1056    680
   881    779   1035    686
   882    812   1020    668
   883    806   1060    634
   884    796   1085    619
   885    772   1091    637
   886    785   1029    686
   887    790   1040    670
   888    820   1024    656
   889    782   1041    677
   890    831   1028    641
   891    808   1006    686
   892    812   1018    670
   893    812   1020    668
   894    827   1032    641
   895    803   1027    670
   896    808   1026    666
   897    816   1004    680
   898    827   1022    651
   899    831   1048    621
   900    820   1050    630
   901    750   1091    659
   902    788   1049    663
   903    808   1017    675
   904    846   1001    653
   905    805   1034    661
   906    779   1048    673
   907    784   1025    691
   908    769   1048    683
   909    825   1007    668
   910    780   1069    651
   911    820   1035    645
   912    812   1014    674
   913    815   1035    650
   914    788   1056    656
   915    796   1042    662
   916    811   1061    628
   917    792   1069    639
   918    780   1042    678
   919    792   1041    667
   920    813   1052    635
   921    768   1082    650
   922    760   1080    660
   923    775   1057    668
   924    799   1071    630
   925    794   1043    663
   926    819   1033    648
   927    810   1054    636
   928    778   1060    662
   929    806   1057    637
   930    808   1030    662
   931    809   1063    628
   932    797   1045    658
   933    870    972    658
   934    860    986    654
   935    825   1036    639
   936    813   1041    646
   937    829   1024    647
   938    834   1013    653
   939    818   1012    670
   940    817   1033    650
   941    816   1039    645
   942    851   1029    620
   943    818   1056    626
   944    785   1044    671
   945    819   1062    619
   946    772   1074    654
   947    800   1059    641
   948    843    987    670
   949    856   1005    639
   950    889    989    622
   951    860   1007    633
   952    827    987    686
   953    823   1023    654
   954    875   1012    613
   955    811   1056    633
   956    796   1084    620
   957    756   1094    650
   958    756   1075    669
   959    757   1089    654
   960    827   1053    620
   961    785   1055    660
   962    784   1068    648
   963    786   1035    679
   964    788   1056    656
   965    786   1052    662
   966    800   1062    638
   967    847   1027    626
   968    827   1025    648
   969    810   1041    649
   970    811   1063    626
   971    810   1056    634
   972    760   1073    667
   973    800   1047    653
   974    797   1054    649
   975    833   1023    644
   976    815   1017    668
   977    810   1042    648
   978    813   1022    665
   979    791   1039    670
   980    810   1026    664
   981    828   1021    651
   982    851   1024    625
   983    799   1085    616
   984    789   1062    649
   985    815   1024    661
   986    831    995    674
   987    865    986    649
   988    810   1035    655
   989    771   1078    651
   990    785   1051    664
   991    768   1051    681
   992    765   1035    700
   993    803   1035    662
   994    830   1024    646
   995    754   1062    684
   996    790   1049    661
   997    780   1037    683
   998    842   1000    658
   999    777   1032    691
  1000    857    995    648
