# time (sweeps) | Susceptible | Infected | Recovered
     0   1106    220   1174
     1   1102    200   1198
     2   1093    219   1188
     3   1046    230   1224
     4   1042    228   1230
     5   1041    205   1254
     6   1043    188   1269
     7   1055    189   1256
     8   1074    157   1269
     9   1077    165   1258
    10   1091    168   1241
    11   1098    169   1233
    12   1087    206   1207
    13   1080    192   1228
    14   1093    180   1227
    15   1114    154   1232
    16   1144    143   1213
    17   1164    136   1200
    18   1175    136   1189
    19   1205    131   1164
    20   1221    126   1153
    21   1249    121   1130
    22   1252    119   1129
    23   1289    111   1100
    24   1320    105   1075
    25   1344    112   1044
    26   1362    118   1020
    27   1358    126   1016
    28   1369    132    999
    29   1369    135    996
    30   1368    135    997
    31   1373    117   1010
    32   1384    117    999
    33   1393    112    995
    34   1421    104    975
    35   1440    107    953
    36   1465    110    925
    37   1469    120    911
    38   1466    129    905
    39   1467    121    912
    40   1460    145    895
    41   1448    162    890
    42   1417    183    900
    43   1409    171    920
    44   1400    162    938
    45   1371    172    957
    46   1348    173    979
    47   1357    166    977
    48   1380    145    975
    49   1377    141    982
    50   1336    180    984
    51   1333    195    972
    52   1296    198   1006
    53   1259    206   1035
    54   1242    198   1060
    55   1186    221   1093
    56   1146    235   1119
    57   1117    235   1148
    58   1092    242   1166
    59   1090    220   1190
    60   1062    221   1217
    61   1077    198   1225
    62   1067    197   1236
    63   1110    155   1235
    64   1124    150   1226
    65   1154    140   1206
    66   1192    124   1184
    67   1202    118   1180
    68   1214    130   1156
    69   1231    135   1134
    70   1254    128   1118
    71   1248    137   1115
    72   1303    124   1073
    73   1332    111   1057
    74   1364    111   1025
    75   1410     97    993
    76   1422    100    978
    77   1434    112    954
    78   1458    119    923
    79   1446    136    918
    80   1408    164    928
    81   1365    167    968
    82   1323    208    969
    83   1242    239   1019
    84   1195    234   1071
    85   1125    262   1113
    86   1101    260   1139
    87   1081    237   1182
    88   1057    221   1222
    89   1024    221   1255
    90   1011    225   1264
    91   1021    208   1271
    92   1016    201   1283
    93   1023    194   1283
    94   1027    195   1278
    95   1025    186   1289
    96   1045    166   1289
    97   1082    146   1272
    98   1116    141   1243
    99   1134    136   1230
   100   1163    126   1211
   101   1211    122   1167
   102   1231    141   1128
   103   1236    141   1123
   104   1256    116   1128
   105   1314    119   1067
   106   1342    102   1056
   107   1374    107   1019
   108   1389    113    998
   109   1408    111    981
   110   1422    112    966
   111   1432    116    952
   112   1441    119    940
   113   1434    122    944
   114   1428    127    945
   115   1439    127    934
   116   1440    132    928
   117   1437    142    921
   118   1444    150    906
   119   1427    160    913
   120   1428    156    916
   121   1415    172    913
   122   1396    183    921
   123   1382    167    951
   124   1356    170    974
   125   1329    182    989
   126   1316    188    996
   127   1325    169   1006
   128   1321    165   1014
   129   1300    188   1012
   130   1275    206   1019
   131   1235    218   1047
   132   1194    222   1084
   133   1145    259   1096
   134   1073    293   1134
   135   1008    306   1186
   136    976    295   1229
   137    975    258   1267
   138   1000    211   1289
   139   1014    191   1295
   140   1016    192   1292
   141   1045    175   1280
   142   1072    156   1272
   143   1111    124   1265
   144   1184    105   1211
   145   1215    105   1180
   146   1242    108   1150
   147   1272    102   1126
   148   1307     93   1100
   149   1342     96   1062
   150   1373    104   1023
   151   1387    101   1012
   152   1382    112   1006
   153   1433     96    971
   154   1461     92    947
   155   1466     93    941
   156   1469     90    941
   157   1477     96    927
   158   1517     83    900
   159   1535     89    876
   160   1539    100    861
   161   1549    103    848
   162   1568    106    826
   163   1576     97    827
   164   1569    104    827
   165   1552    122    826
   166   1520    159    821
   167   1510    147    843
   168   1495    138    867
   169   1477    150    873
   170   1432    181    887
   171   1422    163    915
   172   1378    147    975
   173   1360    168    972
   174   1332    180    988
   175   1299    203    998
   176   1248    231   1021
   177   1209    245   1046
   178   1133    276   1091
   179   1063    283   1154
   180   1021    278   1201
   181    993    272   1235
   182    966    258   1276
   183    946    254   1300
   184    918    242   1340
   185    939    223   1338
   186    946    210   1344
   187    923    207   1370
   188    949    181   1370
   189    980    166   1354
   190   1009    158   1333
   191   1031    162   1307
   192   1063    157   1280
   193   1090    169   1241
   194   1128    154   1218
   195   1157    142   1201
   196   1195    130   1175
   197   1228    113   1159
   198   1257    126   1117
   199   1254    142   1104
   200   1230    169   1101
   201   1216    171   1113
   202   1220    162   1118
   203   1224    172   1104
   204   1219    167   1114
   205   1245    153   1102
   206   1243    168   1089
   207   1230    175   1095
   208   1250    172   1078
   209   1282    160   1058
   210   1275    154   1071
   211   1248    180   1072
   212   1246    184   1070
   213   1237    193   1070
   214   1243    176   1081
   215   1259    184   1057
   216   1228    183   1089
   217   1231    177   1092
   218   1224    187   1089
   219   1207    191   1102
   220   1188    195   1117
   221   1169    217   1114
   222   1129    245   1126
   223   1098    266   1136
   224   1075    259   1166
   225   1067    249   1184
   226    994    269   1237
   227    942    263   1295
   228    910    254   1336
   229    905    217   1378
   230    944    182   1374
   231    961    181   1358
   232   1004    164   1332
   233   1048    150   1302
   234   1095    117   1288
   235   1144    110   1246
   236   1202     87   1211
   237   1258     73   1169
   238   1292     72   1136
   239   1338     74   1088
   240   1368     78   1054
   241   1396     85   1019
   242   1433     79    988
   243   1484     77    939
   244   1519     74    907
   245   1555     77    868
   246   1562     89    849
   247   1578     86    836
   248   1610     79    811
   249   1647     68    785
   250   1654     85    761
   251   1667     85    748
   252   1661     93    746
   253   1638    123    739
   254   1639    120    741
   255   1610    143    747
   256   1598    153    749
   257   1584    149    767
   258   1567    140    793
   259   1587    135    778
   260   1535    156    809
   261   1523    146    831
   262   1504    153    843
   263   1472    174    854
   264   1431    196    873
   265   1399    198    903
   266   1341    222    937
   267   1322    203    975
   268   1287    220    993
   269   1259    223   1018
   270   1227    211   1062
   271   1195    215   1090
   272   1183    222   1095
   273   1154    221   1125
   274   1148    201   1151
   275   1127    198   1175
   276   1108    201   1191
   277   1112    194   1194
   278   1117    180   1203
   279   1116    162   1222
   280   1124    163   1213
   281   1167    146   1187
   282   1189    151   1160
   283   1224    147   1129
   284   1204    189   1107
   285   1187    186   1127
   286   1177    185   1138
   287   1162    182   1156
   288   1140    196   1164
   289   1133    184   1183
   290   1117    177   1206
   291   1109    171   1220
   292   1105    189   1206
   293   1108    176   1216
   294   1138    159   1203
   295   1153    145   1202
   296   1156    154   1190
   297   1172    158   1170
   298   1199    126   1175
   299   1214    113   1173
   300   1247    121   1132
   301   1254    115   1131
   302   1291    110   1099
   303   1322    103   1075
   304   1323    122   1055
   305   1348    113   1039
   306   1362    129   1009
   307   1349    147   1004
   308   1346    157    997
   309   1323    177   1000
   310   1296    190   1014
   311   1276    194   1030
   312   1254    205   1041
   313   1263    189   1048
   314   1293    143   1064
   315   1336    123   1041
   316   1382    101   1017
   317   1409     85   1006
   318   1439     80    981
   319   1479     72    949
   320   1509     78    913
   321   1541     79    880
   322   1575     80    845
   323   1585     79    836
   324   1598     82    820
   325   1623     95    782
   326   1627    106    767
   327   1623    111    766
   328   1604    113    783
   329   1589    119    792
   330   1579    123    798
   331   1527    170    803
   332   1478    186    836
   333   1458    175    867
   334   1447    156    897
   335   1458    145    897
   336   1437    153    910
   337   1440    145    915
   338   1425    147    928
   339   1382    158    960
   340   1332    181    987
   341   1310    162   1028
   342   1296    160   1044
   343   1275    171   1054
   344   1255    187   1058
   345   1228    171   1101
   346   1209    181   1110
   347   1206    174   1120
   348   1222    169   1109
   349   1226    160   1114
   350   1252    129   1119
   351   1276    106   1118
   352   1279    121   1100
   353   1304    125   1071
   354   1310    143   1047
   355   1308    147   1045
   356   1324    144   1032
   357   1321    157   1022
   358   1322    150   1028
   359   1343    159    998
   360   1330    173    997
   361   1316    175   1009
   362   1320    175   1005
   363   1299    166   1035
   364   1294    148   1058
   365   1294    132   1074
   366   1319    123   1058
   367   1312    151   1037
   368   1299    162   1039
   369   1288    168   1044
   370   1288    173   1039
   371   1276    175   1049
   372   1245    188   1067
   373   1233    180   1087
   374   1218    206   1076
   375   1202    187   1111
   376   1237    166   1097
   377   1239    172   1089
   378   1249    180   1071
   379   1265    159   1076
   380   1293    142   1065
   381   1296    138   1066
   382   1300    138   1062
   383   1304    144   1052
   384   1299    167   1034
   385   1291    179   1030
   386   1283    169   1048
   387   1302    152   1046
   388   1331    141   1028
   389   1343    144   1013
   390   1333    141   1026
   391   1370    144    986
   392   1390    147    963
   393   1383    158    959
   394   1359    170    971
   395   1350    153    997
   396   1340    131   1029
   397   1361    113   1026
   398   1395     93   1012
   399   1418    116    966
   400   1436    111    953
   401   1445    109    946
   402   1432    135    933
   403   1407    158    935
   404   1366    185    949
   405   1328    204    968
   406   1299    202    999
   407   1298    182   1020
   408   1309    168   1023
   409   1321    156   1023
   410   1296    184   1020
   411   1303    183   1014
   412   1287    183   1030
   413   1279    182   1039
   414   1279    161   1060
   415   1291    145   1064
   416   1309    145   1046
   417   1293    164   1043
   418   1285    162   1053
   419   1256    175   1069
   420   1242    190   1068
   421   1215    208   1077
   422   1178    220   1102
   423   1154    216   1130
   424   1132    217   1151
   425   1136    197   1167
   426   1141    183   1176
   427   1136    174   1190
   428   1131    186   1183
   429   1123    191   1186
   430   1118    196   1186
   431   1131    187   1182
   432   1163    173   1164
   433   1141    164   1195
   434   1137    170   1193
   435   1160    155   1185
   436   1179    147   1174
   437   1195    148   1157
   438   1199    171   1130
   439   1211    145   1144
   440   1231    142   1127
   441   1260    149   1091
   442   1267    165   1068
   443   1278    135   1087
   444   1300    114   1086
   445   1311    109   1080
   446   1363     93   1044
   447   1394     94   1012
   448   1430     87    983
   449   1470     89    941
   450   1480    107    913
   451   1465    117    918
   452   1444    133    923
   453   1414    152    934
   454   1408    152    940
   455   1411    141    948
   456   1415    125    960
   457   1428    115    957
   458   1432    132    936
   459   1411    145    944
   460   1391    174    935
   461   1349    191    960
   462   1290    239    971
   463   1237    257   1006
   464   1181    275   1044
   465   1125    264   1111
   466   1044    269   1187
   467   1026    242   1232
   468    985    234   1281
   469    976    232   1292
   470    982    213   1305
   471    963    219   1318
   472    992    194   1314
   473   1026    169   1305
   474   1065    143   1292
   475   1077    154   1269
   476   1105    143   1252
   477   1149    125   1226
   478   1208    117   1175
   479   1262     90   1148
   480   1313     87   1100
   481   1361     71   1068
   482   1418     58   1024
   483   1478     63    959
   484   1539     52    909
   485   1582     55    863
   486   1604     68    828
   487   1632     76    792
   488   1639     90    771
   489   1626    105    769
   490   1651    102    747
   491   1632    117    751
   492   1622    123    755
   493   1606    138    756
   494   1610    124    766
   495   1597    149    754
   496   1593    159    748
   497   1562    173    765
   498   1528    177    795
   499   1468    209    823
   500   1367    269    864
   501   1292    265    943
   502   1208    293    999
   503   1106    324   1070
   504   1018    352   1130
   505    952    351   1197
   506    875    351   1274
   507    827    334   1339
   508    801    270   1429
   509    816    228   1456
   510    851    187   1462
   511    901    157   1442
   512    929    147   1424
   513    974    123   1403
   514   1043    109   1348
   515   1107    108   1285
   516   1183     83   1234
   517   1247     80   1173
   518   1302     78   1120
   519   1351     70   1079
   520   1387     75   1038
   521   1424     74   1002
   522   1464     63    973
   523   1511     56    933
   524   1548     57    895
   525   1579     66    855
   526   1598     72    830
   527   1621     70    809
   528   1630     73    797
   529   1624     80    796
   530   1627    100    773
   531   1623    117    760
   532   1641    102    757
   533   1638    112    750
   534   1664    113    723
   535   1644    139    717
   536   1616    154    730
   537   1560    192    748
   538   1480    226    794
   539   1465    209    826
   540   1426    209    865
   541   1358    251    891
   542   1254    276    970
   543   1202    278   1020
   544   1103    308   1089
   545   1027    327   1146
   546    928    338   1234
   547    835    381   1284
   548    786    339   1375
   549    733    317   1450
   550    740    251   1509
   551    793    219   1488
   552    839    190   1471
   553    877    178   1445
   554    930    145   1425
   555    993    121   1386
   556   1049    107   1344
   557   1109     92   1299
   558   1172     77   1251
   559   1222     79   1199
   560   1289     91   1120
   561   1325     90   1085
   562   1387     58   1055
   563   1433     60   1007
   564   1470     55    975
   565   1516     54    930
   566   1579     46    875
   567   1624     52    824
   568   1654     50    796
   569   1676     60    764
   570   1689     72    739
   571   1696     69    735
   572   1724     76    700
   573   1716     95    689
   574   1705    111    684
   575   1680    132    688
   576   1655    144    701
   577   1638    131    731
   578   1594    164    742
   579   1556    186    758
   580   1521    184    795
   581   1488    182    830
   582   1429    204    867
   583   1370    214    916
   584   1342    200    958
   585   1311    208    981
   586   1257    250    993
   587   1178    274   1048
   588   1118    258   1124
   589   1021    275   1204
   590    951    293   1256
   591    923    287   1290
   592    917    278   1305
   593    922    252   1326
   594    915    251   1334
   595    938    211   1351
   596    960    211   1329
   597    995    189   1316
   598   1021    180   1299
   599   1040    166   1294
   600   1063    163   1274
   601   1075    157   1268
   602   1111    156   1233
   603   1130    136   1234
   604   1168    125   1207
   605   1192    129   1179
   606   1221    120   1159
   607   1251    109   1140
   608   1273    126   1101
   609   1294    114   1092
   610   1296    125   1079
   611   1318    120   1062
   612   1342    124   1034
   613   1342    127   1031
   614   1353    137   1010
   615   1387    134    979
   616   1415    116    969
   617   1450    103    947
   618   1458    110    932
   619   1476    101    923
   620   1461    120    919
   621   1456    126    918
   622   1451    128    921
   623   1429    158    913
   624   1405    173    922
   625   1422    143    935
   626   1396    166    938
   627   1396    152    952
   628   1380    157    963
   629   1368    174    958
   630   1366    168    966
   631   1356    169    975
   632   1369    142    989
   633   1385    132    983
   634   1363    156    981
   635   1332    182    986
   636   1306    205    989
   637   1294    227    979
   638   1257    231   1012
   639   1213    245   1042
   640   1178    229   1093
   641   1140    213   1147
   642   1122    198   1180
   643   1112    210   1178
   644   1105    219   1176
   645   1100    196   1204
   646   1101    197   1202
   647   1104    192   1204
   648   1121    167   1212
   649   1155    144   1201
   650   1149    165   1186
   651   1172    134   1194
   652   1198    125   1177
   653   1208    134   1158
   654   1252    125   1123
   655   1302    104   1094
   656   1329    117   1054
   657   1322    137   1041
   658   1344    125   1031
   659   1365    108   1027
   660   1396    103   1001
   661   1420    113    967
   662   1441    102    957
   663   1466     85    949
   664   1498     72    930
   665   1511     81    908
   666   1528     93    879
   667   1546     94    860
   668   1548    116    836
   669   1548    129    823
   670   1549    138    813
   671   1551    149    800
   672   1497    172    831
   673   1487    177    836
   674   1445    198    857
   675   1415    188    897
   676   1369    190    941
   677   1321    203    976
   678   1276    219   1005
   679   1235    233   1032
   680   1198    214   1088
   681   1164    220   1116
   682   1154    213   1133
   683   1157    212   1131
   684   1164    191   1145
   685   1191    150   1159
   686   1223    133   1144
   687   1245    109   1146
   688   1273    107   1120
   689   1310    103   1087
   690   1316    114   1070
   691   1337    118   1045
   692   1367    111   1022
   693   1377    113   1010
   694   1407     99    994
   695   1394    121    985
   696   1406    120    974
   697   1418    108    974
   698   1435    101    964
   699   1440    106    954
   700   1452    103    945
   701   1476     97    927
   702   1488    109    903
   703   1500    108    892
   704   1526    108    866
   705   1529     97    874
   706   1552     99    849
   707   1578     80    842
   708   1623     74    803
   709   1656     63    781
   710   1656     87    757
   711   1668     93    739
   712   1655    110    735
   713   1614    142    744
   714   1583    180    737
   715   1515    201    784
   716   1454    203    843
   717   1404    203    893
   718   1366    212    922
   719   1303    231    966
   720   1245    248   1007
   721   1168    271   1061
   722   1127    261   1112
   723   1073    236   1191
   724   1063    226   1211
   725   1048    218   1234
   726   1024    224   1252
   727    998    225   1277
   728    998    214   1288
   729   1013    194   1293
   730   1023    180   1297
   731   1049    152   1299
   732   1060    141   1299
   733   1089    127   1284
   734   1141    114   1245
   735   1183    115   1202
   736   1207    129   1164
   737   1237    119   1144
   738   1288    107   1105
   739   1315     88   1097
   740   1363     98   1039
   741   1402     88   1010
   742   1434     85    981
   743   1452    102    946
   744   1478    105    917
   745   1514     83    903
   746   1528     82    890
   747   1547     89    864
   748   1554     99    847
   749   1560     82    858
   750   1560     94    846
   751   1565     95    840
   752   1582    120    798
   753   1568    136    796
   754   1549    140    811
   755   1529    149    822
   756   1512    159    829
   757   1518    154    828
   758   1498    168    834
   759   1484    180    836
   760   1448    183    869
   761   1407    196    897
   762   1358    205    937
   763   1329    197    974
   764   1288    209   1003
   765   1251    222   1027
   766   1181    246   1073
   767   1173    215   1112
   768   1160    213   1127
   769   1177    172   1151
   770   1202    148   1150
   771   1238    136   1126
   772   1264    135   1101
   773   1262    148   1090
   774   1256    159   1085
   775   1229    188   1083
   776   1206    201   1093
   777   1170    218   1112
   778   1139    233   1128
   779   1140    223   1137
   780   1171    188   1141
   781   1174    167   1159
   782   1173    172   1155
   783   1201    156   1143
   784   1245    139   1116
   785   1264    128   1108
   786   1278    131   1091
   787   1321    131   1048
   788   1327    117   1056
   789   1351    120   1029
   790   1363    119   1018
   791   1400    103    997
   792   1392    110    998
   793   1401    121    978
   794   1413    125    962
   795   1424    131    945
   796   1444    131    925
   797   1435    134    931
   798   1410    149    941
   799   1403    154    943
   800   1393    149    958
   801   1350    177    973
   802   1321    185    994
   803   1279    193   1028
   804   1264    198   1038
   805   1239    222   1039
   806   1200    229   1071
   807   1161    256   1083
   808   1099    284   1117
   809   1038    289   1173
   810   1015    277   1208
   811    973    243   1284
   812    958    237   1305
   813    960    228   1312
   814    989    200   1311
   815   1029    179   1292
   816   1076    153   1271
   817   1112    129   1259
   818   1144    134   1222
   819   1194    119   1187
   820   1233    108   1159
   821   1269     99   1132
   822   1306     85   1109
   823   1336     85   1079
   824   1377     83   1040
   825   1423     70   1007
   826   1463     63    974
   827   1499     56    945
   828   1564     42    894
   829   1621     29    850
   830   1658     28    814
   831   1720     26    754
   832   1756     36    708
   833   1780     42    678
   834   1813     39    648
   835   1821     53    626
   836   1820     58    622
   837   1837     60    603
   838   1846     53    601
   839   1854     58    588
   840   1856     75    569
   841   1857     83    560
   842   1837     92    571
   843   1815    103    582
   844   1808     99    593
   845   1791    100    609
   846   1768    130    602
   847   1731    153    616
   848   1690    155    655
   849   1627    188    685
   850   1577    206    717
   851   1517    202    781
   852   1453    212    835
   853   1404    218    878
   854   1300    251    949
   855   1242    256   1002
   856   1202    243   1055
   857   1138    269   1093
   858   1092    265   1143
   859   1091    243   1166
   860   1069    237   1194
   861   1065    225   1210
   862   1067    223   1210
   863   1059    224   1217
   864   1056    230   1214
   865   1043    230   1227
   866   1062    206   1232
   867   1080    168   1252
   868   1121    129   1250
   869   1167    110   1223
   870   1209     91   1200
   871   1262     90   1148
   872   1299     81   1120
   873   1339     85   1076
   874   1388     86   1026
   875   1432     84    984
   876   1437    115    948
   877   1420    131    949
   878   1439    130    931
   879   1458    121    921
   880   1447    148    905
   881   1440    146    914
   882   1453    137    910
   883   1417    157    926
   884   1438    142    920
   885   1424    152    924
   886   1420    143    937
   887   1429    140    931
   888   1442    114    944
   889   1446    131    923
   890   1463    129    908
   891   1438    137    925
   892   1412    151    937
   893   1405    156    939
   894   1371    180    949
   895   1329    204    967
   896   1295    196   1009
   897   1296    184   1020
   898   1288    185   1027
   899   1283    186   1031
   900   1251    204   1045
   901   1202    211   1087
   902   1195    215   1090
   903   1138    230   1132
   904   1086    255   1159
   905   1049    255   1196
   906   1041    252   1207
   907   1025    235   1240
   908   1002    220   1278
   909   1044    182   1274
   910   1045    183   1272
   911   1035    190   1275
   912   1045    186   1269
   913   1070    171   1259
   914   1084    192   1224
   915   1082    190   1228
   916   1114    169   1217
   917   1104    171   1225
   918   1125    167   1208
   919   1148    153   1199
   920   1166    159   1175
   921   1155    190   1155
   922   1148    183   1169
   923   1136    169   1195
   924   1177    142   1181
   925   1205    130   1165
   926   1242    118   1140
   927   1270    128   1102
   928   1276    131   1093
   929   1300    130   1070
   930   1313    130   1057
   931   1346    122   1032
   932   1374    112   1014
   933   1376    131    993
   934   1388    135    977
   935   1390    128    982
   936   1387    136    977
   937   1364    163    973
   938   1346    162    992
   939   1354    154    992
   940   1344    148   1008
   941   1343    151   1006
   942   1347    154    999
   943   1344    137   1019
   944   1340    144   1016
   945   1356    148    996
   946   1354    155    991
   947   1331    180    989
   948   1324    180    996
   949   1308    199    993
   950   1309    188   1003
   951   1279    191   1030
   952   1259    190   1051
   953   1246    189   1065
   954   1226    183   1091
   955   1222    187   1091
   956   1207    189   1104
   957   1205    188   1107
   958   1185    203   1112
   959   1200    187   1113
   960   1204    170   1126
   961   1208    160   1132
   962   1189    168   1143
   963   1175    182   1143
   964   1179    161   1160
   965   1190    155   1155
   966   1201    144   1155
   967   1183    168   1149
   968   1164    171   1165
   969   1184    159   1157
   970   1206    169   1125
   971   1210    152   1138
   972   1199    173   1128
   973   1217    180   1103
   974   1220    163   1117
   975   1242    142   1116
   976   1243    147   1110
   977   1236    157   1107
   978   1219    170   1111
   979   1220    153   1127
   980   1220    158   1122
   981   1239    153   1108
   982   1240    157   1103
   983   1241    140   1119
   984   1259    122   1119
   985   1296    121   1083
   986   1305    124   1071
   987   1350    120   1030
   988   1351    127   1022
   989   1377    131    992
   990   1366    155    979
   991   1342    165    993
   992   1315    179   1006
   993   1290    194   1016
   994   1243    221   1036
   995   1214    215   1071
   996   1193    204   1103
   997   1177    208   1115
   998   1192    169   1139
   999   1199    167   1134
  1000   1225    146   1129
