# time (sweeps) | Susceptible | Infected | Recovered
     0   1091    872    537
     1   1103    923    474
     2   1039    945    516
     3   1013   1019    468
     4   1002    998    500
     5   1037    943    520
     6   1017    969    514
     7    984    995    521
     8    991   1009    500
     9   1009    976    515
    10    997   1006    497
    11    975   1037    488
    12    988   1010    502
    13    980    971    549
    14   1031    950    519
    15   1005    980    515
    16   1042    937    521
    17   1044    939    517
    18   1103    922    475
    19   1063    930    507
    20   1052    954    494
    21   1032   1000    468
    22    998    965    537
    23    994    971    535
    24    982   1008    510
    25   1012    972    516
    26   1041    969    490
    27   1082    912    506
    28   1123    901    476
    29   1101    930    469
    30   1071    949    480
    31   1042    976    482
    32   1039    950    511
    33   1005    983    512
    34   1015    970    515
    35   1007    966    527
    36   1018    981    501
    37   1029    944    527
    38    986   1003    511
    39    982   1023    495
    40   1023    974    503
    41   1043    947    510
    42   1084    943    473
    43   1037    980    483
    44   1033    944    523
    45   1018    982    500
    46   1027    998    475
    47   1044    923    533
    48   1037    947    516
    49   1049    961    490
    50   1029    970    501
    51   1013    956    531
    52   1031    954    515
    53   1006    971    523
    54   1035    975    490
    55   1023    974    503
    56   1014    962    524
    57   1006    987    507
    58   1019    962    519
    59   1008    974    518
    60   1022    948    530
    61   1031    955    514
    62   1083    926    491
    63   1069    950    481
    64   1006   1012    482
    65   1036    953    511
    66   1045    932    523
    67   1045    948    507
    68   1034    979    487
    69   1004   1025    471
    70    971   1006    523
    71    991    974    535
    72    984    978    538
    73   1026    955    519
    74    985    998    517
    75   1006    978    516
    76   1025    944    531
    77   1036    965    499
    78   1027    960    513
    79   1019    972    509
    80   1045    949    506
    81   1053    932    515
    82   1063    974    463
    83   1058    952    490
    84   1066    936    498
    85   1059    975    466
    86   1012    999    489
    87   1058    974    468
    88   1050    957    493
    89   1061    940    499
    90   1077    937    486
    91   1009    994    497
    92   1025    977    498
    93   1047    959    494
    94   1021    976    503
    95   1025    953    522
    96   1016    989    495
    97   1012    992    496
    98   1014    983    503
    99    993   1000    507
   100   1070    929    501
   101   1067    960    473
   102   1060    953    487
   103   1037    963    500
   104   1024    975    501
   105   1033    973    494
   106   1010    950    540
   107   1059    929    512
   108   1114    905    481
   109   1073    960    467
   110   1105    919    476
   111   1083    931    486
   112   1060    992    448
   113   1008   1007    485
   114    988    986    526
   115   1077    916    507
   116   1046    937    517
   117   1041    925    534
   118   1031    977    492
   119   1033    957    510
   120   1014    983    503
   121   1064    958    478
   122   1056    965    479
   123   1055    973    472
   124   1026    947    527
   125   1077    901    522
   126   1048    931    521
   127   1071    940    489
   128   1034    942    524
   129   1060    950    490
   130   1017    991    492
   131   1026    990    484
   132   1026    993    481
   133   1030    973    497
   134    983   1028    489
   135   1009    978    513
   136   1039    967    494
   137    995   1004    501
   138   1024    968    508
   139   1055    943    502
   140   1027    990    483
   141   1010    987    503
   142   1019    983    498
   143   1018   1018    464
   144   1024    989    487
   145    972   1000    528
   146   1014    933    553
   147   1047    949    504
   148   1047    956    497
   149   1037    942    521
   150   1023    980    497
   151   1025    956    519
   152   1044    925    531
   153   1042    943    515
   154   1007    997    496
   155   1053    974    473
   156   1031    965    504
   157   1055    899    546
   158   1067    930    503
   159   1058    955    487
   160   1100    929    471
   161   1038    979    483
   162   1077    913    510
   163   1088    927    485
   164   1105    922    473
   165   1091    928    481
   166    988   1013    499
   167   1002    971    527
   168   1023    957    520
   169   1012    968    520
   170    999    947    554
   171   1021    939    540
   172   1040    972    488
   173   1057    968    475
   174   1088    936    476
   175   1027    990    483
   176    992   1002    506
   177   1010   1013    477
   178    973   1030    497
   179    963    954    583
   180   1031    915    554
   181   1003    976    521
   182   1028    971    501
   183   1016    972    512
   184    983    986    531
   185   1005    936    559
   186   1049    939    512
   187   1069    933    498
   188   1036    962    502
   189   1021    966    513
   190   1044    927    529
   191   1033    966    501
   192   1049    968    483
   193   1013   1002    485
   194    965   1014    521
   195   1039    941    520
   196   1067    934    499
   197   1064    931    505
   198   1037    956    507
   199   1047    945    508
   200   1023    990    487
   201   1019    968    513
   202   1060    958    482
   203   1022    974    504
   204    998    970    532
   205   1035    986    479
   206   1020    984    496
   207   1013    992    495
   208   1001    980    519
   209   1011    956    533
   210   1071    942    487
   211   1026    979    495
   212    981    985    534
   213   1018    957    525
   214   1015    950    535
   215   1030    924    546
   216   1035    949    516
   217   1051    932    517
   218   1051    979    470
   219   1033    987    480
   220   1046    948    506
   221   1032    975    493
   222   1040    961    499
   223   1059    979    462
   224   1054    992    454
   225   1031    975    494
   226   1040    943    517
   227   1006    961    533
   228   1044    941    515
   229   1023    981    496
   230   1014    958    528
   231   1055    923    522
   232   1088    940    472
   233   1030    967    503
   234   1016    971    513
   235   1009    966    525
   236   1049    922    529
   237   1031    945    524
   238   1030    934    536
   239   1047    946    507
   240   1038    947    515
   241   1083    891    526
   242   1042    940    518
   243   1018    926    556
   244   1024    934    542
   245   1028    992    480
   246    988   1029    483
   247    987    979    534
   248   1024    955    521
   249   1010    976    514
   250   1012   1000    488
   251    994   1002    504
   252   1004    992    504
   253    986   1009    505
   254   1008   1012    480
   255    994    975    531
   256   1049    935    516
   257   1037    948    515
   258   1072    919    509
   259   1048    917    535
   260   1072    937    491
   261   1037    961    502
   262   1021    988    491
   263   1041    988    471
   264   1008    992    500
   265    985    994    521
   266   1004    988    508
   267    981    992    527
   268    989    985    526
   269   1041    943    516
   270   1049    932    519
   271   1111    907    482
   272   1071    936    493
   273   1056    946    498
   274   1040    976    484
   275    998    992    510
   276   1026    983    491
   277   1041    953    506
   278   1093    943    464
   279   1040    986    474
   280   1082    927    491
   281   1035    974    491
   282   1028    967    505
   283   1021    986    493
   284   1029    966    505
   285   1109    889    502
   286   1074    953    473
   287   1089    941    470
   288   1024    964    512
   289   1015    949    536
   290   1042    936    522
   291   1053    912    535
   292   1069    911    520
   293   1063    937    500
   294   1068    924    508
   295   1072    940    488
   296   1050    924    526
   297   1054    957    489
   298   1030    975    495
   299   1004    980    516
   300   1017    990    493
   301   1022    983    495
   302    992    986    522
   303   1042    955    503
   304   1024    955    521
   305   1049    928    523
   306   1073    932    495
   307   1068    926    506
   308   1060    941    499
   309   1048    967    485
   310   1053    939    508
   311   1009    984    507
   312   1018    956    526
   313   1086    918    496
   314   1084    923    493
   315   1063    948    489
   316   1036    974    490
   317   1008    984    508
   318   1016    951    533
   319   1047    918    535
   320   1086    917    497
   321   1060    950    490
   322   1067    929    504
   323   1070    925    505
   324   1100    918    482
   325   1055    960    485
   326   1050    949    501
   327   1010    992    498
   328   1009    982    509
   329   1000    986    514
   330   1005    986    509
   331    989    977    534
   332    987    973    540
   333    995    941    564
   334   1056    945    499
   335   1063    939    498
   336   1075    922    503
   337   1072    930    498
   338   1015    970    515
   339    992    981    527
   340   1023    990    487
   341    982   1025    493
   342    999    962    539
   343   1019    964    517
   344   1029    941    530
   345   1037    945    518
   346   1027    983    490
   347   1034    971    495
   348    983   1014    503
   349    996   1013    491
   350   1010    971    519
   351   1030    967    503
   352   1020    968    512
   353   1040    969    491
   354   1020    988    492
   355   1023    986    491
   356   1034    940    526
   357   1046    942    512
   358   1018    981    501
   359   1048    939    513
   360   1078    920    502
   361   1011    963    526
   362   1007   1001    492
   363    979    990    531
   364    991   1000    509
   365   1009    964    527
   366   1031    952    517
   367   1057    936    507
   368   1016    935    549
   369   1046    959    495
   370   1069    936    495
   371   1068    960    472
   372   1060    928    512
   373   1045    943    512
   374   1003    963    534
   375   1054    934    512
   376   1079    925    496
   377   1074    926    500
   378   1078    936    486
   379   1055    951    494
   380   1040    952    508
   381   1078    933    489
   382   1111    919    470
   383   1061    922    517
   384   1050    939    511
   385    991    988    521
   386   1013    964    523
   387   1048    937    515
   388   1095    908    497
   389   1066    978    456
   390    994   1012    494
   391   1016    996    488
   392   1019    959    522
   393   1054    957    489
   394   1009   1002    489
   395   1019    978    503
   396   1030    950    520
   397   1060    933    507
   398   1033    965    502
   399   1019    950    531
   400   1012    985    503
   401   1008   1000    492
   402   1012    993    495
   403    980   1005    515
   404    987    969    544
   405   1035    938    527
   406   1034    948    518
   407   1022    971    507
   408   1009    973    518
   409   1040    952    508
   410   1081    917    502
   411   1070    926    504
   412   1045    975    480
   413   1058    961    481
   414   1052    951    497
   415   1045    950    505
   416   1066    958    476
   417   1031    933    536
   418   1021    941    538
   419   1011    914    575
   420   1009    992    499
   421   1020   1002    478
   422   1009    996    495
   423   1028    955    517
   424   1065    948    487
   425   1048    968    484
   426   1051    987    462
   427   1031    980    489
   428   1046    962    492
   429   1048    995    457
   430    975   1007    518
   431    997    989    514
   432   1032    946    522
   433   1017    991    492
   434    994    961    545
   435   1016    919    565
   436   1084    895    521
   437   1119    876    505
   438   1061    945    494
   439   1001    981    518
   440   1017    944    539
   441   1030    969    501
   442    989    991    520
   443   1019    993    488
   444    989    956    555
   445   1010    952    538
   446   1018    931    551
   447   1026    973    501
   448   1001   1003    496
   449   1006    939    555
   450   1006    968    526
   451   1023    945    532
   452   1047    948    505
   453   1003   1001    496
   454   1039    957    504
   455   1009   1000    491
   456   1037    979    484
   457   1027    997    476
   458    998    954    548
   459    989    999    512
   460   1024    989    487
   461   1035    925    540
   462   1094    902    504
   463   1086    952    462
   464   1053    961    486
   465   1030    974    496
   466    976   1007    517
   467    990    986    524
   468   1057    939    504
   469   1036    960    504
   470   1060    956    484
   471   1027    962    511
   472   1008    956    536
   473   1037    938    525
   474   1019    961    520
   475   1019    957    524
   476   1023    956    521
   477   1080    940    480
   478   1119    871    510
   479   1153    883    464
   480   1076    941    483
   481   1044    993    463
   482   1044    979    477
   483   1003    973    524
   484   1009    959    532
   485   1047    931    522
   486   1049    946    505
   487   1091    903    506
   488   1076    924    500
   489   1026    951    523
   490   1026    945    529
   491   1016    969    515
   492   1053    941    506
   493   1044    944    512
   494   1027    947    526
   495   1079    903    518
   496   1066    902    532
   497   1075    892    533
   498   1029    947    524
   499   1046    948    506
   500   1047    954    499
   501   1037    957    506
   502   1049    940    511
   503   1060    933    507
   504   1038    947    515
   505   1078    949    473
   506   1061    941    498
   507   1074    927    499
   508   1092    907    501
   509   1084    897    519
   510   1075    948    477
   511   1047    966    487
   512   1024    965    511
   513   1006    952    542
   514   1045    943    512
   515   1076    926    498
   516   1074    937    489
   517   1051    945    504
   518   1073    941    486
   519   1059    919    522
   520   1048    972    480
   521   1071    956    473
   522   1034    946    520
   523   1051    945    504
   524   1033    966    501
   525    998    961    541
   526   1073    938    489
   527   1069    927    504
   528   1075    967    458
   529   1049    963    488
   530   1036    939    525
   531   1055    932    513
   532   1052    940    508
   533   1062    944    494
   534   1068    910    522
   535   1083    919    498
   536   1052    932    516
   537   1047    956    497
   538   1046    945    509
   539   1052    934    514
   540   1045    947    508
   541   1018    975    507
   542   1045    937    518
   543   1049    957    494
   544   1040    964    496
   545   1062    956    482
   546   1031    948    521
   547   1016    982    502
   548   1025    962    513
   549   1045    922    533
   550   1056    933    511
   551   1020    996    484
   552   1014    984    502
   553   1050    959    491
   554   1052    942    506
   555   1065    962    473
   556   1036   1013    451
   557   1003    991    506
   558    993   1007    500
   559    991   1007    502
   560    976   1005    519
   561   1013    966    521
   562   1021    999    480
   563   1010    992    498
   564    988   1023    489
   565    991    986    523
   566    996    974    530
   567    996    983    521
   568   1030    958    512
   569   1057    954    489
   570   1038    959    503
   571   1008    974    518
   572   1041    922    537
   573   1042    947    511
   574   1017    995    488
   575   1042    960    498
   576   1062    936    502
   577   1049    940    511
   578   1087    921    492
   579   1109    908    483
   580   1064    959    477
   581    978    994    528
   582    957   1023    520
   583    986    994    520
   584   1021    916    563
   585   1120    878    502
   586   1114    887    499
   587   1066    924    510
   588   1033    983    484
   589   1011    986    503
   590    981   1006    513
   591    943   1019    538
   592    962   1008    530
   593   1028    962    510
   594    982   1001    517
   595   1002    976    522
   596   1020    972    508
   597    980    979    541
   598   1024    962    514
   599   1008    964    528
   600   1027    941    532
   601   1070    909    521
   602   1063    931    506
   603   1060    918    522
   604   1088    925    487
   605   1047    978    475
   606   1025    985    490
   607   1020    972    508
   608   1056    932    512
   609   1118    877    505
   610   1073    931    496
   611   1070    935    495
   612   1043    988    469
   613    987   1001    512
   614    961    979    560
   615    997    954    549
   616   1031    955    514
   617   1045    924    531
   618   1048    954    498
   619   1052    957    491
   620   1028    979    493
   621   1016    952    532
   622   1021    984    495
   623   1054    953    493
   624   1008   1035    457
   625    978   1019    503
   626    991   1002    507
   627    999   1015    486
   628    990    987    523
   629   1014    972    514
   630   1016    961    523
   631   1018   1008    474
   632    992   1027    481
   633    991    963    546
   634   1071    958    471
   635   1042    965    493
   636   1017    951    532
   637   1013    958    529
   638   1001   1006    493
   639   1007    952    541
   640   1059    951    490
   641   1030    985    485
   642   1028    983    489
   643   1055    981    464
   644    997   1019    484
   645    967   1014    519
   646   1023    941    536
   647   1023    997    480
   648   1004    993    503
   649    994   1004    502
   650   1042    933    525
   651   1045    924    531
   652   1029    950    521
   653   1016    956    528
   654   1043    941    516
   655   1033    944    523
   656   1034    953    513
   657   1002    944    554
   658   1054    949    497
   659   1022    977    501
   660   1028    947    525
   661   1028    949    523
   662   1063    922    515
   663   1085    920    495
   664   1050    945    505
   665   1057    941    502
   666   1045    944    511
   667   1055    945    500
   668   1024    996    480
   669   1010    998    492
   670   1048    964    488
   671   1022    981    497
   672   1061    937    502
   673   1083    937    480
   674   1050    935    515
   675   1072    907    521
   676   1074    958    468
   677   1079    960    461
   678   1042    992    466
   679    991   1000    509
   680   1008    955    537
   681   1092    923    485
   682   1063    917    520
   683   1064    918    518
   684   1033    951    516
   685   1068    935    497
   686   1037    992    471
   687    983    984    533
   688    991    973    536
   689    998    975    527
   690   1002    961    537
   691   1017    976    507
   692   1085    920    495
   693   1031    951    518
   694   1051    953    496
   695   1000    978    522
   696   1025    960    515
   697   1003   1010    487
   698    994   1002    504
   699    995    996    509
   700   1009    985    506
   701    977    983    540
   702   1011    943    546
   703   1047    938    515
   704   1051    933    516
   705   1050    917    533
   706   1023    963    514
   707   1012    997    491
   708   1016    970    514
   709   1057    948    495
   710   1040    952    508
   711   1031    987    482
   712   1001    976    523
   713   1017    949    534
   714   1024    978    498
   715   1034    966    500
   716   1086    901    513
   717   1060    952    488
   718   1078    893    529
   719   1077    925    498
   720   1099    903    498
   721   1065    941    494
   722   1016    970    514
   723   1030    960    510
   724   1046    966    488
   725   1059    933    508
   726   1044    930    526
   727   1089    906    505
   728   1114    899    487
   729   1062    941    497
   730   1025    988    487
   731   1074    920    506
   732   1036    933    531
   733   1057    928    515
   734   1052    945    503
   735   1071    896    533
   736   1087    921    492
   737   1060    947    493
   738   1053    958    489
   739   1049    989    462
   740   1039    947    514
   741   1045    998    457
   742   1079    948    473
   743    988    998    514
   744   1048    936    516
   745   1061    925    514
   746   1092    931    477
   747   1086    931    483
   748   1058    939    503
   749   1055    959    486
   750    990   1005    505
   751    995    981    524
   752   1028    957    515
   753   1031    942    527
   754   1042    929    529
   755   1043    942    515
   756   1016    935    549
   757   1076    921    503
   758   1039    940    521
   759   1048    939    513
   760   1030    959    511
   761   1058    955    487
   762   1047    973    480
   763   1025   1001    474
   764   1007   1004    489
   765   1038    954    508
   766   1047    950    503
   767   1037    956    507
   768   1067    923    510
   769   1039    934    527
   770   1063    955    482
   771    997   1006    497
   772   1018    998    484
   773    980   1035    485
   774   1035    946    519
   775   1070    969    461
   776   1024   1003    473
   777    988    991    521
   778    978    988    534
   779    980    982    538
   780   1025    935    540
   781   1052    900    548
   782   1098    904    498
   783   1087    959    454
   784   1076    943    481
   785   1088    912    500
   786   1047    908    545
   787   1076    910    514
   788   1097    918    485
   789   1107    904    489
   790   1090    915    495
   791   1076    909    515
   792   1032    951    517
   793   1049    978    473
   794   1016   1001    483
   795    993   1000    507
   796    987    970    543
   797   1006    987    507
   798    990    971    539
   799   1021    945    534
   800   1062    921    517
   801   1051    958    491
   802   1009    981    510
   803   1019    976    505
   804   1007    966    527
   805   1045    937    518
   806   1075    923    502
   807   1081    963    456
   808   1053    953    494
   809   1017    946    537
   810   1025    965    510
   811   1060    965    475
   812   1061    979    460
   813   1049    955    496
   814   1004    975    521
   815   1049    949    502
   816   1037    939    524
   817   1035    960    505
   818   1055    941    504
   819   1060    943    497
   820   1045    956    499
   821   1048    953    499
   822   1087    945    468
   823   1046    991    463
   824   1023    982    495
   825   1015    994    491
   826   1028    978    494
   827   1027    962    511
   828   1091    917    492
   829   1070    924    506
   830   1058    942    500
   831   1008    994    498
   832   1044    964    492
   833   1012    978    510
   834   1031    985    484
   835   1042    973    485
   836   1043    997    460
   837   1009    975    516
   838   1062    908    530
   839   1071    917    512
   840   1050    939    511
   841   1053    932    515
   842   1088    918    494
   843   1056    938    506
   844   1037    927    536
   845   1102    897    501
   846   1102    911    487
   847   1112    880    508
   848   1089    923    488
   849   1099    911    490
   850   1074    900    526
   851   1084    904    512
   852   1074    907    519
   853   1058    915    527
   854   1030    934    536
   855   1042    921    537
   856   1089    905    506
   857   1075    906    519
   858   1042    969    489
   859   1043    978    479
   860   1053    955    492
   861   1031    991    478
   862   1013    974    513
   863    994   1041    465
   864   1022    970    508
   865   1058    971    471
   866   1042    945    513
   867   1021    951    528
   868   1056    935    509
   869   1041    944    515
   870   1055    955    490
   871   1050    935    515
   872   1063    940    497
   873   1094    945    461
   874   1038    981    481
   875   1046    984    470
   876   1065    910    525
   877   1103    923    474
   878   1065    947    488
   879   1066    985    449
   880   1087    945    468
   881   1069    953    478
   882   1031   1008    461
   883    991   1003    506
   884   1010    979    511
   885   1013    961    526
   886   1032    967    501
   887   1070    939    491
   888   1009    971    520
   889   1052    958    490
   890   1008    992    500
   891   1016    980    504
   892   1042    947    511
   893   1028    992    480
   894   1007    988    505
   895    981   1003    516
   896   1011    995    494
   897    978   1000    522
   898   1011    952    537
   899    971   1011    518
   900    977    986    537
   901    982    976    542
   902    962   1002    536
   903   1051    952    497
   904   1017    979    504
   905   1067    931    502
   906   1015    977    508
   907   1020    954    526
   908   1065    931    504
   909   1046    930    524
   910   1081    891    528
   911   1060    958    482
   912   1092    946    462
   913   1033    988    479
   914   1017   1010    473
   915    987    998    515
   916   1008    973    519
   917    979    996    525
   918   1018    955    527
   919   1079    900    521
   920   1052    966    482
   921   1050    965    485
   922   1060    948    492
   923   1033    969    498
   924   1052    975    473
   925   1028    967    505
   926   1031    987    482
   927   1020    961    519
   928   1030    958    512
   929   1036    940    524
   930   1068    954    478
   931   1040    961    499
   932    997    985    518
   933   1057    927    516
   934   1015    967    518
   935    977   1018    505
   936    989   1024    487
   937    972   1019    509
   938   1008    959    533
   939    990   1023    487
   940    937   1042    521
   941    973   1019    508
   942   1011    989    500
   943    970   1010    520
   944    959   1013    528
   945    998    963    539
   946    993    962    545
   947   1009    965    526
   948   1040    944    516
   949   1056    952    492
   950   1120    903    477
   951   1096    926    478
   952   1066    935    499
   953   1054    951    495
   954   1067    958    475
   955   1018    960    522
   956   1063    925    512
   957   1039    969    492
   958   1049    981    470
   959   1051    942    507
   960   1073    943    484
   961   1045    979    476
   962   1021   1000    479
   963   1018    984    498
   964   1016    984    500
   965   1060    950    490
   966   1043    970    487
   967   1034    958    508
   968    975   1002    523
   969   1009    973    518
   970   1035    948    517
   971    989    999    512
   972    974   1007    519
   973    986    962    552
   974   1043    959    498
   975   1039    946    515
   976   1051    955    494
   977   1019    955    526
   978   1026    930    544
   979   1049    956    495
   980   1094    889    517
   981   1068    901    531
   982   1039    952    509
   983   1036    948    516
   984   1071    968    461
   985   1086    975    439
   986   1040    960    500
   987   1070    920    510
   988   1059    960    481
   989    999    971    530
   990    999    986    515
   991   1010    977    513
   992   1051    975    474
   993   1031   1000    469
   994    986   1029    485
   995   1012    949    539
   996   1027    958    515
   997   1010    993    497
   998    979    969    552
   999   1006    959    535
  1000    997    982    521
