# time (sweeps) | Susceptible | Infected | Recovered
     0    818    429   1253
     1    823    429   1248
     2    811    430   1259
     3    818    422   1260
     4    850    390   1260
     5    877    372   1251
     6    884    367   1249
     7    875    383   1242
     8    916    343   1241
     9    941    329   1230
    10    973    323   1204
    11    966    312   1222
    12    988    307   1205
    13   1007    322   1171
    14   1012    321   1167
    15   1020    323   1157
    16   1008    357   1135
    17    981    361   1158
    18    958    370   1172
    19    965    360   1175
    20    936    383   1181
    21    935    403   1162
    22    893    412   1195
    23    893    390   1217
    24    897    350   1253
    25    901    363   1236
    26    935    315   1250
    27    950    332   1218
    28    989    306   1205
    29   1052    300   1148
    30   1074    307   1119
    31   1112    273   1115
    32   1133    263   1104
    33   1155    268   1077
    34   1153    293   1054
    35   1130    310   1060
    36   1112    342   1046
    37   1085    344   1071
    38   1034    358   1108
    39    981    398   1121
    40    912    444   1144
    41    871    460   1169
    42    805    467   1228
    43    787    452   1261
    44    784    414   1302
    45    749    450   1301
    46    739    447   1314
    47    757    414   1329
    48    765    410   1325
    49    774    366   1360
    50    822    349   1329
    51    865    337   1298
    52    911    320   1269
    53    933    314   1253
    54    910    322   1268
    55    921    330   1249
    56    931    314   1255
    57    969    288   1243
    58   1032    285   1183
    59   1052    280   1168
    60   1060    309   1131
    61   1030    334   1136
    62   1022    364   1114
    63    955    422   1123
    64    915    422   1163
    65    861    405   1234
    66    844    418   1238
    67    852    362   1286
    68    884    318   1298
    69    936    306   1258
    70    936    310   1254
    71    929    356   1215
    72    925    366   1209
    73    967    334   1199
    74    955    357   1188
    75    954    361   1185
    76    979    346   1175
    77    999    318   1183
    78   1049    301   1150
    79   1075    288   1137
    80   1068    327   1105
    81   1082    325   1093
    82   1088    320   1092
    83   1032    353   1115
    84   1058    310   1132
    85   1063    315   1122
    86   1065    346   1089
    87   1004    376   1120
    88    970    363   1167
    89    966    360   1174
    90    972    371   1157
    91    952    371   1177
    92    968    359   1173
    93    948    385   1167
    94    937    374   1189
    95    933    393   1174
    96    927    427   1146
    97    829    475   1196
    98    778    462   1260
    99    769    405   1326
   100    751    398   1351
   101    777    383   1340
   102    810    373   1317
   103    856    343   1301
   104    875    334   1291
   105    897    323   1280
   106    965    285   1250
   107   1001    268   1231
   108   1030    270   1200
   109   1065    292   1143
   110   1071    322   1107
   111   1029    373   1098
   112    979    369   1152
   113    954    392   1154
   114    957    372   1171
   115    935    358   1207
   116    956    301   1243
   117    998    284   1218
   118   1027    296   1177
   119    991    348   1161
   120    970    349   1181
   121    978    345   1177
   122    950    360   1190
   123    919    367   1214
   124    890    381   1229
   125    914    339   1247
   126    956    325   1219
   127    951    326   1223
   128    953    352   1195
   129    952    358   1190
   130    962    351   1187
   131    981    323   1196
   132   1003    328   1169
   133   1009    335   1156
   134   1019    320   1161
   135   1072    297   1131
   136   1098    311   1091
   137   1100    295   1105
   138   1127    299   1074
   139   1094    332   1074
   140   1066    319   1115
   141   1060    313   1127
   142   1059    346   1095
   143   1077    326   1097
   144   1042    365   1093
   145   1005    401   1094
   146    972    403   1125
   147    941    391   1168
   148    914    398   1188
   149    896    410   1194
   150    893    374   1233
   151    908    375   1217
   152    854    384   1262
   153    865    399   1236
   154    831    386   1283
   155    832    414   1254
   156    832    404   1264
   157    810    401   1289
   158    828    390   1282
   159    856    356   1288
   160    866    370   1264
   161    888    361   1251
   162    897    361   1242
   163    929    328   1243
   164    946    322   1232
   165    939    356   1205
   166    958    376   1166
   167    962    372   1166
   168    940    396   1164
   169    926    402   1172
   170    913    390   1197
   171    891    413   1196
   172    880    431   1189
   173    834    454   1212
   174    804    460   1236
   175    777    449   1274
   176    765    444   1291
   177    745    426   1329
   178    773    373   1354
   179    795    383   1322
   180    816    364   1320
   181    872    354   1274
   182    906    343   1251
   183    915    365   1220
   184    924    356   1220
   185    963    345   1192
   186    941    370   1189
   187    918    362   1220
   188    903    403   1194
   189    898    385   1217
   190    898    388   1214
   191    884    366   1250
   192    921    358   1221
   193    931    384   1185
   194    958    339   1203
   195    957    357   1186
   196    961    345   1194
   197    984    327   1189
   198    993    332   1175
   199    983    325   1192
   200    975    362   1163
   201    965    381   1154
   202    936    373   1191
   203    933    355   1212
   204    917    365   1218
   205    928    347   1225
   206    933    371   1196
   207    933    339   1228
   208    933    347   1220
   209    916    354   1230
   210    921    343   1236
   211    931    346   1223
   212    943    349   1208
   213    945    359   1196
   214    914    404   1182
   215    869    431   1200
   216    871    415   1214
   217    869    395   1236
   218    852    402   1246
   219    850    400   1250
   220    823    401   1276
   221    833    356   1311
   222    855    361   1284
   223    864    342   1294
   224    906    333   1261
   225    899    353   1248
   226    925    337   1238
   227    955    326   1219
   228    982    318   1200
   229    983    335   1182
   230    993    345   1162
   231    975    352   1173
   232    968    366   1166
   233    947    397   1156
   234    900    386   1214
   235    911    374   1215
   236    905    374   1221
   237    884    367   1249
   238    846    417   1237
   239    842    415   1243
   240    815    407   1278
   241    804    405   1291
   242    851    368   1281
   243    867    358   1275
   244    897    311   1292
   245    955    300   1245
   246    994    314   1192
   247   1008    322   1170
   248   1008    342   1150
   249    975    379   1146
   250    943    398   1159
   251    909    414   1177
   252    868    406   1226
   253    848    415   1237
   254    821    433   1246
   255    825    427   1248
   256    840    412   1248
   257    837    400   1263
   258    847    423   1230
   259    829    428   1243
   260    832    429   1239
   261    795    426   1279
   262    747    442   1311
   263    733    435   1332
   264    751    398   1351
   265    785    367   1348
   266    818    366   1316
   267    853    357   1290
   268    884    320   1296
   269    927    295   1278
   270    990    289   1221
   271   1042    291   1167
   272   1034    328   1138
   273   1015    385   1100
   274    984    399   1117
   275    896    425   1179
   276    876    431   1193
   277    837    440   1223
   278    820    412   1268
   279    828    381   1291
   280    879    364   1257
   281    874    383   1243
   282    880    362   1258
   283    903    374   1223
   284    930    369   1201
   285    933    353   1214
   286    963    322   1215
   287    990    321   1189
   288    995    340   1165
   289   1026    338   1136
   290   1020    332   1148
   291    980    374   1146
   292    955    393   1152
   293    909    411   1180
   294    887    411   1202
   295    876    375   1249
   296    874    386   1240
   297    855    387   1258
   298    882    364   1254
   299    919    328   1253
   300    962    288   1250
   301    977    300   1223
   302   1000    287   1213
   303   1035    297   1168
   304   1027    314   1159
   305    990    343   1167
   306    996    340   1164
   307    972    373   1155
   308    972    374   1154
   309    929    383   1188
   310    916    388   1196
   311    912    358   1230
   312    902    378   1220
   313    918    358   1224
   314    925    363   1212
   315    911    377   1212
   316    935    356   1209
   317    904    375   1221
   318    904    379   1217
   319    881    393   1226
   320    861    402   1237
   321    849    371   1280
   322    855    391   1254
   323    830    395   1275
   324    867    360   1273
   325    882    341   1277
   326    857    360   1283
   327    853    378   1269
   328    817    418   1265
   329    842    380   1278
   330    864    380   1256
   331    849    380   1271
   332    879    369   1252
   333    896    399   1205
   334    904    398   1198
   335    857    420   1223
   336    830    421   1249
   337    815    395   1290
   338    837    369   1294
   339    838    337   1325
   340    867    357   1276
   341    881    366   1253
   342    892    374   1234
   343    912    385   1203
   344    908    379   1213
   345    886    395   1219
   346    849    435   1216
   347    813    428   1259
   348    847    408   1245
   349    825    404   1271
   350    846    373   1281
   351    839    385   1276
   352    838    385   1277
   353    828    392   1280
   354    825    385   1290
   355    840    368   1292
   356    845    361   1294
   357    882    330   1288
   358    891    350   1259
   359    917    327   1256
   360    924    345   1231
   361    914    343   1243
   362    932    329   1239
   363    935    311   1254
   364    929    328   1243
   365    935    334   1231
   366    907    378   1215
   367    897    352   1251
   368    921    348   1231
   369    935    363   1202
   370    906    386   1208
   371    882    406   1212
   372    877    413   1210
   373    866    413   1221
   374    852    393   1255
   375    837    413   1250
   376    835    416   1249
   377    836    375   1289
   378    838    383   1279
   379    871    380   1249
   380    904    360   1236
   381    900    361   1239
   382    895    361   1244
   383    889    379   1232
   384    908    364   1228
   385    924    338   1238
   386    951    331   1218
   387    988    301   1211
   388    969    347   1184
   389    982    337   1181
   390    998    330   1172
   391   1017    320   1163
   392   1029    303   1168
   393   1017    359   1124
   394    990    364   1146
   395    967    403   1130
   396    948    417   1135
   397    889    440   1171
   398    863    427   1210
   399    821    448   1231
   400    823    429   1248
   401    828    427   1245
   402    811    411   1278
   403    813    371   1316
   404    849    341   1310
   405    854    353   1293
   406    913    327   1260
   407    944    305   1251
   408    968    317   1215
   409    997    305   1198
   410    996    305   1199
   411    968    322   1210
   412    971    339   1190
   413    993    336   1171
   414    977    341   1182
   415    970    340   1190
   416    972    345   1183
   417    935    376   1189
   418    927    360   1213
   419    932    365   1203
   420    948    369   1183
   421    957    354   1189
   422    955    339   1206
   423    942    375   1183
   424    906    412   1182
   425    847    434   1219
   426    811    429   1260
   427    826    423   1251
   428    800    419   1281
   429    815    413   1272
   430    826    397   1277
   431    832    404   1264
   432    826    367   1307
   433    867    383   1250
   434    881    380   1239
   435    866    377   1257
   436    909    322   1269
   437    956    290   1254
   438   1014    292   1194
   439   1057    267   1176
   440   1071    317   1112
   441   1070    322   1108
   442   1080    313   1107
   443   1077    339   1084
   444   1041    375   1084
   445    999    395   1106
   446    961    397   1142
   447    955    351   1194
   448    971    355   1174
   449    929    394   1177
   450    932    400   1168
   451    925    410   1165
   452    924    385   1191
   453    935    364   1201
   454    904    393   1203
   455    879    397   1224
   456    875    398   1227
   457    840    397   1263
   458    851    394   1255
   459    898    345   1257
   460    922    341   1237
   461    994    307   1199
   462    990    311   1199
   463   1030    295   1175
   464   1029    322   1149
   465   1027    317   1156
   466   1052    311   1137
   467   1029    341   1130
   468    982    363   1155
   469    936    392   1172
   470    906    385   1209
   471    897    391   1212
   472    909    408   1183
   473    909    380   1211
   474    903    398   1199
   475    899    396   1205
   476    879    395   1226
   477    890    398   1212
   478    836    400   1264
   479    845    375   1280
   480    838    385   1277
   481    834    397   1269
   482    808    419   1273
   483    841    373   1286
   484    878    334   1288
   485    890    344   1266
   486    919    338   1243
   487    921    345   1234
   488    992    315   1193
   489   1012    332   1156
   490   1004    331   1165
   491    995    353   1152
   492    952    373   1175
   493    942    372   1186
   494    922    393   1185
   495    907    405   1188
   496    875    392   1233
   497    918    342   1240
   498    944    325   1231
   499    945    320   1235
   500    960    327   1213
   501    991    328   1181
   502   1017    304   1179
   503   1024    307   1169
   504   1038    312   1150
   505   1031    337   1132
   506   1006    361   1133
   507    969    394   1137
   508    953    370   1177
   509    952    368   1180
   510    895    418   1187
   511    893    375   1232
   512    913    358   1229
   513    936    349   1215
   514    950    350   1200
   515    940    379   1181
   516    924    369   1207
   517    924    351   1225
   518    932    371   1197
   519    942    354   1204
   520    934    360   1206
   521    948    338   1214
   522    946    372   1182
   523    908    414   1178
   524    870    429   1201
   525    846    442   1212
   526    834    458   1208
   527    813    422   1265
   528    808    417   1275
   529    762    437   1301
   530    763    420   1317
   531    784    404   1312
   532    810    354   1336
   533    848    374   1278
   534    901    322   1277
   535    946    313   1241
   536    941    327   1232
   537    959    344   1197
   538    973    331   1196
   539    978    323   1199
   540    991    302   1207
   541    993    323   1184
   542    991    345   1164
   543    988    333   1179
   544    977    334   1189
   545    979    367   1154
   546    994    371   1135
   547    994    341   1165
   548    939    388   1173
   549    891    411   1198
   550    861    436   1203
   551    798    421   1281
   552    840    387   1273
   553    862    367   1271
   554    904    351   1245
   555    923    327   1250
   556    923    351   1226
   557    912    353   1235
   558    921    332   1247
   559    935    333   1232
   560    958    338   1204
   561    949    353   1198
   562    924    357   1219
   563    946    322   1232
   564    963    325   1212
   565    967    333   1200
   566    976    335   1189
   567    970    346   1184
   568    973    356   1171
   569    959    378   1163
   570    946    365   1189
   571    974    362   1164
   572    936    379   1185
   573    916    377   1207
   574    918    357   1225
   575    947    349   1204
   576    978    329   1193
   577    976    351   1173
   578    982    344   1174
   579    986    336   1178
   580    989    352   1159
   581    983    354   1163
   582    949    390   1161
   583    925    381   1194
   584    904    409   1187
   585    890    404   1206
   586    880    402   1218
   587    865    383   1252
   588    902    352   1246
   589    897    356   1247
   590    907    356   1237
   591    920    366   1214
   592    935    358   1207
   593    921    362   1217
   594    895    376   1229
   595    877    377   1246
   596    906    362   1232
   597    894    367   1239
   598    845    397   1258
   599    834    382   1284
   600    834    368   1298
   601    821    384   1295
   602    849    384   1267
   603    829    391   1280
   604    809    395   1296
   605    802    420   1278
   606    805    399   1296
   607    818    387   1295
   608    849    358   1293
   609    875    358   1267
   610    885    338   1277
   611    910    320   1270
   612    933    295   1272
   613    944    297   1259
   614    989    290   1221
   615   1009    289   1202
   616   1024    315   1161
   617   1018    324   1158
   618   1012    346   1142
   619   1025    330   1145
   620    990    362   1148
   621    964    373   1163
   622    919    395   1186
   623    902    396   1202
   624    902    358   1240
   625    851    401   1248
   626    876    339   1285
   627    920    328   1252
   628    954    326   1220
   629    975    326   1199
   630   1019    301   1180
   631   1023    319   1158
   632   1033    345   1122
   633   1019    384   1097
   634    905    444   1151
   635    850    482   1168
   636    857    453   1190
   637    819    448   1233
   638    806    420   1274
   639    820    385   1295
   640    809    408   1283
   641    823    377   1300
   642    839    357   1304
   643    869    353   1278
   644    884    347   1269
   645    906    345   1249
   646    907    369   1224
   647    900    364   1236
   648    936    367   1197
   649    951    360   1189
   650    922    377   1201
   651    937    358   1205
   652    946    355   1199
   653    936    354   1210
   654    940    374   1186
   655    908    372   1220
   656    924    361   1215
   657    928    377   1195
   658    895    401   1204
   659    872    405   1223
   660    862    403   1235
   661    838    413   1249
   662    839    401   1260
   663    828    403   1269
   664    823    372   1305
   665    857    355   1288
   666    877    344   1279
   667    873    369   1258
   668    885    361   1254
   669    897    348   1255
   670    942    333   1225
   671    952    332   1216
   672    967    343   1190
   673    993    319   1188
   674    979    347   1174
   675   1008    346   1146
   676    990    363   1147
   677    974    387   1139
   678    975    366   1159
   679    965    379   1156
   680    944    381   1175
   681    906    431   1163
   682    846    444   1210
   683    802    442   1256
   684    790    416   1294
   685    789    411   1300
   686    810    400   1290
   687    828    373   1299
   688    901    334   1265
   689    920    327   1253
   690    955    345   1200
   691    957    350   1193
   692    910    374   1216
   693    902    367   1231
   694    896    338   1266
   695    910    329   1261
   696    906    355   1239
   697    921    352   1227
   698    924    368   1208
   699    917    379   1204
   700    915    389   1196
   701    869    403   1228
   702    865    414   1221
   703    869    401   1230
   704    843    413   1244
   705    844    382   1274
   706    871    365   1264
   707    845    398   1257
   708    836    381   1283
   709    860    391   1249
   710    867    384   1249
   711    834    397   1269
   712    824    401   1275
   713    833    380   1287
   714    841    361   1298
   715    858    330   1312
   716    863    331   1306
   717    905    311   1284
   718    965    287   1248
   719    976    309   1215
   720   1033    278   1189
   721   1056    290   1154
   722   1075    307   1118
   723   1062    333   1105
   724   1038    336   1126
   725   1014    342   1144
   726    972    360   1168
   727    994    315   1191
   728   1000    308   1192
   729   1037    303   1160
   730   1022    320   1158
   731   1034    301   1165
   732   1072    305   1123
   733   1041    334   1125
   734   1038    312   1150
   735   1085    294   1121
   736   1039    333   1128
   737   1021    337   1142
   738    988    340   1172
   739    949    380   1171
   740    923    417   1160
   741    913    395   1192
   742    888    407   1205
   743    862    410   1228
   744    846    406   1248
   745    860    391   1249
   746    864    371   1265
   747    890    348   1262
   748    881    376   1243
   749    864    393   1243
   750    879    370   1251
   751    911    358   1231
   752    918    376   1206
   753    926    362   1212
   754    902    403   1195
   755    907    378   1215
   756    920    355   1225
   757    948    331   1221
   758    962    321   1217
   759    959    326   1215
   760    929    366   1205
   761    861    405   1234
   762    856    405   1239
   763    848    409   1243
   764    889    373   1238
   765    894    381   1225
   766    887    381   1232
   767    902    357   1241
   768    904    392   1204
   769    927    363   1210
   770    910    386   1204
   771    929    367   1204
   772    953    359   1188
   773    972    348   1180
   774    993    302   1205
   775   1046    297   1157
   776   1067    289   1144
   777   1068    318   1114
   778   1079    309   1112
   779   1084    302   1114
   780   1100    327   1073
   781   1099    326   1075
   782   1108    332   1060
   783   1081    337   1082
   784   1046    366   1088
   785    995    401   1104
   786    979    403   1118
   787    931    457   1112
   788    890    446   1164
   789    834    454   1212
   790    815    427   1258
   791    819    431   1250
   792    803    426   1271
   793    774    425   1301
   794    777    396   1327
   795    791    404   1305
   796    793    393   1314
   797    764    397   1339
   798    829    359   1312
   799    871    352   1277
   800    866    366   1268
   801    915    341   1244
   802    950    341   1209
   803    980    309   1211
   804    999    333   1168
   805    951    371   1178
   806    927    392   1181
   807    923    371   1206
   808    950    377   1173
   809    933    379   1188
   810    926    380   1194
   811    898    380   1222
   812    863    399   1238
   813    889    392   1219
   814    866    399   1235
   815    866    412   1222
   816    887    372   1241
   817    924    356   1220
   818    876    393   1231
   819    883    388   1229
   820    878    385   1237
   821    897    347   1256
   822    935    324   1241
   823    965    323   1212
   824    965    361   1174
   825    935    391   1174
   826    887    399   1214
   827    869    404   1227
   828    822    400   1278
   829    833    364   1303
   830    854    344   1302
   831    906    328   1266
   832    971    322   1207
   833   1004    331   1165
   834    999    321   1180
   835    996    338   1166
   836   1035    326   1139
   837   1014    334   1152
   838   1018    365   1117
   839    974    379   1147
   840    960    355   1185
   841    969    352   1179
   842    953    351   1196
   843    944    362   1194
   844    923    358   1219
   845    907    406   1187
   846    890    401   1209
   847    900    409   1191
   848    876    404   1220
   849    863    388   1249
   850    832    417   1251
   851    838    375   1287
   852    864    366   1270
   853    865    380   1255
   854    888    368   1244
   855    885    344   1271
   856    887    374   1239
   857    867    363   1270
   858    843    379   1278
   859    856    375   1269
   860    870    358   1272
   861    849    361   1290
   862    862    345   1293
   863    920    320   1260
   864    941    342   1217
   865    904    378   1218
   866    872    392   1236
   867    877    394   1229
   868    887    385   1228
   869    866    389   1245
   870    852    402   1246
   871    834    386   1280
   872    828    395   1277
   873    854    364   1282
   874    854    361   1285
   875    849    390   1261
   876    870    348   1282
   877    898    345   1257
   878    898    355   1247
   879    915    353   1232
   880    925    338   1237
   881    949    328   1223
   882    981    314   1205
   883    982    312   1206
   884    972    318   1210
   885    994    320   1186
   886    951    340   1209
   887    965    342   1193
   888    993    341   1166
   889   1005    322   1173
   890   1005    351   1144
   891    925    397   1178
   892    889    414   1197
   893    889    406   1205
   894    878    400   1222
   895    842    433   1225
   896    831    412   1257
   897    837    388   1275
   898    839    349   1312
   899    878    342   1280
   900    871    360   1269
   901    887    362   1251
   902    888    350   1262
   903    900    360   1240
   904    879    396   1225
   905    868    382   1250
   906    873    380   1247
   907    934    335   1231
   908    938    355   1207
   909    920    358   1222
   910    916    367   1217
   911    909    378   1213
   912    883    392   1225
   913    911    371   1218
   914    893    382   1225
   915    880    381   1239
   916    886    384   1230
   917    869    353   1278
   918    927    324   1249
   919    960    311   1229
   920    932    364   1204
   921    933    368   1199
   922    953    351   1196
   923    934    380   1186
   924    962    360   1178
   925    940    359   1201
   926    960    354   1186
   927    952    363   1185
   928    949    366   1185
   929    998    341   1161
   930    973    362   1165
   931    928    401   1171
   932    937    360   1203
   933    931    369   1200
   934    910    405   1185
   935    850    429   1221
   936    819    427   1254
   937    829    432   1239
   938    847    402   1251
   939    800    413   1287
   940    792    422   1286
   941    805    390   1305
   942    840    357   1303
   943    878    346   1276
   944    899    330   1271
   945    906    344   1250
   946    947    331   1222
   947    946    365   1189
   948    946    375   1179
   949    922    380   1198
   950    947    361   1192
   951    953    376   1171
   952    941    382   1177
   953    916    380   1204
   954    909    384   1207
   955    928    334   1238
   956    929    362   1209
   957    902    405   1193
   958    822    431   1247
   959    798    423   1279
   960    786    438   1276
   961    809    389   1302
   962    818    367   1315
   963    829    359   1312
   964    826    365   1309
   965    854    333   1313
   966    866    330   1304
   967    902    318   1280
   968    913    332   1255
   969    904    357   1239
   970    898    370   1232
   971    910    370   1220
   972    896    388   1216
   973    879    386   1235
   974    873    363   1264
   975    887    369   1244
   976    880    374   1246
   977    892    351   1257
   978    913    369   1218
   979    911    388   1201
   980    910    369   1221
   981    887    357   1256
   982    893    359   1248
   983    905    353   1242
   984    891    377   1232
   985    886    349   1265
   986    904    350   1246
   987    916    354   1230
   988    937    339   1224
   989    955    333   1212
   990   1006    316   1178
   991   1014    348   1138
   992    979    372   1149
   993    965    375   1160
   994    990    373   1137
   995    980    385   1135
   996    984    400   1116
   997    960    380   1160
   998    963    341   1196
   999    948    362   1190
  1000    921    355   1224
