# time (sweeps) | Susceptible | Infected | Recovered
     0    765   1071    664
     1    734   1029    737
     2    785   1011    704
     3    784   1017    699
     4    823   1009    668
     5    801   1027    672
     6    790   1034    676
     7    845    994    661
     8    810   1002    688
     9    815   1001    684
    10    763   1050    687
    11    788   1048    664
    12    809    991    700
    13    772   1053    675
    14    738   1037    725
    15    774   1016    710
    16    794   1028    678
    17    786   1018    696
    18    810   1015    675
    19    821   1024    655
    20    765   1030    705
    21    793   1032    675
    22    781   1041    678
    23    825   1004    671
    24    808   1062    630
    25    763   1057    680
    26    775   1035    690
    27    787   1000    713
    28    810    977    713
    29    846   1003    651
    30    854   1009    637
    31    820   1006    674
    32    806   1030    664
    33    765   1038    697
    34    781   1032    687
    35    766   1033    701
    36    736   1051    713
    37    755   1017    728
    38    740   1005    755
    39    731   1081    688
    40    734   1070    696
    41    757   1045    698
    42    767   1024    709
    43    800   1006    694
    44    874    990    636
    45    839    994    667
    46    820   1004    676
    47    809    980    711
    48    826    970    704
    49    813    978    709
    50    766   1010    724
    51    819   1004    677
    52    785   1039    676
    53    751   1037    712
    54    782    996    722
    55    824    982    694
    56    836   1006    658
    57    800   1022    678
    58    778   1034    688
    59    769   1040    691
    60    786   1020    694
    61    771   1033    696
    62    784   1006    710
    63    781    995    724
    64    815   1007    678
    65    772   1077    651
    66    753   1050    697
    67    747   1012    741
    68    755   1068    677
    69    721   1087    692
    70    777   1041    682
    71    807   1004    689
    72    795   1032    673
    73    788   1055    657
    74    796   1027    677
    75    815   1033    652
    76    804   1050    646
    77    747   1044    709
    78    818    984    698
    79    821    989    690
    80    808   1027    665
    81    821   1026    653
    82    764   1022    714
    83    775   1019    706
    84    775   1004    721
    85    790   1044    666
    86    765   1079    656
    87    741   1074    685
    88    771   1063    666
    89    754   1058    688
    90    728   1045    727
    91    763   1028    709
    92    808   1038    654
    93    771   1068    661
    94    709   1078    713
    95    774   1015    711
    96    775    995    730
    97    786   1031    683
    98    823   1015    662
    99    749   1072    679
   100    749   1021    730
   101    753   1031    716
   102    776   1010    714
   103    825    967    708
   104    830    971    699
   105    780   1024    696
   106    831    996    673
   107    800   1028    672
   108    772   1043    685
   109    767   1024    709
   110    761   1018    721
   111    745   1036    719
   112    787   1017    696
   113    778   1068    654
   114    785   1034    681
   115    776   1065    659
   116    769   1074    657
   117    753   1096    651
   118    699   1102    699
   119    723   1050    727
   120    771   1065    664
   121    773   1070    657
   122    765   1034    701
   123    766   1042    692
   124    755   1054    691
   125    753   1034    713
   126    730   1017    753
   127    774   1021    705
   128    783   1030    687
   129    792   1028    680
   130    816   1010    674
   131    751   1055    694
   132    787   1023    690
   133    785   1020    695
   134    810   1020    670
   135    770   1038    692
   136    759   1017    724
   137    799    993    708
   138    779   1051    670
   139    763   1059    678
   140    790   1050    660
   141    774   1089    637
   142    723   1121    656
   143    713   1057    730
   144    755   1062    683
   145    766   1057    677
   146    776   1054    670
   147    785   1021    694
   148    776   1010    714
   149    778   1001    721
   150    780   1027    693
   151    764   1046    690
   152    774   1007    719
   153    809    972    719
   154    795   1031    674
   155    798   1021    681
   156    795   1029    676
   157    771   1070    659
   158    777   1012    711
   159    785   1020    695
   160    767   1043    690
   161    751   1045    704
   162    755   1055    690
   163    761   1064    675
   164    779   1057    664
   165    795    999    706
   166    775   1032    693
   167    788   1055    657
   168    778   1036    686
   169    813   1017    670
   170    801   1020    679
   171    785   1040    675
   172    797   1022    681
   173    755   1045    700
   174    764   1026    710
   175    753   1043    704
   176    776   1035    689
   177    779   1038    683
   178    766   1069    665
   179    743   1062    695
   180    728   1073    699
   181    764   1044    692
   182    759   1035    706
   183    790   1020    690
   184    774   1056    670
   185    783   1031    686
   186    785    995    720
   187    810    995    695
   188    815   1030    655
   189    726   1083    691
   190    742   1025    733
   191    807    988    705
   192    840    978    682
   193    781    982    737
   194    796   1008    696
   195    832    996    672
   196    815   1030    655
   197    779   1063    658
   198    760   1028    712
   199    762   1064    674
   200    725   1074    701
   201    712   1031    757
   202    751   1012    737
   203    782   1005    713
   204    788   1033    679
   205    828   1019    653
   206    829   1032    639
   207    761   1099    640
   208    731   1069    700
   209    764   1044    692
   210    744   1049    707
   211    774   1032    694
   212    767   1036    697
   213    766   1014    720
   214    818    970    712
   215    820   1013    667
   216    795   1066    639
   217    753   1027    720
   218    746   1065    689
   219    772   1039    689
   220    784   1026    690
   221    776   1014    710
   222    792   1020    688
   223    783   1041    676
   224    804   1012    684
   225    790    987    723
   226    798   1015    687
   227    816   1000    684
   228    831   1008    661
   229    819    979    702
   230    828   1000    672
   231    782   1083    635
   232    785   1068    647
   233    779   1050    671
   234    731   1055    714
   235    723   1054    723
   236    746   1061    693
   237    804   1000    696
   238    786   1043    671
   239    755   1031    714
   240    819    991    690
   241    821   1025    654
   242    840    980    680
   243    788   1032    680
   244    784    995    721
   245    825   1007    668
   246    787   1041    672
   247    747   1050    703
   248    769   1028    703
   249    762   1042    696
   250    730   1055    715
   251    740   1026    734
   252    784   1014    702
   253    807   1020    673
   254    786   1047    667
   255    784   1033    683
   256    790   1030    680
   257    816   1035    649
   258    746   1117    637
   259    749   1074    677
   260    753   1018    729
   261    780   1010    710
   262    789   1012    699
   263    778    990    732
   264    838    964    698
   265    851    942    707
   266    798   1012    690
   267    781   1025    694
   268    789   1027    684
   269    789   1038    673
   270    800    996    704
   271    796   1013    691
   272    768   1052    680
   273    742   1099    659
   274    747   1042    711
   275    765   1045    690
   276    778   1043    679
   277    741   1051    708
   278    720   1059    721
   279    783   1012    705
   280    773   1061    666
   281    776   1031    693
   282    766   1054    680
   283    779   1055    666
   284    764   1068    668
   285    748   1067    685
   286    784   1046    670
   287    785   1042    673
   288    794   1002    704
   289    768   1047    685
   290    776   1036    688
   291    812    986    702
   292    876    985    639
   293    838    982    680
   294    791   1034    675
   295    826   1037    637
   296    783   1076    641
   297    737   1058    705
   298    753   1028    719
   299    774   1018    708
   300    770   1058    672
   301    782   1032    686
   302    814   1044    642
   303    809   1038    653
   304    802   1024    674
   305    834    992    674
   306    836    988    676
   307    821   1007    672
   308    826    989    685
   309    789   1000    711
   310    812    993    695
   311    779   1026    695
   312    779   1069    652
   313    748   1054    698
   314    791    998    711
   315    753   1055    692
   316    757   1055    688
   317    785   1020    695
   318    775   1031    694
   319    786   1019    695
   320    810   1008    682
   321    817   1008    675
   322    790   1033    677
   323    733   1080    687
   324    746   1036    718
   325    769   1005    726
   326    805   1002    693
   327    816   1029    655
   328    794   1021    685
   329    792   1003    705
   330    794   1015    691
   331    769   1076    655
   332    731   1070    699
   333    764   1038    698
   334    803   1001    696
   335    764   1022    714
   336    784    995    721
   337    774   1023    703
   338    804   1030    666
   339    751   1044    705
   340    763   1067    670
   341    738   1079    683
   342    800   1029    671
   343    768   1077    655
   344    780   1013    707
   345    779   1037    684
   346    778   1013    709
   347    781   1008    711
   348    782   1026    692
   349    752   1046    702
   350    709   1067    724
   351    756   1065    679
   352    706   1109    685
   353    751   1010    739
   354    787    981    732
   355    784   1017    699
   356    773   1006    721
   357    790   1022    688
   358    781    998    721
   359    794    968    738
   360    765   1017    718
   361    802   1033    665
   362    814   1035    651
   363    790   1055    655
   364    787   1042    671
   365    752   1061    687
   366    718   1038    744
   367    727   1052    721
   368    711   1069    720
   369    751   1005    744
   370    795   1023    682
   371    797   1021    682
   372    758   1026    716
   373    811   1004    685
   374    801    991    708
   375    796   1017    687
   376    798   1043    659
   377    777   1026    697
   378    818   1015    667
   379    812   1022    666
   380    799   1005    696
   381    802   1027    671
   382    792   1032    676
   383    792   1042    666
   384    823   1004    673
   385    815    986    699
   386    744   1063    693
   387    729   1092    679
   388    762   1028    710
   389    789   1020    691
   390    794   1040    666
   391    762   1076    662
   392    782   1038    680
   393    737   1064    699
   394    783   1021    696
   395    800   1018    682
   396    819    994    687
   397    806   1026    668
   398    720   1074    706
   399    743   1067    690
   400    796   1008    696
   401    784   1019    697
   402    825    969    706
   403    826    951    723
   404    824    994    682
   405    823   1036    641
   406    753   1024    723
   407    805   1033    662
   408    742   1066    692
   409    758   1043    699
   410    760   1016    724
   411    788    991    721
   412    820    980    700
   413    828    977    695
   414    848    941    711
   415    819    989    692
   416    824    993    683
   417    849    984    667
   418    804   1019    677
   419    825   1024    651
   420    818   1029    653
   421    789   1042    669
   422    769   1070    661
   423    733   1076    691
   424    760   1050    690
   425    737   1082    681
   426    751   1072    677
   427    786   1033    681
   428    730   1085    685
   429    707   1088    705
   430    755   1025    720
   431    765   1014    721
   432    811   1012    677
   433    781   1022    697
   434    803    987    710
   435    774   1045    681
   436    743   1053    704
   437    732   1047    721
   438    733   1089    678
   439    718   1088    694
   440    756   1042    702
   441    774   1009    717
   442    785   1042    673
   443    815   1016    669
   444    789   1048    663
   445    763   1069    668
   446    802   1021    677
   447    772   1056    672
   448    755   1057    688
   449    757   1085    658
   450    726   1086    688
   451    762   1052    686
   452    743   1069    688
   453    800    994    706
   454    747   1018    735
   455    771   1033    696
   456    809   1016    675
   457    833   1034    633
   458    817   1013    670
   459    767   1023    710
   460    755   1010    735
   461    772   1048    680
   462    794    996    710
   463    778   1002    720
   464    769   1018    713
   465    771   1008    721
   466    756   1038    706
   467    761   1025    714
   468    745   1050    705
   469    768   1032    700
   470    768   1053    679
   471    767   1040    693
   472    798   1030    672
   473    790   1024    686
   474    820    988    692
   475    801    997    702
   476    778   1059    663
   477    737   1047    716
   478    783   1010    707
   479    844    989    667
   480    814   1029    657
   481    765   1040    695
   482    750   1057    693
   483    801   1040    659
   484    793   1027    680
   485    743   1071    686
   486    763   1046    691
   487    767   1022    711
   488    762   1034    704
   489    760   1048    692
   490    766   1009    725
   491    822    975    703
   492    801    965    734
   493    832   1003    665
   494    795   1012    693
   495    805   1041    654
   496    802   1036    662
   497    740   1078    682
   498    726   1063    711
   499    779   1031    690
   500    819   1032    649
   501    803   1012    685
   502    762   1022    716
   503    770   1058    672
   504    754   1025    721
   505    780    992    728
   506    815    974    711
   507    773   1009    718
   508    777   1035    688
   509    766   1041    693
   510    796    993    711
   511    805   1000    695
   512    803   1018    679
   513    776   1021    703
   514    770   1077    653
   515    741   1077    682
   516    764   1077    659
   517    752   1068    680
   518    791   1054    655
   519    791   1019    690
   520    835    998    667
   521    822    980    698
   522    760   1061    679
   523    765   1068    667
   524    797   1030    673
   525    810    994    696
   526    815   1021    664
   527    788   1060    652
   528    784   1075    641
   529    747   1100    653
   530    748   1069    683
   531    767   1047    686
   532    800   1008    692
   533    818    989    693
   534    782   1072    646
   535    752   1015    733
   536    761   1053    686
   537    772   1033    695
   538    755   1074    671
   539    730   1096    674
   540    730   1105    665
   541    758   1090    652
   542    756   1066    678
   543    758   1080    662
   544    737   1063    700
   545    774   1039    687
   546    796   1014    690
   547    780   1000    720
   548    815   1042    643
   549    793   1026    681
   550    775   1024    701
   551    822   1027    651
   552    800   1022    678
   553    818   1019    663
   554    777   1060    663
   555    771   1038    691
   556    775   1018    707
   557    783   1045    672
   558    789   1037    674
   559    791   1040    669
   560    779   1041    680
   561    810    987    703
   562    836   1017    647
   563    829    994    677
   564    815   1056    629
   565    770   1066    664
   566    752   1042    706
   567    771   1035    694
   568    776   1038    686
   569    766   1055    679
   570    762   1066    672
   571    760   1006    734
   572    772   1042    686
   573    770   1016    714
   574    746   1076    678
   575    747   1058    695
   576    774   1056    670
   577    802   1023    675
   578    771   1012    717
   579    806   1007    687
   580    764   1009    727
   581    829    988    683
   582    807   1002    691
   583    807    996    697
   584    845   1016    639
   585    812   1023    665
   586    807    991    702
   587    820   1036    644
   588    771   1067    662
   589    743   1068    689
   590    770   1060    670
   591    743   1096    661
   592    749   1050    701
   593    753   1053    694
   594    761   1045    694
   595    759   1042    699
   596    750   1059    691
   597    778   1019    703
   598    819   1004    677
   599    787   1016    697
   600    788   1011    701
   601    804    992    704
   602    773   1027    700
   603    801   1007    692
   604    807    978    715
   605    779   1037    684
   606    796   1023    681
   607    796   1020    684
   608    813    972    715
   609    841    998    661
   610    812   1013    675
   611    776   1061    663
   612    761   1067    672
   613    790   1061    649
   614    780   1065    655
   615    752   1064    684
   616    735   1031    734
   617    780   1008    712
   618    785   1009    706
   619    805   1011    684
   620    837   1007    656
   621    783   1027    690
   622    776   1029    695
   623    832    986    682
   624    803   1014    683
   625    843   1016    641
   626    813   1063    624
   627    773   1061    666
   628    780   1024    696
   629    792   1016    692
   630    756   1060    684
   631    760   1023    717
   632    763   1022    715
   633    760   1048    692
   634    781   1037    682
   635    806   1033    661
   636    767   1048    685
   637    762   1042    696
   638    781   1047    672
   639    789   1031    680
   640    773   1009    718
   641    791   1032    677
   642    804   1051    645
   643    768   1046    686
   644    793    988    719
   645    785   1012    703
   646    807   1016    677
   647    804   1027    669
   648    776   1032    692
   649    764   1043    693
   650    762   1030    708
   651    800    982    718
   652    792    973    735
   653    858    955    687
   654    810   1018    672
   655    772   1035    693
   656    810   1006    684
   657    800   1019    681
   658    810    998    692
   659    813   1006    681
   660    799   1008    693
   661    794   1005    701
   662    832    963    705
   663    818   1027    655
   664    767   1062    671
   665    767   1019    714
   666    793   1049    658
   667    782   1055    663
   668    787   1051    662
   669    733   1061    706
   670    733   1060    707
   671    750   1043    707
   672    745   1052    703
   673    790   1038    672
   674    793   1036    671
   675    756   1046    698
   676    780   1029    691
   677    768   1075    657
   678    736   1060    704
   679    744   1064    692
   680    700   1089    711
   681    741   1033    726
   682    728   1059    713
   683    712   1071    717
   684    751   1069    680
   685    728   1059    713
   686    786    996    718
   687    782   1045    673
   688    752   1051    697
   689    742   1060    698
   690    773   1014    713
   691    795   1022    683
   692    719   1048    733
   693    799    995    706
   694    768   1049    683
   695    743   1055    702
   696    754   1047    699
   697    776   1024    700
   698    808   1002    690
   699    816   1004    680
   700    812   1020    668
   701    766   1081    653
   702    798   1005    697
   703    812   1059    629
   704    768   1050    682
   705    746   1083    671
   706    748   1064    688
   707    729   1057    714
   708    785    993    722
   709    775   1005    720
   710    765   1052    683
   711    760   1032    708
   712    764   1044    692
   713    773   1043    684
   714    762   1075    663
   715    783   1053    664
   716    773   1035    692
   717    793   1030    677
   718    779   1037    684
   719    799   1036    665
   720    778   1045    677
   721    825   1025    650
   722    749   1095    656
   723    744   1049    707
   724    767   1044    689
   725    780   1062    658
   726    760   1062    678
   727    775   1027    698
   728    791    998    711
   729    797   1022    681
   730    750   1081    669
   731    762   1056    682
   732    714   1049    737
   733    766   1043    691
   734    743   1051    706
   735    761   1004    735
   736    742   1042    716
   737    741   1020    739
   738    773   1045    682
   739    770   1049    681
   740    784   1063    653
   741    778   1027    695
   742    798   1021    681
   743    800   1046    654
   744    741   1051    708
   745    779   1040    681
   746    820   1006    674
   747    761   1060    679
   748    792   1021    687
   749    786   1003    711
   750    768   1043    689
   751    752   1032    716
   752    745   1039    716
   753    760   1039    701
   754    768   1034    698
   755    729   1044    727
   756    755   1027    718
   757    758   1024    718
   758    772   1016    712
   759    767   1017    716
   760    800   1027    673
   761    776   1035    689
   762    842    993    665
   763    815   1036    649
   764    797   1007    696
   765    827    991    682
   766    791   1018    691
   767    786   1035    679
   768    751   1042    707
   769    777   1049    674
   770    759   1040    701
   771    775   1043    682
   772    760   1031    709
   773    763   1021    716
   774    781   1034    685
   775    725   1013    762
   776    779    993    728
   777    820    994    686
   778    820   1010    670
   779    804   1040    656
   780    753   1092    655
   781    752   1057    691
   782    744   1054    702
   783    799   1027    674
   784    780   1046    674
   785    783   1015    702
   786    801    998    701
   787    782   1013    705
   788    782   1014    704
   789    792    924    784
   790    893    889    718
   791    881    961    658
   792    817   1035    648
   793    808   1023    669
   794    809    987    704
   795    742   1051    707
   796    755   1051    694
   797    802   1023    675
   798    774   1083    643
   799    759   1099    642
   800    745   1068    687
   801    781   1051    668
   802    792   1051    657
   803    794   1017    689
   804    794   1004    702
   805    820    991    689
   806    799   1040    661
   807    816   1019    665
   808    798   1012    690
   809    790   1012    698
   810    872    991    637
   811    784   1065    651
   812    780   1051    669
   813    794   1027    679
   814    751   1082    667
   815    771   1034    695
   816    761   1049    690
   817    794   1038    668
   818    827   1024    649
   819    825   1019    656
   820    786   1038    676
   821    775   1071    654
   822    772   1051    677
   823    763   1073    664
   824    741   1093    666
   825    750   1074    676
   826    795   1049    656
   827    763   1061    676
   828    770   1052    678
   829    798   1005    697
   830    811   1003    686
   831    817    985    698
   832    826    994    680
   833    802   1021    677
   834    791   1029    680
   835    798   1046    656
   836    750   1048    702
   837    803    975    722
   838    881    978    641
   839    805   1085    610
   840    762   1086    652
   841    787   1019    694
   842    775   1044    681
   843    795   1027    678
   844    773   1078    649
   845    767   1047    686
   846    755   1047    698
   847    750   1051    699
   848    752   1056    692
   849    748   1045    707
   850    786    997    717
   851    780   1004    716
   852    779    993    728
   853    845   1013    642
   854    790   1028    682
   855    741   1069    690
   856    776   1025    699
   857    765    993    742
   858    762   1035    703
   859    797   1003    700
   860    780   1037    683
   861    784   1009    707
   862    817   1000    683
   863    785   1036    679
   864    787   1039    674
   865    803   1001    696
   866    802    992    706
   867    788   1048    664
   868    787   1051    662
   869    775   1025    700
   870    775   1045    680
   871    762   1036    702
   872    759   1039    702
   873    781   1021    698
   874    779   1036    685
   875    827   1029    644
   876    782   1021    697
   877    821   1010    669
   878    816   1015    669
   879    783   1013    704
   880    811   1030    659
   881    796    995    709
   882    791   1004    705
   883    816    997    687
   884    814   1014    672
   885    796   1028    676
   886    778   1034    688
   887    792   1011    697
   888    776   1050    674
   889    758   1068    674
   890    766   1082    652
   891    785   1062    653
   892    770   1073    657
   893    770   1072    658
   894    738   1049    713
   895    777   1022    701
   896    757   1056    687
   897    748   1079    673
   898    754   1050    696
   899    771   1022    707
   900    733   1064    703
   901    742   1029    729
   902    817   1004    679
   903    745   1053    702
   904    780   1022    698
   905    792    988    720
   906    747   1038    715
   907    782   1048    670
   908    772   1045    683
   909    766   1040    694
   910    746   1060    694
   911    771   1063    666
   912    790   1029    681
   913    762   1041    697
   914    758   1039    703
   915    801   1006    693
   916    786   1023    691
   917    739   1071    690
   918    759   1043    698
   919    787   1039    674
   920    764   1028    708
   921    815   1004    681
   922    793   1044    663
   923    767   1051    682
   924    772    990    738
   925    768   1007    725
   926    792   1023    685
   927    786   1038    676
   928    809   1019    672
   929    775   1021    704
   930    777   1007    716
   931    787   1028    685
   932    763   1044    693
   933    800   1017    683
   934    789   1052    659
   935    770   1025    705
   936    798   1055    647
   937    792   1049    659
   938    720   1076    704
   939    771   1034    695
   940    763   1030    707
   941    790   1040    670
   942    769   1051    680
   943    757   1071    672
   944    794   1010    696
   945    801   1010    689
   946    755   1021    724
   947    784   1018    698
   948    805    984    711
   949    808   1002    690
   950    796   1023    681
   951    800   1040    660
   952    792   1027    681
   953    798   1041    661
   954    799   1042    659
   955    758   1069    673
   956    738   1074    688
   957    763   1014    723
   958    780   1026    694
   959    772   1075    653
   960    765   1069    666
   961    752   1044    704
   962    784   1026    690
   963    814   1007    679
   964    769   1038    693
   965    744   1046    710
   966    781   1013    706
   967    775   1009    716
   968    772   1030    698
   969    771   1042    687
   970    785   1019    696
   971    754   1022    724
   972    783    992    725
   973    791   1008    701
   974    816   1017    667
   975    820   1010    670
   976    809   1034    657
   977    822   1011    667
   978    810    997    693
   979    803   1026    671
   980    785   1023    692
   981    821   1013    666
   982    804   1004    692
   983    810    996    694
   984    824   1003    673
   985    790   1066    644
   986    792   1067    641
   987    776   1040    684
   988    782   1039    679
   989    779   1057    664
   990    736   1063    701
   991    774   1047    679
   992    785   1008    707
   993    801   1053    646
   994    773   1040    687
   995    748   1040    712
   996    787   1031    682
   997    788   1030    682
   998    760   1057    683
   999    770   1028    702
  1000    743   1090    667
