# time (sweeps) | Susceptible | Infected | Recovered
     0    818    910    772
     1    792    916    792
     2    800    912    788
     3    786    901    813
     4    825    889    786
     5    799    903    798
     6    811    929    760
     7    799    908    793
     8    785    870    845
     9    818    904    778
    10    773    949    778
    11    776    935    789
    12    761    979    760
    13    763    918    819
    14    781    907    812
    15    818    876    806
    16    865    843    792
    17    844    897    759
    18    841    885    774
    19    812    899    789
    20    864    859    777
    21    845    932    723
    22    800    964    736
    23    800    957    743
    24    770    926    804
    25    825    847    828
    26    853    862    785
    27    868    880    752
    28    860    909    731
    29    836    929    735
    30    825    903    772
    31    781    951    768
    32    761    934    805
    33    824    913    763
    34    820    927    753
    35    837    893    770
    36    815    936    749
    37    766    965    769
    38    759    946    795
    39    773    924    803
    40    774    919    807
    41    810    891    799
    42    830    883    787
    43    810    879    811
    44    823    871    806
    45    804    872    824
    46    831    881    788
    47    823    897    780
    48    833    846    821
    49    879    832    789
    50    852    890    758
    51    808    893    799
    52    794    883    823
    53    831    919    750
    54    816    928    756
    55    818    934    748
    56    771    930    799
    57    787    916    797
    58    831    886    783
    59    831    877    792
    60    856    895    749
    61    828    923    749
    62    784    926    790
    63    823    914    763
    64    805    936    759
    65    779    894    827
    66    815    907    778
    67    796    921    783
    68    807    890    803
    69    853    870    777
    70    826    909    765
    71    763    949    788
    72    763    940    797
    73    796    890    814
    74    814    902    784
    75    795    937    768
    76    764    933    803
    77    818    877    805
    78    835    864    801
    79    809    875    816
    80    827    883    790
    81    805    878    817
    82    823    845    832
    83    839    866    795
    84    847    866    787
    85    831    910    759
    86    831    875    794
    87    842    887    771
    88    817    898    785
    89    809    908    783
    90    792    916    792
    91    796    935    769
    92    836    863    801
    93    858    871    771
    94    844    903    753
    95    811    908    781
    96    803    905    792
    97    835    871    794
    98    846    895    759
    99    808    929    763
   100    794    975    731
   101    719    985    796
   102    752    951    797
   103    787    892    821
   104    807    907    786
   105    831    865    804
   106    823    901    776
   107    836    907    757
   108    787    967    746
   109    831    911    758
   110    788    919    793
   111    810    868    822
   112    811    904    785
   113    775    932    793
   114    782    910    808
   115    839    900    761
   116    796    914    790
   117    793    914    793
   118    800    936    764
   119    775    969    756
   120    797    944    759
   121    776    969    755
   122    777    937    786
   123    800    897    803
   124    825    904    771
   125    805    910    785
   126    828    912    760
   127    809    933    758
   128    792    937    771
   129    803    890    807
   130    787    918    795
   131    814    882    804
   132    804    908    788
   133    806    915    779
   134    809    921    770
   135    762    924    814
   136    833    878    789
   137    808    878    814
   138    801    927    772
   139    808    879    813
   140    806    929    765
   141    811    918    771
   142    780    904    816
   143    817    862    821
   144    816    873    811
   145    826    855    819
   146    876    844    780
   147    868    871    761
   148    835    907    758
   149    781    956    763
   150    816    891    793
   151    822    886    792
   152    814    888    798
   153    783    894    823
   154    801    887    812
   155    842    908    750
   156    821    924    755
   157    797    950    753
   158    746    942    812
   159    769    917    814
   160    797    903    800
   161    835    912    753
   162    772    920    808
   163    783    928    789
   164    791    937    772
   165    785    956    759
   166    771    939    790
   167    771    934    795
   168    760    938    802
   169    723    989    788
   170    753    940    807
   171    743    928    829
   172    800    901    799
   173    799    904    797
   174    815    922    763
   175    829    877    794
   176    841    878    781
   177    834    878    788
   178    838    896    766
   179    816    922    762
   180    819    878    803
   181    849    862    789
   182    838    875    787
   183    815    909    776
   184    834    907    759
   185    864    911    725
   186    813    924    763
   187    771    934    795
   188    742    954    804
   189    765    930    805
   190    784    909    807
   191    827    884    789
   192    829    918    753
   193    804    938    758
   194    787    920    793
   195    821    913    766
   196    825    882    793
   197    787    907    806
   198    784    929    787
   199    801    902    797
   200    837    889    774
   201    869    890    741
   202    848    908    744
   203    803    949    748
   204    813    912    775
   205    759    908    833
   206    758    914    828
   207    797    909    794
   208    807    900    793
   209    827    891    782
   210    812    904    784
   211    838    888    774
   212    808    905    787
   213    815    883    802
   214    825    909    766
   215    819    887    794
   216    788    902    810
   217    754    892    854
   218    805    863    832
   219    843    877    780
   220    901    854    745
   221    854    927    719
   222    846    918    736
   223    833    936    731
   224    795    942    763
   225    797    913    790
   226    851    833    816
   227    841    883    776
   228    816    915    769
   229    777    913    810
   230    816    920    764
   231    821    938    741
   232    773    959    768
   233    794    937    769
   234    761    961    778
   235    783    951    766
   236    787    924    789
   237    796    960    744
   238    793    913    794
   239    770    938    792
   240    766    937    797
   241    768    935    797
   242    759    941    800
   243    781    913    806
   244    781    908    811
   245    813    878    809
   246    845    848    807
   247    840    848    812
   248    854    862    784
   249    898    826    776
   250    866    888    746
   251    801    919    780
   252    760    939    801
   253    760    908    832
   254    804    867    829
   255    852    857    791
   256    810    898    792
   257    829    864    807
   258    806    875    819
   259    852    864    784
   260    857    886    757
   261    799    927    774
   262    805    905    790
   263    793    913    794
   264    833    916    751
   265    847    874    779
   266    844    885    771
   267    810    885    805
   268    817    895    788
   269    802    905    793
   270    799    928    773
   271    792    911    797
   272    784    934    782
   273    808    926    766
   274    803    922    775
   275    828    915    757
   276    811    943    746
   277    810    913    777
   278    748    951    801
   279    762    923    815
   280    754    956    790
   281    771    928    801
   282    754    929    817
   283    805    912    783
   284    815    897    788
   285    790    933    777
   286    815    890    795
   287    846    893    761
   288    798    933    769
   289    821    918    761
   290    802    896    802
   291    829    878    793
   292    833    893    774
   293    773    901    826
   294    858    839    803
   295    867    858    775
   296    862    850    788
   297    842    859    799
   298    858    906    736
   299    854    882    764
   300    873    868    759
   301    832    893    775
   302    839    875    786
   303    810    916    774
   304    816    930    754
   305    806    935    759
   306    808    902    790
   307    824    883    793
   308    783    931    786
   309    832    858    810
   310    817    854    829
   311    836    895    769
   312    826    890    784
   313    776    891    833
   314    864    888    748
   315    815    925    760
   316    802    933    765
   317    827    903    770
   318    835    891    774
   319    835    882    783
   320    835    878    787
   321    798    879    823
   322    783    903    814
   323    855    842    803
   324    870    858    772
   325    890    845    765
   326    867    876    757
   327    840    895    765
   328    854    886    760
   329    811    903    786
   330    814    894    792
   331    798    962    740
   332    732    993    775
   333    718    961    821
   334    766    876    858
   335    805    903    792
   336    805    921    774
   337    787    946    767
   338    741    956    803
   339    735    943    822
   340    761    933    806
   341    812    900    788
   342    828    912    760
   343    778    937    785
   344    797    891    812
   345    810    915    775
   346    799    909    792
   347    793    916    791
   348    786    886    828
   349    763    880    857
   350    804    860    836
   351    801    851    848
   352    881    839    780
   353    866    897    737
   354    818    939    743
   355    778    942    780
   356    804    902    794
   357    819    880    801
   358    830    923    747
   359    822    888    790
   360    865    867    768
   361    840    880    780
   362    858    855    787
   363    877    868    755
   364    829    905    766
   365    812    930    758
   366    843    904    753
   367    859    911    730
   368    841    892    767
   369    807    928    765
   370    785    943    772
   371    769    947    784
   372    790    926    784
   373    713    944    843
   374    759    922    819
   375    789    912    799
   376    786    926    788
   377    796    935    769
   378    786    924    790
   379    730    967    803
   380    727    945    828
   381    772    894    834
   382    812    920    768
   383    789    886    825
   384    795    881    824
   385    804    894    802
   386    794    896    810
   387    832    856    812
   388    830    843    827
   389    852    860    788
   390    849    910    741
   391    814    946    740
   392    829    915    756
   393    826    923    751
   394    835    943    722
   395    793    967    740
   396    781    958    761
   397    782    946    772
   398    791    962    747
   399    832    907    761
   400    819    913    768
   401    857    906    737
   402    779    912    809
   403    808    906    786
   404    804    915    781
   405    762    919    819
   406    828    889    783
   407    792    909    799
   408    798    905    797
   409    827    871    802
   410    849    869    782
   411    809    919    772
   412    803    900    797
   413    806    913    781
   414    774    922    804
   415    766    938    796
   416    796    899    805
   417    820    857    823
   418    851    884    765
   419    840    897    763
   420    842    908    750
   421    797    951    752
   422    772    941    787
   423    760    902    838
   424    825    869    806
   425    858    877    765
   426    836    886    778
   427    787    922    791
   428    811    925    764
   429    844    918    738
   430    806    917    777
   431    774    919    807
   432    818    927    755
   433    814    900    786
   434    785    941    774
   435    784    916    800
   436    805    902    793
   437    819    890    791
   438    858    877    765
   439    833    924    743
   440    797    929    774
   441    819    919    762
   442    862    875    763
   443    818    879    803
   444    838    879    783
   445    807    895    798
   446    813    868    819
   447    828    878    794
   448    836    869    795
   449    863    872    765
   450    877    850    773
   451    806    932    762
   452    786    923    791
   453    799    908    793
   454    824    845    831
   455    842    864    794
   456    809    917    774
   457    812    886    802
   458    817    866    817
   459    810    881    809
   460    840    875    785
   461    866    859    775
   462    885    870    745
   463    869    878    753
   464    842    887    771
   465    836    901    763
   466    821    885    794
   467    780    926    794
   468    804    928    768
   469    777    920    803
   470    762    932    806
   471    816    867    817
   472    794    904    802
   473    814    893    793
   474    791    903    806
   475    801    911    788
   476    788    888    824
   477    827    877    796
   478    832    878    790
   479    833    903    764
   480    821    926    753
   481    812    918    770
   482    824    907    769
   483    836    871    793
   484    838    872    790
   485    803    934    763
   486    778    959    763
   487    778    923    799
   488    776    918    806
   489    828    868    804
   490    873    818    809
   491    896    845    759
   492    879    907    714
   493    839    940    721
   494    829    903    768
   495    823    846    831
   496    873    837    790
   497    882    881    737
   498    839    894    767
   499    834    895    771
   500    836    882    782
   501    809    911    780
   502    819    894    787
   503    827    884    789
   504    800    941    759
   505    792    896    812
   506    782    875    843
   507    823    890    787
   508    833    913    754
   509    840    888    772
   510    831    908    761
   511    836    900    764
   512    819    893    788
   513    847    913    740
   514    777    949    774
   515    787    922    791
   516    782    936    782
   517    796    901    803
   518    805    889    806
   519    810    912    778
   520    778    913    809
   521    801    885    814
   522    847    872    781
   523    853    916    731
   524    817    938    745
   525    745    984    771
   526    769    928    803
   527    787    923    790
   528    798    923    779
   529    814    881    805
   530    802    880    818
   531    788    914    798
   532    806    885    809
   533    832    854    814
   534    886    870    744
   535    845    861    794
   536    869    896    735
   537    821    924    755
   538    804    947    749
   539    781    931    788
   540    761    911    828
   541    780    928    792
   542    798    904    798
   543    801    907    792
   544    791    947    762
   545    738    963    799
   546    776    926    798
   547    818    908    774
   548    848    888    764
   549    840    911    749
   550    809    927    764
   551    820    867    813
   552    880    865    755
   553    869    890    741
   554    860    879    761
   555    787    930    783
   556    791    951    758
   557    807    902    791
   558    852    870    778
   559    839    863    798
   560    846    878    776
   561    870    852    778
   562    822    918    760
   563    819    916    765
   564    734    977    789
   565    780    918    802
   566    750    919    831
   567    753    896    851
   568    790    886    824
   569    823    920    757
   570    807    931    762
   571    757    951    792
   572    768    926    806
   573    764    911    825
   574    814    901    785
   575    853    870    777
   576    805    903    792
   577    792    901    807
   578    813    897    790
   579    795    888    817
   580    811    900    789
   581    763    925    812
   582    760    942    798
   583    770    940    790
   584    754    941    805
   585    771    916    813
   586    822    879    799
   587    811    908    781
   588    830    885    785
   589    868    849    783
   590    838    932    730
   591    825    911    764
   592    834    893    773
   593    808    939    753
   594    760    921    819
   595    743    943    814
   596    757    917    826
   597    810    903    787
   598    834    872    794
   599    843    857    800
   600    861    860    779
   601    774    967    759
   602    771    913    816
   603    789    920    791
   604    810    875    815
   605    836    869    795
   606    817    860    823
   607    825    877    798
   608    842    840    818
   609    881    837    782
   610    894    811    795
   611    866    865    769
   612    888    852    760
   613    863    884    753
   614    861    897    742
   615    874    903    723
   616    821    951    728
   617    792    957    751
   618    751    988    761
   619    773    911    816
   620    834    850    816
   621    872    842    786
   622    867    872    761
   623    837    875    788
   624    844    884    772
   625    845    919    736
   626    800    954    746
   627    767    943    790
   628    826    907    767
   629    820    891    789
   630    811    909    780
   631    831    902    767
   632    845    872    783
   633    828    891    781
   634    883    879    738
   635    834    888    778
   636    821    900    779
   637    814    945    741
   638    796    927    777
   639    790    909    801
   640    737    945    818
   641    804    862    834
   642    809    881    810
   643    830    903    767
   644    819    900    781
   645    868    881    751
   646    866    849    785
   647    873    875    752
   648    807    878    815
   649    802    885    813
   650    848    858    794
   651    857    827    816
   652    824    870    806
   653    854    863    783
   654    814    881    805
   655    831    913    756
   656    800    951    749
   657    777    951    772
   658    786    948    766
   659    821    907    772
   660    822    904    774
   661    836    912    752
   662    821    920    759
   663    831    894    775
   664    831    881    788
   665    808    913    779
   666    814    935    751
   667    829    906    765
   668    810    920    770
   669    807    912    781
   670    845    894    761
   671    829    900    771
   672    859    893    748
   673    805    940    755
   674    776    918    806
   675    785    903    812
   676    795    958    747
   677    770    956    774
   678    793    933    774
   679    829    920    751
   680    798    936    766
   681    814    929    757
   682    783    942    775
   683    808    895    797
   684    858    872    770
   685    885    846    769
   686    897    858    745
   687    886    890    724
   688    822    921    757
   689    851    906    743
   690    783    907    810
   691    758    958    784
   692    779    944    777
   693    779    945    776
   694    786    931    783
   695    824    880    796
   696    806    896    798
   697    811    941    748
   698    766    923    811
   699    806    913    781
   700    806    888    806
   701    832    881    787
   702    841    914    745
   703    854    888    758
   704    846    884    770
   705    850    888    762
   706    806    898    796
   707    815    896    789
   708    848    840    812
   709    833    895    772
   710    814    893    793
   711    834    908    758
   712    798    919    783
   713    817    915    768
   714    858    867    775
   715    840    893    767
   716    799    885    816
   717    807    881    812
   718    854    809    837
   719    875    829    796
   720    836    870    794
   721    837    881    782
   722    845    872    783
   723    864    839    797
   724    852    876    772
   725    791    943    766
   726    781    932    787
   727    736    978    786
   728    735    957    808
   729    771    892    837
   730    815    876    809
   731    832    910    758
   732    816    916    768
   733    845    927    728
   734    834    877    789
   735    821    866    813
   736    802    897    801
   737    819    884    797
   738    842    862    796
   739    826    865    809
   740    821    871    808
   741    835    858    807
   742    849    858    793
   743    844    916    740
   744    822    911    767
   745    800    917    783
   746    833    905    762
   747    807    891    802
   748    881    858    761
   749    832    882    786
   750    845    878    777
   751    847    842    811
   752    844    871    785
   753    823    889    788
   754    827    910    763
   755    786    931    783
   756    811    887    802
   757    860    873    767
   758    831    907    762
   759    802    958    740
   760    797    897    806
   761    844    879    777
   762    801    910    789
   763    805    919    776
   764    785    913    802
   765    824    853    823
   766    832    885    783
   767    826    909    765
   768    836    858    806
   769    823    894    783
   770    854    872    774
   771    864    874    762
   772    835    889    776
   773    855    898    747
   774    831    906    763
   775    816    934    750
   776    746    995    759
   777    778    932    790
   778    776    965    759
   779    768    934    798
   780    775    926    799
   781    773    922    805
   782    747    922    831
   783    758    939    803
   784    783    899    818
   785    759    912    829
   786    828    867    805
   787    862    833    805
   788    891    814    795
   789    887    846    767
   790    857    888    755
   791    815    925    760
   792    804    903    793
   793    779    932    789
   794    836    911    753
   795    830    899    771
   796    801    901    798
   797    809    857    834
   798    825    916    759
   799    789    903    808
   800    782    929    789
   801    807    902    791
   802    845    889    766
   803    800    915    785
   804    806    931    763
   805    830    883    787
   806    813    917    770
   807    803    926    771
   808    804    931    765
   809    830    895    775
   810    827    892    781
   811    822    897    781
   812    827    896    777
   813    814    920    766
   814    773    937    790
   815    803    889    808
   816    823    920    757
   817    827    912    761
   818    826    918    756
   819    811    941    748
   820    788    941    771
   821    776    908    816
   822    811    870    819
   823    785    903    812
   824    819    895    786
   825    810    900    790
   826    830    897    773
   827    840    876    784
   828    856    878    766
   829    847    916    737
   830    811    919    770
   831    802    919    779
   832    793    935    772
   833    750    933    817
   834    773    906    821
   835    773    926    801
   836    799    913    788
   837    785    909    806
   838    802    911    787
   839    823    886    791
   840    874    851    775
   841    857    837    806
   842    863    892    745
   843    817    908    775
   844    818    916    766
   845    811    898    791
   846    803    892    805
   847    798    915    787
   848    816    896    788
   849    831    888    781
   850    833    895    772
   851    835    900    765
   852    810    909    781
   853    794    914    792
   854    792    881    827
   855    789    940    771
   856    756   1004    740
   857    774    960    766
   858    777    967    756
   859    786    943    771
   860    779    928    793
   861    813    918    769
   862    825    909    766
   863    803    914    783
   864    790    931    779
   865    794    940    766
   866    786    887    827
   867    847    889    764
   868    829    895    776
   869    831    906    763
   870    848    888    764
   871    812    916    772
   872    748    947    805
   873    733    932    835
   874    824    847    829
   875    884    842    774
   876    874    858    768
   877    828    925    747
   878    807    943    750
   879    795    915    790
   880    758    943    799
   881    765    930    805
   882    774    908    818
   883    772    899    829
   884    789    892    819
   885    810    868    822
   886    827    889    784
   887    835    911    754
   888    813    912    775
   889    811    898    791
   890    814    915    771
   891    797    921    782
   892    845    882    773
   893    824    879    797
   894    815    901    784
   895    837    883    780
   896    851    867    782
   897    829    873    798
   898    847    854    799
   899    821    920    759
   900    847    888    765
   901    819    921    760
   902    766    956    778
   903    765    913    822
   904    803    906    791
   905    839    871    790
   906    857    876    767
   907    784    961    755
   908    822    920    758
   909    812    900    788
   910    757    933    810
   911    799    929    772
   912    799    931    770
   913    763    936    801
   914    824    894    782
   915    829    903    768
   916    791    905    804
   917    820    879    801
   918    842    886    772
   919    807    905    788
   920    865    909    726
   921    819    943    738
   922    781    922    797
   923    789    917    794
   924    791    949    760
   925    806    898    796
   926    782    912    806
   927    785    900    815
   928    822    913    765
   929    833    883    784
   930    833    880    787
   931    817    871    812
   932    843    887    770
   933    876    876    748
   934    883    920    697
   935    816    967    717
   936    839    900    761
   937    846    897    757
   938    841    899    760
   939    815    894    791
   940    855    892    753
   941    782    925    793
   942    810    917    773
   943    800    896    804
   944    810    892    798
   945    829    919    752
   946    824    905    771
   947    833    879    788
   948    854    880    766
   949    856    856    788
   950    846    870    784
   951    842    897    761
   952    850    872    778
   953    810    939    751
   954    796    903    801
   955    775    931    794
   956    756    868    876
   957    836    852    812
   958    847    869    784
   959    809    905    786
   960    758    928    814
   961    800    913    787
   962    824    889    787
   963    842    925    733
   964    802    915    783
   965    840    879    781
   966    858    902    740
   967    823    892    785
   968    861    890    749
   969    851    879    770
   970    845    910    745
   971    850    900    750
   972    804    925    771
   973    809    923    768
   974    795    899    806
   975    790    924    786
   976    789    941    770
   977    783    914    803
   978    793    905    802
   979    795    903    802
   980    816    896    788
   981    795    886    819
   982    806    864    830
   983    805    870    825
   984    872    847    781
   985    892    835    773
   986    856    846    798
   987    805    900    795
   988    786    909    805
   989    817    892    791
   990    801    902    797
   991    838    914    748
   992    820    922    758
   993    854    844    802
   994    870    825    805
   995    870    841    789
   996    882    878    740
   997    888    893    719
   998    874    861    765
   999    837    929    734
  1000    817    918    765
