# time (sweeps) | Susceptible | Infected | Recovered
     0    877    521   1102
     1    815    545   1140
     2    800    552   1148
     3    803    511   1186
     4    811    502   1187
     5    808    508   1184
     6    805    529   1166
     7    837    499   1164
     8    843    538   1119
     9    801    575   1124
    10    768    572   1160
    11    753    544   1203
    12    707    606   1187
    13    703    561   1236
    14    710    549   1241
    15    725    531   1244
    16    768    499   1233
    17    758    526   1216
    18    761    542   1197
    19    762    552   1186
    20    757    554   1189
    21    744    579   1177
    22    759    530   1211
    23    812    518   1170
    24    794    548   1158
    25    786    553   1161
    26    725    602   1173
    27    741    561   1198
    28    737    532   1231
    29    732    537   1231
    30    731    512   1257
    31    760    484   1256
    32    806    473   1221
    33    823    465   1212
    34    869    484   1147
    35    862    525   1113
    36    820    544   1136
    37    787    555   1158
    38    756    586   1158
    39    765    525   1210
    40    758    535   1207
    41    756    521   1223
    42    764    511   1225
    43    783    503   1214
    44    827    468   1205
    45    870    450   1180
    46    900    448   1152
    47    889    486   1125
    48    848    540   1112
    49    834    550   1116
    50    817    526   1157
    51    764    549   1187
    52    738    575   1187
    53    775    560   1165
    54    755    550   1195
    55    779    531   1190
    56    715    558   1227
    57    696    541   1263
    58    667    551   1282
    59    690    555   1255
    60    711    518   1271
    61    748    514   1238
    62    796    501   1203
    63    759    516   1225
    64    811    496   1193
    65    813    527   1160
    66    828    544   1128
    67    775    569   1156
    68    771    559   1170
    69    756    572   1172
    70    750    584   1166
    71    785    533   1182
    72    753    527   1220
    73    786    523   1191
    74    788    520   1192
    75    799    531   1170
    76    796    527   1177
    77    789    537   1174
    78    760    528   1212
    79    791    527   1182
    80    771    553   1176
    81    788    528   1184
    82    776    556   1168
    83    781    550   1169
    84    800    549   1151
    85    745    588   1167
    86    726    580   1194
    87    734    553   1213
    88    758    527   1215
    89    744    535   1221
    90    731    535   1234
    91    740    504   1256
    92    764    492   1244
    93    750    544   1206
    94    735    534   1231
    95    744    522   1234
    96    762    512   1226
    97    808    480   1212
    98    794    504   1202
    99    792    498   1210
   100    823    548   1129
   101    786    589   1125
   102    731    598   1171
   103    701    590   1209
   104    650    586   1264
   105    643    603   1254
   106    659    576   1265
   107    698    541   1261
   108    738    509   1253
   109    780    517   1203
   110    821    490   1189
   111    831    487   1182
   112    816    508   1176
   113    788    552   1160
   114    755    574   1171
   115    764    558   1178
   116    792    560   1148
   117    761    539   1200
   118    736    572   1192
   119    729    554   1217
   120    754    541   1205
   121    735    569   1196
   122    757    572   1171
   123    742    560   1198
   124    762    529   1209
   125    736    533   1231
   126    754    522   1224
   127    782    515   1203
   128    761    527   1212
   129    797    517   1186
   130    798    520   1182
   131    799    540   1161
   132    805    508   1187
   133    813    505   1182
   134    838    489   1173
   135    885    475   1140
   136    905    471   1124
   137    903    478   1119
   138    906    500   1094
   139    872    513   1115
   140    851    509   1140
   141    852    509   1139
   142    864    491   1145
   143    860    527   1113
   144    812    554   1134
   145    809    544   1147
   146    806    573   1121
   147    702    618   1180
   148    674    635   1191
   149    677    595   1228
   150    695    565   1240
   151    688    572   1240
   152    705    572   1223
   153    707    549   1244
   154    753    517   1230
   155    753    484   1263
   156    752    500   1248
   157    800    478   1222
   158    820    501   1179
   159    844    515   1141
   160    852    520   1128
   161    813    547   1140
   162    802    544   1154
   163    764    546   1190
   164    737    563   1200
   165    762    508   1230
   166    779    492   1229
   167    770    524   1206
   168    790    518   1192
   169    782    492   1226
   170    802    470   1228
   171    838    457   1205
   172    867    458   1175
   173    858    491   1151
   174    843    508   1149
   175    827    522   1151
   176    809    533   1158
   177    812    513   1175
   178    758    573   1169
   179    741    569   1190
   180    727    593   1180
   181    738    565   1197
   182    725    543   1232
   183    727    543   1230
   184    715    570   1215
   185    698    557   1245
   186    718    553   1229
   187    729    519   1252
   188    748    520   1232
   189    765    521   1214
   190    805    497   1198
   191    807    518   1175
   192    822    538   1140
   193    800    536   1164
   194    776    550   1174
   195    792    528   1180
   196    802    546   1152
   197    778    533   1189
   198    773    532   1195
   199    764    529   1207
   200    767    513   1220
   201    753    533   1214
   202    771    530   1199
   203    793    557   1150
   204    752    580   1168
   205    768    561   1171
   206    743    584   1173
   207    742    537   1221
   208    739    512   1249
   209    805    466   1229
   210    809    469   1222
   211    801    504   1195
   212    820    520   1160
   213    795    576   1129
   214    728    612   1160
   215    730    604   1166
   216    702    616   1182
   217    704    590   1206
   218    724    529   1247
   219    750    494   1256
   220    820    479   1201
   221    833    477   1190
   222    854    469   1177
   223    883    461   1156
   224    846    517   1137
   225    818    516   1166
   226    820    495   1185
   227    823    506   1171
   228    825    529   1146
   229    776    526   1198
   230    770    521   1209
   231    797    512   1191
   232    766    543   1191
   233    804    522   1174
   234    762    557   1181
   235    769    544   1187
   236    737    565   1198
   237    768    549   1183
   238    717    581   1202
   239    736    572   1192
   240    693    596   1211
   241    709    545   1246
   242    736    534   1230
   243    741    546   1213
   244    785    521   1194
   245    810    532   1158
   246    752    573   1175
   247    730    614   1156
   248    689    582   1229
   249    688    550   1262
   250    731    533   1236
   251    730    532   1238
   252    756    535   1209
   253    753    529   1218
   254    759    508   1233
   255    757    518   1225
   256    809    500   1191
   257    813    519   1168
   258    822    506   1172
   259    807    519   1174
   260    817    537   1146
   261    791    527   1182
   262    801    528   1171
   263    809    512   1179
   264    774    526   1200
   265    787    500   1213
   266    823    487   1190
   267    849    497   1154
   268    852    496   1152
   269    822    545   1133
   270    779    565   1156
   271    727    620   1153
   272    701    636   1163
   273    690    609   1201
   274    721    555   1224
   275    739    570   1191
   276    744    552   1204
   277    764    549   1187
   278    770    542   1188
   279    777    546   1177
   280    802    500   1198
   281    787    530   1183
   282    844    486   1170
   283    862    475   1163
   284    869    500   1131
   285    836    516   1148
   286    846    523   1131
   287    804    539   1157
   288    760    580   1160
   289    768    590   1142
   290    744    558   1198
   291    760    549   1191
   292    741    554   1205
   293    730    531   1239
   294    784    506   1210
   295    803    510   1187
   296    837    493   1170
   297    836    498   1166
   298    845    532   1123
   299    817    537   1146
   300    793    545   1162
   301    792    546   1162
   302    759    588   1153
   303    766    596   1138
   304    735    597   1168
   305    708    603   1189
   306    696    586   1218
   307    705    538   1257
   308    734    536   1230
   309    725    502   1273
   310    719    537   1244
   311    723    529   1248
   312    764    503   1233
   313    765    546   1189
   314    787    508   1205
   315    774    507   1219
   316    821    485   1194
   317    844    484   1172
   318    804    544   1152
   319    787    554   1159
   320    794    522   1184
   321    756    524   1220
   322    796    527   1177
   323    786    531   1183
   324    817    490   1193
   325    822    524   1154
   326    819    506   1175
   327    826    512   1162
   328    805    524   1171
   329    814    529   1157
   330    782    556   1162
   331    777    556   1167
   332    776    562   1162
   333    732    579   1189
   334    726    569   1205
   335    782    536   1182
   336    779    531   1190
   337    782    519   1199
   338    828    520   1152
   339    777    548   1175
   340    754    536   1210
   341    774    515   1211
   342    787    539   1174
   343    803    553   1144
   344    816    530   1154
   345    817    518   1165
   346    816    549   1135
   347    754    599   1147
   348    727    576   1197
   349    725    580   1195
   350    755    544   1201
   351    757    572   1171
   352    773    536   1191
   353    755    554   1191
   354    718    588   1194
   355    738    565   1197
   356    750    521   1229
   357    801    489   1210
   358    812    525   1163
   359    838    515   1147
   360    833    551   1116
   361    806    565   1129
   362    749    574   1177
   363    735    550   1215
   364    776    540   1184
   365    761    530   1209
   366    744    543   1213
   367    762    559   1179
   368    769    570   1161
   369    797    519   1184
   370    789    549   1162
   371    782    575   1143
   372    749    555   1196
   373    768    535   1197
   374    770    554   1176
   375    764    533   1203
   376    776    510   1214
   377    805    523   1172
   378    810    534   1156
   379    802    517   1181
   380    830    495   1175
   381    895    502   1103
   382    839    539   1122
   383    782    562   1156
   384    765    545   1190
   385    736    558   1206
   386    721    558   1221
   387    735    545   1220
   388    727    570   1203
   389    755    547   1198
   390    785    533   1182
   391    790    529   1181
   392    790    531   1179
   393    754    570   1176
   394    752    566   1182
   395    732    586   1182
   396    743    547   1210
   397    722    574   1204
   398    715    578   1207
   399    727    563   1210
   400    704    590   1206
   401    718    564   1218
   402    723    590   1187
   403    693    588   1219
   404    710    582   1208
   405    705    541   1254
   406    735    522   1243
   407    792    475   1233
   408    806    462   1232
   409    822    487   1191
   410    823    496   1181
   411    816    518   1166
   412    798    526   1176
   413    799    522   1179
   414    831    490   1179
   415    841    489   1170
   416    871    497   1132
   417    839    564   1097
   418    787    568   1145
   419    781    557   1162
   420    721    616   1163
   421    733    565   1202
   422    752    568   1180
   423    760    548   1192
   424    786    527   1187
   425    765    566   1169
   426    756    562   1182
   427    718    597   1185
   428    709    576   1215
   429    727    581   1192
   430    749    547   1204
   431    755    554   1191
   432    768    544   1188
   433    789    523   1188
   434    767    540   1193
   435    750    576   1174
   436    762    542   1196
   437    777    555   1168
   438    760    567   1173
   439    747    540   1213
   440    776    502   1222
   441    809    490   1201
   442    794    501   1205
   443    817    484   1199
   444    853    483   1164
   445    864    484   1152
   446    824    544   1132
   447    830    533   1137
   448    827    527   1146
   449    798    563   1139
   450    765    559   1176
   451    733    576   1191
   452    744    560   1196
   453    764    551   1185
   454    750    550   1200
   455    706    556   1238
   456    724    531   1245
   457    777    508   1215
   458    813    488   1199
   459    835    494   1171
   460    887    490   1123
   461    874    501   1125
   462    819    527   1154
   463    752    581   1167
   464    693    598   1209
   465    681    597   1222
   466    690    606   1204
   467    705    578   1217
   468    686    558   1256
   469    652    587   1261
   470    666    573   1261
   471    692    531   1277
   472    775    503   1222
   473    814    491   1195
   474    809    526   1165
   475    780    550   1170
   476    773    537   1190
   477    764    536   1200
   478    805    514   1181
   479    753    546   1201
   480    741    563   1196
   481    707    573   1220
   482    746    552   1202
   483    749    571   1180
   484    757    550   1193
   485    768    560   1172
   486    728    566   1206
   487    726    567   1207
   488    718    553   1229
   489    749    538   1213
   490    771    537   1192
   491    757    553   1190
   492    773    537   1190
   493    810    538   1152
   494    807    551   1142
   495    755    575   1170
   496    735    556   1209
   497    750    534   1216
   498    759    521   1220
   499    733    543   1224
   500    746    544   1210
   501    789    494   1217
   502    784    538   1178
   503    785    510   1205
   504    785    510   1205
   505    781    534   1185
   506    787    549   1164
   507    787    569   1144
   508    776    568   1156
   509    773    569   1158
   510    791    545   1164
   511    793    546   1161
   512    785    533   1182
   513    796    549   1155
   514    757    587   1156
   515    705    594   1201
   516    738    555   1207
   517    780    515   1205
   518    748    567   1185
   519    757    502   1241
   520    752    520   1228
   521    746    530   1224
   522    752    534   1214
   523    731    542   1227
   524    757    523   1220
   525    758    529   1213
   526    754    553   1193
   527    747    523   1230
   528    804    505   1191
   529    790    520   1190
   530    797    493   1210
   531    838    532   1130
   532    790    552   1158
   533    810    517   1173
   534    817    515   1168
   535    782    529   1189
   536    827    476   1197
   537    824    495   1181
   538    820    542   1138
   539    797    546   1157
   540    755    552   1193
   541    743    576   1181
   542    779    522   1199
   543    775    527   1198
   544    795    515   1190
   545    793    524   1183
   546    764    534   1202
   547    738    563   1199
   548    750    523   1227
   549    765    525   1210
   550    802    506   1192
   551    779    550   1171
   552    786    544   1170
   553    765    547   1188
   554    723    585   1192
   555    682    606   1212
   556    703    600   1197
   557    725    570   1205
   558    690    576   1234
   559    682    554   1264
   560    680    555   1265
   561    724    547   1229
   562    686    547   1267
   563    712    511   1277
   564    769    489   1242
   565    802    478   1220
   566    834    503   1163
   567    810    529   1161
   568    772    561   1167
   569    769    590   1141
   570    736    580   1184
   571    734    531   1235
   572    765    485   1250
   573    826    459   1215
   574    834    467   1199
   575    853    473   1174
   576    814    528   1158
   577    774    555   1171
   578    742    570   1188
   579    748    550   1202
   580    714    576   1210
   581    716    568   1216
   582    725    522   1253
   583    733    527   1240
   584    762    510   1228
   585    775    509   1216
   586    768    515   1217
   587    809    482   1209
   588    846    462   1192
   589    854    493   1153
   590    821    522   1157
   591    828    514   1158
   592    830    528   1142
   593    826    519   1155
   594    801    555   1144
   595    808    563   1129
   596    791    561   1148
   597    784    550   1166
   598    742    584   1174
   599    728    589   1183
   600    725    573   1202
   601    729    555   1216
   602    763    498   1239
   603    813    486   1201
   604    816    505   1179
   605    810    531   1159
   606    786    554   1160
   607    739    552   1209
   608    748    545   1207
   609    744    555   1201
   610    758    523   1219
   611    782    513   1205
   612    768    515   1217
   613    808    534   1158
   614    804    561   1135
   615    780    541   1179
   616    848    486   1166
   617    832    507   1161
   618    821    523   1156
   619    777    559   1164
   620    735    588   1177
   621    738    565   1197
   622    716    585   1199
   623    735    571   1194
   624    723    556   1221
   625    738    535   1227
   626    738    562   1200
   627    716    583   1201
   628    688    609   1203
   629    715    560   1225
   630    709    554   1237
   631    754    515   1231
   632    787    481   1232
   633    798    508   1194
   634    789    520   1191
   635    838    492   1170
   636    844    514   1142
   637    833    518   1149
   638    857    522   1121
   639    798    548   1154
   640    763    555   1182
   641    738    570   1192
   642    764    537   1199
   643    768    552   1180
   644    767    552   1181
   645    736    567   1197
   646    756    568   1176
   647    749    570   1181
   648    760    529   1211
   649    803    511   1186
   650    833    477   1190
   651    867    463   1170
   652    866    493   1141
   653    868    492   1140
   654    837    546   1117
   655    806    579   1115
   656    791    550   1159
   657    799    507   1194
   658    791    532   1177
   659    741    565   1194
   660    726    573   1201
   661    740    549   1211
   662    734    541   1225
   663    726    570   1204
   664    720    576   1204
   665    759    553   1188
   666    723    578   1199
   667    720    572   1208
   668    726    540   1234
   669    739    547   1214
   670    743    534   1223
   671    766    544   1190
   672    747    547   1206
   673    755    534   1211
   674    790    519   1191
   675    770    538   1192
   676    822    516   1162
   677    868    504   1128
   678    832    521   1147
   679    816    536   1148
   680    840    539   1121
   681    825    526   1149
   682    806    551   1143
   683    769    555   1176
   684    786    564   1150
   685    763    577   1160
   686    729    607   1164
   687    712    600   1188
   688    705    565   1230
   689    721    563   1216
   690    731    549   1220
   691    753    524   1223
   692    770    520   1210
   693    774    534   1192
   694    738    576   1186
   695    742    556   1202
   696    747    572   1181
   697    753    559   1188
   698    768    533   1199
   699    777    554   1169
   700    756    553   1191
   701    731    592   1177
   702    721    584   1195
   703    752    551   1197
   704    752    538   1210
   705    755    521   1224
   706    799    495   1206
   707    783    493   1224
   708    817    498   1185
   709    828    501   1171
   710    816    523   1161
   711    813    538   1149
   712    785    535   1180
   713    805    500   1195
   714    800    506   1194
   715    806    516   1178
   716    793    562   1145
   717    762    570   1168
   718    766    566   1168
   719    749    550   1201
   720    737    540   1223
   721    721    576   1203
   722    760    529   1211
   723    796    509   1195
   724    793    526   1181
   725    825    514   1161
   726    811    540   1149
   727    774    553   1173
   728    766    537   1197
   729    789    516   1195
   730    747    573   1180
   731    699    609   1192
   732    687    615   1198
   733    664    622   1214
   734    672    600   1228
   735    707    549   1244
   736    730    531   1239
   737    755    535   1210
   738    746    530   1224
   739    753    557   1190
   740    753    535   1212
   741    770    564   1166
   742    743    542   1215
   743    748    551   1201
   744    713    587   1200
   745    699    553   1248
   746    746    511   1243
   747    753    515   1232
   748    800    503   1197
   749    786    527   1187
   750    805    482   1213
   751    803    506   1191
   752    830    494   1176
   753    810    532   1158
   754    789    537   1174
   755    714    594   1192
   756    713    573   1214
   757    755    545   1200
   758    724    572   1204
   759    725    555   1220
   760    752    525   1223
   761    770    528   1202
   762    749    562   1189
   763    739    572   1189
   764    709    572   1219
   765    712    562   1226
   766    755    531   1214
   767    733    568   1199
   768    721    588   1191
   769    724    589   1187
   770    703    591   1206
   771    679    594   1227
   772    682    556   1262
   773    712    562   1226
   774    712    570   1218
   775    688    565   1247
   776    693    569   1238
   777    703    539   1258
   778    739    522   1239
   779    813    477   1210
   780    844    476   1180
   781    806    531   1163
   782    787    559   1154
   783    735    586   1179
   784    731    579   1190
   785    761    573   1166
   786    763    551   1186
   787    741    567   1192
   788    725    554   1221
   789    729    547   1224
   790    742    527   1231
   791    764    541   1195
   792    770    553   1177
   793    780    531   1189
   794    803    537   1160
   795    762    538   1200
   796    745    540   1215
   797    752    538   1210
   798    728    568   1204
   799    756    558   1186
   800    717    565   1218
   801    737    530   1233
   802    749    557   1194
   803    773    514   1213
   804    805    522   1173
   805    842    490   1168
   806    893    455   1152
   807    893    492   1115
   808    840    513   1147
   809    861    524   1115
   810    840    544   1116
   811    806    533   1161
   812    763    538   1199
   813    766    515   1219
   814    794    502   1204
   815    800    501   1199
   816    803    490   1207
   817    817    486   1197
   818    833    495   1172
   819    861    515   1124
   820    890    480   1130
   821    861    512   1127
   822    838    532   1130
   823    830    542   1128
   824    766    598   1136
   825    765    573   1162
   826    761    556   1183
   827    762    536   1202
   828    744    538   1218
   829    757    531   1212
   830    745    515   1240
   831    779    523   1198
   832    781    532   1187
   833    773    554   1173
   834    756    559   1185
   835    784    529   1187
   836    768    569   1163
   837    736    571   1193
   838    748    565   1187
   839    772    528   1200
   840    754    574   1172
   841    773    539   1188
   842    761    540   1199
   843    739    564   1197
   844    766    531   1203
   845    737    541   1222
   846    771    502   1227
   847    765    513   1222
   848    789    487   1224
   849    801    487   1212
   850    792    494   1214
   851    815    470   1215
   852    863    441   1196
   853    864    462   1174
   854    844    501   1155
   855    819    542   1139
   856    778    574   1148
   857    763    560   1177
   858    724    583   1193
   859    678    579   1243
   860    703    571   1226
   861    731    512   1257
   862    729    533   1238
   863    787    503   1210
   864    749    542   1209
   865    743    540   1217
   866    717    547   1236
   867    721    553   1226
   868    702    550   1248
   869    714    519   1267
   870    723    526   1251
   871    717    565   1218
   872    704    554   1242
   873    716    533   1251
   874    758    542   1200
   875    763    538   1199
   876    774    513   1213
   877    756    530   1214
   878    792    495   1213
   879    828    486   1186
   880    831    495   1174
   881    800    545   1155
   882    811    529   1160
   883    834    500   1166
   884    862    492   1146
   885    856    503   1141
   886    884    504   1112
   887    827    536   1137
   888    817    528   1155
   889    790    570   1140
   890    770    586   1144
   891    748    555   1197
   892    729    549   1222
   893    754    514   1232
   894    820    501   1179
   895    788    518   1194
   896    777    539   1184
   897    792    511   1197
   898    806    500   1194
   899    787    534   1179
   900    753    572   1175
   901    696    594   1210
   902    719    548   1233
   903    724    572   1204
   904    722    600   1178
   905    701    601   1198
   906    704    594   1202
   907    699    568   1233
   908    703    549   1248
   909    715    542   1243
   910    736    507   1257
   911    775    475   1250
   912    808    478   1214
   913    810    490   1200
   914    814    489   1197
   915    804    499   1197
   916    839    499   1162
   917    841    498   1161
   918    838    501   1161
   919    856    477   1167
   920    821    520   1159
   921    810    536   1154
   922    788    529   1183
   923    773    529   1198
   924    765    542   1193
   925    769    577   1154
   926    730    628   1142
   927    650    630   1220
   928    637    570   1293
   929    683    522   1295
   930    731    506   1263
   931    750    500   1250
   932    750    519   1231
   933    796    501   1203
   934    785    532   1183
   935    803    528   1169
   936    780    540   1180
   937    770    548   1182
   938    825    515   1160
   939    827    507   1166
   940    821    475   1204
   941    847    482   1171
   942    903    462   1135
   943    926    477   1097
   944    914    486   1100
   945    929    489   1082
   946    920    494   1086
   947    901    517   1082
   948    834    543   1123
   949    796    571   1133
   950    792    546   1162
   951    792    545   1163
   952    799    522   1179
   953    759    558   1183
   954    772    540   1188
   955    764    593   1143
   956    724    582   1194
   957    704    600   1196
   958    728    583   1189
   959    723    565   1212
   960    723    531   1246
   961    737    550   1213
   962    712    542   1246
   963    734    548   1218
   964    762    525   1213
   965    775    533   1192
   966    780    529   1191
   967    786    529   1185
   968    789    558   1153
   969    762    560   1178
   970    799    519   1182
   971    768    537   1195
   972    751    546   1203
   973    745    537   1218
   974    770    485   1245
   975    785    475   1240
   976    822    472   1206
   977    785    511   1204
   978    809    485   1206
   979    794    508   1198
   980    817    512   1171
   981    818    536   1146
   982    765    569   1166
   983    783    547   1170
   984    758    560   1182
   985    750    551   1199
   986    749    558   1193
   987    702    561   1237
   988    694    564   1242
   989    743    522   1235
   990    756    517   1227
   991    792    506   1202
   992    803    543   1154
   993    822    527   1151
   994    812    523   1165
   995    824    535   1141
   996    781    522   1197
   997    795    511   1194
   998    802    535   1163
   999    830    495   1175
  1000    859    496   1145
