# time (sweeps) | Susceptible | Infected | Recovered
     0   1988    331    181
     1   1996    332    172
     2   1955    347    198
     3   1955    333    212
     4   1962    344    194
     5   1954    362    184
     6   1952    336    212
     7   1928    369    203
     8   1939    356    205
     9   1920    355    225
    10   1945    330    225
    11   1980    319    201
    12   1983    312    205
    13   1983    305    212
    14   1973    326    201
    15   1970    318    212
    16   1984    314    202
    17   1997    335    168
    18   1976    335    189
    19   1935    359    206
    20   1943    344    213
    21   1937    341    222
    22   1920    376    204
    23   1906    363    231
    24   1903    358    239
    25   1942    326    232
    26   1943    357    200
    27   1968    334    198
    28   1961    343    196
    29   1963    338    199
    30   1986    314    200
    31   1977    348    175
    32   1960    332    208
    33   1953    327    220
    34   1990    308    202
    35   1967    330    203
    36   1973    317    210
    37   1952    364    184
    38   1965    310    225
    39   2021    300    179
    40   2005    306    189
    41   1985    305    210
    42   1987    316    197
    43   1988    319    193
    44   1979    320    201
    45   1993    305    202
    46   2042    300    158
    47   2072    275    153
    48   2082    254    164
    49   2061    288    151
    50   2053    276    171
    51   2053    292    155
    52   2028    295    177
    53   2018    295    187
    54   2005    299    196
    55   2029    304    167
    56   2016    309    175
    57   1986    338    176
    58   1990    315    195
    59   2016    298    186
    60   2015    298    187
    61   2014    312    174
    62   1988    320    192
    63   2003    314    183
    64   2028    289    183
    65   2017    309    174
    66   1991    330    179
    67   1979    334    187
    68   2004    299    197
    69   1999    315    186
    70   1986    319    195
    71   1989    326    185
    72   1970    327    203
    73   1998    297    205
    74   2004    303    193
    75   2002    320    178
    76   1982    333    185
    77   1988    323    189
    78   1986    337    177
    79   1972    341    187
    80   1971    335    194
    81   1950    336    214
    82   1920    352    228
    83   1937    330    233
    84   1963    304    233
    85   1962    320    218
    86   1977    319    204
    87   1990    320    190
    88   1992    305    203
    89   1988    313    199
    90   2016    304    180
    91   2049    287    164
    92   2046    296    158
    93   2039    274    187
    94   2022    289    189
    95   2051    272    177
    96   2060    274    166
    97   2056    275    169
    98   2054    275    171
    99   2029    299    172
   100   2031    300    169
   101   2043    283    174
   102   2065    267    168
   103   2030    305    165
   104   2041    286    173
   105   2064    275    161
   106   2047    284    169
   107   2035    291    174
   108   1983    336    181
   109   2008    315    177
   110   2021    283    196
   111   2051    282    167
   112   2023    302    175
   113   2012    291    197
   114   1995    304    201
   115   2037    282    181
   116   2007    311    182
   117   2025    285    190
   118   2047    260    193
   119   2058    265    177
   120   2086    246    168
   121   2102    241    157
   122   2093    228    179
   123   2108    260    132
   124   2088    270    142
   125   2090    260    150
   126   2078    272    150
   127   2046    298    156
   128   2061    273    166
   129   2038    289    173
   130   2039    276    185
   131   2072    267    161
   132   2076    267    157
   133   2055    263    182
   134   2068    269    163
   135   2075    268    157
   136   2065    256    179
   137   2068    260    172
   138   2094    244    162
   139   2123    223    154
   140   2144    215    141
   141   2148    214    138
   142   2136    226    138
   143   2152    224    124
   144   2136    249    115
   145   2133    249    118
   146   2102    257    141
   147   2101    248    151
   148   2094    261    145
   149   2121    254    125
   150   2083    269    148
   151   2073    278    149
   152   2057    293    150
   153   2059    288    153
   154   2031    303    166
   155   2022    327    151
   156   1987    334    179
   157   1996    314    190
   158   1990    323    187
   159   1978    347    175
   160   1973    342    185
   161   1964    359    177
   162   1947    352    201
   163   1951    318    231
   164   1968    328    204
   165   1962    319    219
   166   2008    296    196
   167   2020    303    177
   168   2016    280    204
   169   2020    301    179
   170   2006    288    206
   171   2020    285    195
   172   2050    287    163
   173   2037    302    161
   174   2006    328    166
   175   2000    318    182
   176   2000    323    177
   177   1989    331    180
   178   2000    296    204
   179   2013    297    190
   180   2022    303    175
   181   2032    291    177
   182   2015    301    184
   183   2026    277    197
   184   2057    254    189
   185   2067    255    178
   186   2098    243    159
   187   2079    270    151
   188   2066    261    173
   189   2094    255    151
   190   2074    263    163
   191   2082    260    158
   192   2045    283    172
   193   2044    293    163
   194   2028    298    174
   195   2003    302    195
   196   2042    270    188
   197   2036    292    172
   198   2043    294    163
   199   2031    290    179
   200   2055    277    168
   201   2076    253    171
   202   2084    245    171
   203   2098    253    149
   204   2094    259    147
   205   2132    228    140
   206   2112    227    161
   207   2087    251    162
   208   2093    257    150
   209   2099    251    150
   210   2111    237    152
   211   2107    239    154
   212   2119    237    144
   213   2087    263    150
   214   2102    246    152
   215   2088    251    161
   216   2096    262    142
   217   2079    270    151
   218   2082    256    162
   219   2075    275    150
   220   2065    291    144
   221   2062    275    163
   222   2041    290    169
   223   2016    309    175
   224   2006    308    186
   225   1990    307    203
   226   1973    320    207
   227   1991    317    192
   228   1988    306    206
   229   2002    307    191
   230   1980    338    182
   231   1981    330    189
   232   1975    341    184
   233   1941    347    212
   234   1954    344    202
   235   1980    314    206
   236   1985    307    208
   237   2003    294    203
   238   2012    305    183
   239   2038    275    187
   240   2042    282    176
   241   2048    295    157
   242   2059    261    180
   243   2064    269    167
   244   2018    282    200
   245   2051    280    169
   246   2036    297    167
   247   2024    301    175
   248   2018    320    162
   249   1991    330    179
   250   1992    318    190
   251   1997    322    181
   252   2012    296    192
   253   2012    326    162
   254   1980    315    205
   255   1983    319    198
   256   1971    346    183
   257   1973    338    189
   258   1959    344    197
   259   1922    351    227
   260   1912    374    214
   261   1916    358    226
   262   1916    364    220
   263   1940    344    216
   264   1941    345    214
   265   1919    356    225
   266   1900    372    228
   267   1894    373    233
   268   1933    354    213
   269   1921    349    230
   270   1943    330    227
   271   1967    322    211
   272   1975    330    195
   273   1963    346    191
   274   1975    351    174
   275   1971    344    185
   276   1992    311    197
   277   2006    296    198
   278   2026    282    192
   279   2005    312    183
   280   1979    305    216
   281   1984    299    217
   282   2008    298    194
   283   2011    303    186
   284   2037    297    166
   285   2019    293    188
   286   2022    295    183
   287   2025    295    180
   288   2021    310    169
   289   1999    333    168
   290   1991    301    208
   291   1996    305    199
   292   2009    299    192
   293   2026    295    179
   294   2024    297    179
   295   2040    294    166
   296   2046    298    156
   297   2010    312    178
   298   2015    303    182
   299   2033    279    188
   300   2034    286    180
   301   2036    281    183
   302   2032    279    189
   303   2033    304    163
   304   2037    284    179
   305   2066    257    177
   306   2074    263    163
   307   2058    279    163
   308   2039    296    165
   309   2018    316    166
   310   2002    332    166
   311   1996    312    192
   312   2017    296    187
   313   2035    276    189
   314   2025    277    198
   315   2072    257    171
   316   2070    265    165
   317   2058    282    160
   318   2077    271    152
   319   2092    264    144
   320   2069    285    146
   321   2064    276    160
   322   2069    267    164
   323   2062    262    176
   324   2062    255    183
   325   2072    270    158
   326   2071    250    179
   327   2088    247    165
   328   2083    278    139
   329   2054    276    170
   330   2066    279    155
   331   2068    277    155
   332   2070    280    150
   333   2055    267    178
   334   2043    297    160
   335   2055    283    162
   336   2075    259    166
   337   2085    253    162
   338   2045    274    181
   339   2054    262    184
   340   2069    263    168
   341   2080    250    170
   342   2105    244    151
   343   2112    252    136
   344   2084    268    148
   345   2086    281    133
   346   2082    266    152
   347   2073    273    154
   348   2078    265    157
   349   2107    252    141
   350   2118    251    131
   351   2098    266    136
   352   2092    255    153
   353   2080    265    155
   354   2070    263    167
   355   2064    279    157
   356   2046    277    177
   357   2070    273    157
   358   2084    245    171
   359   2103    233    164
   360   2150    204    146
   361   2169    207    124
   362   2190    191    119
   363   2169    215    116
   364   2151    233    116
   365   2159    204    137
   366   2172    192    136
   367   2185    195    120
   368   2190    189    121
   369   2217    168    115
   370   2199    192    109
   371   2192    187    121
   372   2183    196    121
   373   2205    188    107
   374   2191    190    119
   375   2167    198    135
   376   2165    200    135
   377   2183    194    123
   378   2195    186    119
   379   2174    199    127
   380   2156    205    139
   381   2160    205    135
   382   2159    210    131
   383   2169    204    127
   384   2141    219    140
   385   2163    226    111
   386   2135    235    130
   387   2115    242    143
   388   2139    229    132
   389   2158    197    145
   390   2169    211    120
   391   2189    195    116
   392   2201    195    104
   393   2170    202    128
   394   2182    200    118
   395   2182    205    113
   396   2171    204    125
   397   2159    204    137
   398   2173    188    139
   399   2180    206    114
   400   2160    216    124
   401   2145    213    142
   402   2158    204    138
   403   2170    206    124
   404   2186    186    128
   405   2190    196    114
   406   2162    222    116
   407   2151    232    117
   408   2141    236    123
   409   2139    234    127
   410   2121    250    129
   411   2120    217    163
   412   2137    222    141
   413   2145    211    144
   414   2134    224    142
   415   2127    235    138
   416   2113    233    154
   417   2097    256    147
   418   2098    228    174
   419   2121    231    148
   420   2140    228    132
   421   2136    233    131
   422   2110    277    113
   423   2076    287    137
   424   2062    279    159
   425   2056    279    165
   426   2063    265    172
   427   2061    265    174
   428   2053    268    179
   429   2034    307    159
   430   2023    335    142
   431   1980    329    191
   432   1991    305    204
   433   2015    293    192
   434   2008    308    184
   435   1991    332    177
   436   1993    318    189
   437   1985    318    197
   438   1954    335    211
   439   1993    318    189
   440   2012    310    178
   441   2004    309    187
   442   1991    329    180
   443   1985    314    201
   444   1989    316    195
   445   1983    328    189
   446   1969    332    199
   447   1982    320    198
   448   1990    318    192
   449   1982    315    203
   450   2004    306    190
   451   2033    298    169
   452   2024    309    167
   453   2032    296    172
   454   2024    277    199
   455   2042    270    188
   456   2050    272    178
   457   2066    257    177
   458   2073    255    172
   459   2078    243    179
   460   2116    221    163
   461   2158    185    157
   462   2187    174    139
   463   2185    187    128
   464   2196    176    128
   465   2180    195    125
   466   2162    191    147
   467   2166    202    132
   468   2174    194    132
   469   2172    209    119
   470   2180    210    110
   471   2156    235    109
   472   2136    233    131
   473   2143    218    139
   474   2147    212    141
   475   2154    213    133
   476   2160    210    130
   477   2151    211    138
   478   2149    215    136
   479   2131    229    140
   480   2115    242    143
   481   2109    246    145
   482   2103    249    148
   483   2089    265    146
   484   2046    299    155
   485   2021    289    190
   486   2051    252    197
   487   2053    261    186
   488   2075    262    163
   489   2089    274    137
   490   2098    250    152
   491   2086    238    176
   492   2134    217    149
   493   2113    219    168
   494   2120    227    153
   495   2133    221    146
   496   2125    232    143
   497   2132    239    129
   498   2134    217    149
   499   2141    218    141
   500   2160    208    132
   501   2155    215    130
   502   2162    217    121
   503   2160    205    135
   504   2155    214    131
   505   2151    220    129
   506   2143    214    143
   507   2164    220    116
   508   2140    228    132
   509   2134    221    145
   510   2141    215    144
   511   2140    216    144
   512   2135    238    127
   513   2132    230    138
   514   2135    231    134
   515   2141    225    134
   516   2152    224    124
   517   2162    203    135
   518   2162    197    141
   519   2179    204    117
   520   2153    224    123
   521   2147    231    122
   522   2147    227    126
   523   2124    256    120
   524   2103    255    142
   525   2110    244    146
   526   2120    244    136
   527   2113    244    143
   528   2089    274    137
   529   2075    275    150
   530   2083    263    154
   531   2082    259    159
   532   2066    269    165
   533   2067    260    173
   534   2077    273    150
   535   2060    283    157
   536   2045    287    168
   537   2058    274    168
   538   2088    258    154
   539   2104    241    155
   540   2113    230    157
   541   2125    235    140
   542   2130    225    145
   543   2147    218    135
   544   2156    209    135
   545   2160    209    131
   546   2170    207    123
   547   2145    223    132
   548   2153    221    126
   549   2162    221    117
   550   2153    204    143
   551   2152    197    151
   552   2184    197    119
   553   2194    193    113
   554   2180    211    109
   555   2159    233    108
   556   2129    256    115
   557   2129    229    142
   558   2115    240    145
   559   2115    257    128
   560   2095    255    150
   561   2107    245    148
   562   2088    266    146
   563   2067    271    162
   564   2092    236    172
   565   2082    257    161
   566   2082    244    174
   567   2102    241    157
   568   2118    246    136
   569   2139    222    139
   570   2155    212    133
   571   2142    221    137
   572   2157    204    139
   573   2152    221    127
   574   2149    208    143
   575   2177    183    140
   576   2179    198    123
   577   2195    188    117
   578   2205    184    111
   579   2203    195    102
   580   2175    193    132
   581   2154    213    133
   582   2155    219    126
   583   2155    214    131
   584   2158    217    125
   585   2157    226    117
   586   2154    232    114
   587   2138    227    135
   588   2115    249    136
   589   2109    245    146
   590   2106    253    141
   591   2090    251    159
   592   2099    246    155
   593   2094    249    157
   594   2142    209    149
   595   2134    224    142
   596   2152    201    147
   597   2151    209    140
   598   2147    219    134
   599   2176    194    130
   600   2170    192    138
   601   2173    204    123
   602   2170    201    129
   603   2142    208    150
   604   2165    192    143
   605   2157    185    158
   606   2184    195    121
   607   2181    193    126
   608   2185    212    103
   609   2184    209    107
   610   2176    212    112
   611   2170    202    128
   612   2159    216    125
   613   2160    215    125
   614   2138    225    137
   615   2123    227    150
   616   2140    217    143
   617   2142    220    138
   618   2149    215    136
   619   2143    223    134
   620   2153    215    132
   621   2160    213    127
   622   2153    222    125
   623   2135    232    133
   624   2134    223    143
   625   2140    207    153
   626   2141    238    121
   627   2146    235    119
   628   2113    254    133
   629   2096    250    154
   630   2108    206    186
   631   2156    194    150
   632   2154    211    135
   633   2167    200    133
   634   2161    208    131
   635   2135    221    144
   636   2155    209    136
   637   2156    226    118
   638   2143    229    128
   639   2092    258    150
   640   2110    224    166
   641   2133    203    164
   642   2135    216    149
   643   2143    211    146
   644   2128    233    139
   645   2113    240    147
   646   2116    227    157
   647   2132    234    134
   648   2126    231    143
   649   2128    243    129
   650   2123    256    121
   651   2119    235    146
   652   2080    273    147
   653   2086    267    147
   654   2063    290    147
   655   2008    294    198
   656   2001    291    208
   657   2052    268    180
   658   2048    263    189
   659   2055    258    187
   660   2102    235    163
   661   2085    277    138
   662   2060    275    165
   663   2082    281    137
   664   2041    285    174
   665   2024    310    166
   666   2030    298    172
   667   2032    288    180
   668   2001    326    173
   669   1984    306    210
   670   2001    321    178
   671   1981    320    199
   672   1971    326    203
   673   1987    311    202
   674   2001    332    167
   675   1992    326    182
   676   1993    320    187
   677   2019    280    201
   678   2005    308    187
   679   2009    301    190
   680   2015    285    200
   681   2049    283    168
   682   2016    304    180
   683   2025    297    178
   684   2041    277    182
   685   2041    282    177
   686   2066    283    151
   687   2041    305    154
   688   2029    318    153
   689   2027    314    159
   690   2025    307    168
   691   2014    284    202
   692   2028    282    190
   693   2052    280    168
   694   2042    305    153
   695   2033    291    176
   696   2045    283    172
   697   2035    302    163
   698   2025    310    165
   699   2041    289    170
   700   2017    298    185
   701   2075    265    160
   702   2084    275    141
   703   2094    237    169
   704   2113    237    150
   705   2084    272    144
   706   2061    285    154
   707   2041    281    178
   708   2050    280    170
   709   2077    257    166
   710   2061    267    172
   711   2053    288    159
   712   2034    323    143
   713   2028    319    153
   714   2024    301    175
   715   2040    293    167
   716   2050    288    162
   717   2042    280    178
   718   2054    309    137
   719   2029    300    171
   720   2028    306    166
   721   2056    287    157
   722   2049    282    169
   723   2064    276    160
   724   2044    289    167
   725   2027    299    174
   726   2039    294    167
   727   2019    303    178
   728   2014    293    193
   729   2050    270    180
   730   2050    273    177
   731   2065    258    177
   732   2083    256    161
   733   2077    273    150
   734   2080    253    167
   735   2053    271    176
   736   2058    278    164
   737   2051    288    161
   738   2065    279    156
   739   2054    284    162
   740   2064    271    165
   741   2077    263    160
   742   2057    294    149
   743   2011    322    167
   744   2008    315    177
   745   1985    329    186
   746   1977    321    202
   747   1986    318    196
   748   1983    310    207
   749   1987    319    194
   750   1972    330    198
   751   1956    331    213
   752   1963    332    205
   753   1981    322    197
   754   2012    297    191
   755   2004    299    197
   756   2011    292    197
   757   2028    287    185
   758   2053    286    161
   759   2022    317    161
   760   2031    299    170
   761   1985    338    177
   762   1982    330    188
   763   1989    325    186
   764   1991    341    168
   765   1981    327    192
   766   1970    329    201
   767   2005    303    192
   768   2012    312    176
   769   2038    290    172
   770   2044    271    185
   771   2045    274    181
   772   2056    275    169
   773   2054    287    159
   774   2048    293    159
   775   2002    314    184
   776   1987    327    186
   777   1980    324    196
   778   1988    311    201
   779   1999    302    199
   780   2010    298    192
   781   2039    290    171
   782   2012    301    187
   783   2039    280    181
   784   2037    273    190
   785   2058    276    166
   786   2045    302    153
   787   1996    331    173
   788   1982    324    194
   789   1981    313    206
   790   1996    309    195
   791   2007    302    191
   792   2037    281    182
   793   2027    309    164
   794   2020    300    180
   795   2014    284    202
   796   2038    288    174
   797   2035    283    182
   798   2059    279    162
   799   2063    286    151
   800   2040    283    177
   801   2063    256    181
   802   2077    253    170
   803   2106    234    160
   804   2095    259    146
   805   2081    271    148
   806   2097    244    159
   807   2115    236    149
   808   2114    242    144
   809   2120    224    156
   810   2129    214    157
   811   2138    226    136
   812   2137    237    126
   813   2104    253    143
   814   2101    244    155
   815   2090    265    145
   816   2092    250    158
   817   2093    250    157
   818   2090    242    168
   819   2077    264    159
   820   2080    255    165
   821   2084    269    147
   822   2071    269    160
   823   2082    255    163
   824   2088    249    163
   825   2083    261    156
   826   2052    278    170
   827   2058    283    159
   828   2059    290    151
   829   2048    308    144
   830   2040    291    169
   831   2071    258    171
   832   2057    275    168
   833   2045    298    157
   834   2041    300    159
   835   2013    322    165
   836   1976    331    193
   837   1991    311    198
   838   2008    297    195
   839   2011    308    181
   840   2001    302    197
   841   1988    315    197
   842   1990    311    199
   843   1970    352    178
   844   1922    366    212
   845   1930    332    238
   846   1953    311    236
   847   1975    305    220
   848   1982    301    217
   849   2013    294    193
   850   2052    291    157
   851   2035    302    163
   852   2019    305    176
   853   2023    278    199
   854   2036    261    203
   855   2077    237    186
   856   2127    226    147
   857   2129    230    141
   858   2112    233    155
   859   2118    244    138
   860   2096    256    148
   861   2118    235    147
   862   2109    251    140
   863   2094    246    160
   864   2118    222    160
   865   2129    219    152
   866   2136    226    138
   867   2126    232    142
   868   2130    221    149
   869   2135    227    138
   870   2095    241    164
   871   2132    215    153
   872   2141    210    149
   873   2131    233    136
   874   2134    230    136
   875   2135    215    150
   876   2135    222    143
   877   2141    221    138
   878   2123    233    144
   879   2110    251    139
   880   2132    230    138
   881   2134    224    142
   882   2163    195    142
   883   2172    207    121
   884   2182    202    116
   885   2154    225    121
   886   2151    230    119
   887   2150    226    124
   888   2150    204    146
   889   2150    205    145
   890   2152    209    139
   891   2166    205    129
   892   2150    217    133
   893   2158    207    135
   894   2160    217    123
   895   2154    230    116
   896   2140    232    128
   897   2151    214    135
   898   2136    237    127
   899   2124    242    134
   900   2136    228    136
   901   2131    220    149
   902   2110    242    148
   903   2094    257    149
   904   2113    241    146
   905   2104    275    121
   906   2096    276    128
   907   2085    262    153
   908   2116    231    153
   909   2136    223    141
   910   2112    237    151
   911   2132    227    141
   912   2136    222    142
   913   2149    213    138
   914   2138    230    132
   915   2139    243    118
   916   2116    253    131
   917   2110    252    138
   918   2086    281    133
   919   2079    262    159
   920   2096    264    140
   921   2080    261    159
   922   2072    258    170
   923   2074    270    156
   924   2091    249    160
   925   2112    246    142
   926   2089    267    144
   927   2079    272    149
   928   2079    283    138
   929   2062    265    173
   930   2092    244    164
   931   2093    248    159
   932   2078    235    187
   933   2097    237    166
   934   2101    236    163
   935   2101    244    155
   936   2115    242    143
   937   2106    235    159
   938   2125    249    126
   939   2107    258    135
   940   2092    270    138
   941   2064    282    154
   942   2053    286    161
   943   2043    282    175
   944   2059    280    161
   945   2036    291    173
   946   2037    283    180
   947   2038    286    176
   948   2039    286    175
   949   2029    298    173
   950   2021    308    171
   951   2032    318    150
   952   2033    302    165
   953   2007    309    184
   954   1990    310    200
   955   1985    309    206
   956   1983    320    197
   957   1988    326    186
   958   1996    322    182
   959   2024    282    194
   960   2061    272    167
   961   2059    278    163
   962   2052    268    180
   963   2028    322    150
   964   2010    320    170
   965   2030    286    184
   966   2038    290    172
   967   2022    295    183
   968   2030    284    186
   969   1997    293    210
   970   2027    290    183
   971   2028    289    183
   972   2034    289    177
   973   2017    305    178
   974   2044    282    174
   975   2049    293    158
   976   2015    318    167
   977   1982    312    206
   978   2017    303    180
   979   2035    281    184
   980   2026    297    177
   981   2027    306    167
   982   2021    304    175
   983   2003    307    190
   984   2025    290    185
   985   2016    293    191
   986   2044    277    179
   987   2041    296    163
   988   2051    302    147
   989   2031    293    176
   990   2026    311    163
   991   2027    306    167
   992   1996    310    194
   993   2012    291    197
   994   2008    316    176
   995   2001    318    181
   996   2019    295    186
   997   2047    266    187
   998   2057    269    174
   999   2033    305    162
  1000   2048    299    153
