# time (sweeps) | Susceptible | Infected | Recovered
     0    995    919    586
     1   1010    921    569
     2    995    904    601
     3   1014    869    617
     4   1011    891    598
     5   1003    918    579
     6    975    928    597
     7    972    914    614
     8    953    917    630
     9    986    892    622
    10   1010    897    593
    11   1005    888    607
    12    983    918    599
    13    964    932    604
    14    981    917    602
    15   1011    863    626
    16   1014    870    616
    17    986    923    591
    18   1005    916    579
    19   1013    883    604
    20   1037    898    565
    21    998    913    589
    22    981    952    567
    23    979    931    590
    24    977    906    617
    25    984    931    585
    26    972    902    626
    27    980    881    639
    28    969    899    632
    29   1032    901    567
    30    994    934    572
    31    936    958    606
    32    996    909    595
    33    977    919    604
    34    959    936    605
    35    967    911    622
    36   1028    852    620
    37   1034    870    596
    38    997    927    576
    39    961    896    643
    40    977    881    642
    41    980    913    607
    42   1005    887    608
    43    951    956    593
    44    973    905    622
    45    956    960    584
    46    948    960    592
    47    945    976    579
    48    937    968    595
    49    961    934    605
    50    957    931    612
    51    973    894    633
    52    994    854    652
    53    962    896    642
    54    965    884    651
    55    997    931    572
    56    950    968    582
    57    932    938    630
    58    908    969    623
    59    955    942    603
    60    980    910    610
    61    994    900    606
    62   1023    898    579
    63   1013    913    574
    64    981    906    613
    65    977    929    594
    66    994    926    580
    67    995    913    592
    68    991    917    592
    69    941    897    662
    70    967    918    615
    71    966    904    630
    72    961    905    634
    73    995    903    602
    74   1002    897    601
    75    955    949    596
    76    987    923    590
    77    950    952    598
    78    956    915    629
    79    958    909    633
    80    972    929    599
    81    975    914    611
    82    940    915    645
    83    963    878    659
    84    983    895    622
    85    976    934    590
    86   1017    928    555
    87    971    943    586
    88    956    955    589
    89    965    927    608
    90    960    902    638
    91    972    921    607
    92    971    959    570
    93    950    959    591
    94    926    911    663
    95    978    926    596
    96    954    958    588
    97    954    944    602
    98    926    952    622
    99    944    926    630
   100    952    923    625
   101    961    913    626
   102    978    899    623
   103   1032    850    618
   104   1040    858    602
   105   1062    881    557
   106    962    930    608
   107   1004    869    627
   108    992    882    626
   109    989    900    611
   110    973    853    674
   111    966    906    628
   112    982    917    601
   113    985    879    636
   114    975    898    627
   115    970    947    583
   116    954    917    629
   117    963    921    616
   118   1001    897    602
   119    988    943    569
   120    990    896    614
   121   1032    880    588
   122   1001    882    617
   123   1012    875    613
   124   1044    878    578
   125   1048    900    552
   126   1007    906    587
   127    952    957    591
   128    996    888    616
   129   1046    853    601
   130   1037    879    584
   131    976    911    613
   132    999    875    626
   133    972    924    604
   134    976    910    614
   135   1018    877    605
   136   1057    852    591
   137   1025    886    589
   138   1018    885    597
   139    984    888    628
   140    995    898    607
   141   1019    894    587
   142    969    937    594
   143    917    968    615
   144    950    948    602
   145    929    949    622
   146    941    924    635
   147    984    904    612
   148   1000    919    581
   149    937    944    619
   150    995    871    634
   151    951    922    627
   152    952    947    601
   153    963    945    592
   154    965    918    617
   155    974    931    595
   156    989    920    591
   157    955    921    624
   158    935    887    678
   159   1005    887    608
   160    934    934    632
   161    949    930    621
   162    952    933    615
   163    984    883    633
   164    998    868    634
   165   1012    868    620
   166   1022    877    601
   167   1028    896    576
   168   1016    918    566
   169    991    950    559
   170    987    917    596
   171    990    915    595
   172    978    919    603
   173    960    924    616
   174    977    899    624
   175    994    929    577
   176    998    884    618
   177    996    903    601
   178   1007    904    589
   179    991    885    624
   180    995    917    588
   181    989    897    614
   182    976    909    615
   183    983    901    616
   184    987    921    592
   185    989    901    610
   186   1001    890    609
   187   1011    881    608
   188    984    904    612
   189    989    897    614
   190    986    882    632
   191    984    875    641
   192    962    904    634
   193    989    896    615
   194    980    899    621
   195    998    910    592
   196    973    913    614
   197    983    898    619
   198    993    890    617
   199    951    936    613
   200    971    915    614
   201    956    915    629
   202    973    941    586
   203    974    927    599
   204    979    927    594
   205   1001    899    600
   206    990    887    623
   207    990    879    631
   208    996    907    597
   209   1025    887    588
   210    984    932    584
   211    939    955    606
   212    958    896    646
   213    994    892    614
   214   1030    867    603
   215   1003    921    576
   216    931    946    623
   217    935    931    634
   218    954    899    647
   219    949    925    626
   220    947    954    599
   221    918    952    630
   222    926    952    622
   223    949    920    631
   224    941    904    655
   225   1012    863    625
   226    985    910    605
   227    964    919    617
   228    957    954    589
   229    949    904    647
   230   1011    891    598
   231    941    955    604
   232   1018    849    633
   233   1070    822    608
   234   1032    874    594
   235   1009    864    627
   236   1028    844    628
   237   1002    891    607
   238    993    889    618
   239   1027    904    569
   240   1000    869    631
   241   1006    876    618
   242    971    879    650
   243    980    866    654
   244   1026    874    600
   245   1013    906    581
   246   1010    909    581
   247    980    932    588
   248    983    941    576
   249   1013    899    588
   250   1032    881    587
   251    998    908    594
   252   1008    896    596
   253   1006    903    591
   254   1018    935    547
   255    945    946    609
   256    957    920    623
   257    992    915    593
   258    987    891    622
   259   1028    861    611
   260   1016    914    570
   261    988    936    576
   262    950    942    608
   263    967    921    612
   264    992    893    615
   265   1003    926    571
   266   1002    930    568
   267   1002    886    612
   268    992    925    583
   269    978    954    568
   270    956    941    603
   271    955    911    634
   272   1014    868    618
   273   1010    877    613
   274   1031    863    606
   275   1028    892    580
   276    998    918    584
   277    970    908    622
   278    961    895    644
   279    950    901    649
   280    959    892    649
   281    967    887    646
   282    975    901    624
   283   1007    877    616
   284   1019    894    587
   285   1000    872    628
   286   1000    923    577
   287    977    921    602
   288    985    897    618
   289   1005    871    624
   290   1022    879    599
   291    987    903    610
   292    941    956    603
   293    947    945    608
   294    954    935    611
   295    947    941    612
   296    946    938    616
   297    915    942    643
   298    950    905    645
   299    944    939    617
   300    908    932    660
   301    979    892    629
   302   1004    888    608
   303   1001    892    607
   304    944    951    605
   305    952    946    602
   306    970    907    623
   307   1000    868    632
   308   1009    888    603
   309   1001    906    593
   310    986    914    600
   311    960    923    617
   312    963    939    598
   313    972    928    600
   314    973    922    605
   315    939    936    625
   316    989    890    621
   317    961    925    614
   318    960    944    596
   319    902    963    635
   320    989    910    601
   321    952    932    616
   322    944    935    621
   323    985    892    623
   324   1032    894    574
   325   1067    889    544
   326    972    975    553
   327    988    889    623
   328   1021    893    586
   329   1023    889    588
   330   1023    888    589
   331   1045    903    552
   332   1007    929    564
   333    981    919    600
   334   1015    905    580
   335    996    912    592
   336   1022    876    602
   337   1077    875    548
   338   1062    889    549
   339   1056    902    542
   340   1008    920    572
   341    994    941    565
   342    934    942    624
   343    960    894    646
   344    960    877    663
   345   1017    838    645
   346   1057    837    606
   347   1060    848    592
   348   1056    853    591
   349   1059    832    609
   350   1074    863    563
   351   1046    867    587
   352   1055    876    569
   353   1031    894    575
   354   1025    852    623
   355   1054    821    625
   356   1071    885    544
   357    990    914    596
   358    971    883    646
   359   1017    865    618
   360   1044    880    576
   361    995    916    589
   362   1009    910    581
   363    927    931    642
   364    946    934    620
   365    949    951    600
   366    980    906    614
   367    965    923    612
   368    980    890    630
   369    990    880    630
   370    987    898    615
   371    983    889    628
   372    964    889    647
   373    992    908    600
   374   1007    899    594
   375   1009    890    601
   376   1042    852    606
   377   1005    891    604
   378    989    900    611
   379    989    886    625
   380    989    906    605
   381   1001    915    584
   382    995    893    612
   383    999    916    585
   384    982    942    576
   385    974    943    583
   386    955    925    620
   387   1005    901    594
   388    962    906    632
   389    960    919    621
   390    959    927    614
   391   1009    889    602
   392   1041    886    573
   393   1029    917    554
   394    954    960    586
   395    910    944    646
   396    889    962    649
   397    934    923    643
   398    973    868    659
   399    995    886    619
   400    996    897    607
   401    997    895    608
   402    978    905    617
   403   1002    908    590
   404   1043    877    580
   405   1010    908    582
   406   1007    877    616
   407   1038    896    566
   408   1018    928    554
   409   1053    882    565
   410    978    921    601
   411    976    920    604
   412    967    933    600
   413    977    932    591
   414    981    913    606
   415    964    946    590
   416    938    961    601
   417    993    895    612
   418    985    932    583
   419    979    908    613
   420    985    907    608
   421    984    894    622
   422   1031    867    602
   423   1019    882    599
   424    998    923    579
   425    974    942    584
   426    978    953    569
   427    974    906    620
   428    990    906    604
   429    996    901    603
   430    991    890    619
   431    976    897    627
   432    973    898    629
   433   1009    908    583
   434    977    916    607
   435    949    925    626
   436    970    877    653
   437   1022    896    582
   438    982    901    617
   439   1045    865    590
   440   1063    871    566
   441   1004    901    595
   442    976    919    605
   443    976    936    588
   444    968    945    587
   445    975    915    610
   446    947    951    602
   447    968    928    604
   448    980    944    576
   449    995    927    578
   450    941    944    615
   451    953    923    624
   452   1034    898    568
   453   1028    868    604
   454    956    919    625
   455    952    911    637
   456    968    917    615
   457    964    911    625
   458    994    897    609
   459   1022    877    601
   460   1008    886    606
   461    976    937    587
   462    996    871    633
   463   1025    853    622
   464   1049    834    617
   465   1040    859    601
   466   1049    858    593
   467   1044    876    580
   468    988    922    590
   469    976    954    570
   470    909   1007    584
   471    942    936    622
   472    990    917    593
   473    979    925    596
   474    915    979    606
   475    921    964    615
   476    943    959    598
   477    979    940    581
   478    983    906    611
   479   1003    844    653
   480    993    871    636
   481    983    910    607
   482    996    905    599
   483    991    893    616
   484    975    929    596
   485    965    899    636
   486   1006    875    619
   487    942    957    601
   488    928    941    631
   489    966    902    632
   490   1014    869    617
   491   1014    862    624
   492   1044    848    608
   493   1031    865    604
   494   1076    835    589
   495    976    933    591
   496    979    922    599
   497    985    921    594
   498    965    928    607
   499    993    895    612
   500    989    912    599
   501    969    883    648
   502    989    885    626
   503   1013    827    660
   504   1023    875    602
   505   1044    863    593
   506   1021    874    605
   507   1006    921    573
   508   1040    883    577
   509    964    954    582
   510    917    980    603
   511    929    916    655
   512    942    889    669
   513    981    876    643
   514   1009    898    593
   515    994    903    603
   516   1004    885    611
   517   1050    830    620
   518   1095    796    609
   519   1117    800    583
   520   1106    867    527
   521   1002    908    590
   522   1005    912    583
   523   1019    908    573
   524    985    924    591
   525    992    940    568
   526    946    972    582
   527    982    896    622
   528   1015    871    614
   529   1031    892    577
   530    995    874    631
   531   1063    834    603
   532   1042    898    560
   533    966    926    608
   534   1021    873    606
   535   1042    886    572
   536    995    933    572
   537    936    924    640
   538    991    894    615
   539    952    957    591
   540    950    919    631
   541    994    892    614
   542   1032    870    598
   543   1015    882    603
   544   1042    866    592
   545   1038    868    594
   546   1052    873    575
   547   1071    859    570
   548   1023    922    555
   549   1022    901    577
   550    993    898    609
   551    992    895    613
   552   1011    919    570
   553    961    963    576
   554    991    910    599
   555   1005    905    590
   556   1005    905    590
   557   1003    941    556
   558   1012    918    570
   559    954    961    585
   560    946    924    630
   561    930    907    663
   562   1000    879    621
   563   1009    930    561
   564    997    921    582
   565    981    909    610
   566   1006    892    602
   567   1035    883    582
   568   1038    910    552
   569   1025    893    582
   570    963    939    598
   571   1002    907    591
   572   1006    912    582
   573    960    936    604
   574    915    990    595
   575    916    965    619
   576    924    989    587
   577    939    967    594
   578    933    952    615
   579    982    910    608
   580    988    902    610
   581    980    916    604
   582   1009    919    572
   583    991    915    594
   584    937    936    627
   585    926    945    629
   586    980    890    630
   587    982    926    592
   588    993    904    603
   589    982    925    593
   590   1004    890    606
   591    934    920    646
   592    962    905    633
   593    984    915    601
   594    957    929    614
   595    950    907    643
   596    968    918    614
   597    964    891    645
   598   1020    878    602
   599   1009    898    593
   600   1025    893    582
   601    987    943    570
   602   1003    903    594
   603   1000    899    601
   604    978    916    606
   605    999    888    613
   606   1016    852    632
   607   1026    846    628
   608   1018    855    627
   609   1006    902    592
   610    995    900    605
   611   1008    905    587
   612    981    930    589
   613   1000    896    604
   614   1008    851    641
   615   1006    903    591
   616    992    927    581
   617   1000    903    597
   618   1050    862    588
   619   1067    889    544
   620   1049    898    553
   621   1038    894    568
   622   1017    895    588
   623   1011    887    602
   624   1013    911    576
   625    990    925    585
   626   1013    883    604
   627   1010    887    603
   628    968    910    622
   629   1009    893    598
   630   1032    901    567
   631   1006    865    629
   632    999    884    617
   633   1013    897    590
   634   1014    903    583
   635    967    948    585
   636    998    910    592
   637    988    917    595
   638    978    883    639
   639    990    910    600
   640    952    933    615
   641    936    952    612
   642    915    959    626
   643   1001    906    593
   644    994    910    596
   645   1010    907    583
   646    994    913    593
   647   1003    912    585
   648   1015    921    564
   649    945    954    601
   650    946    921    633
   651   1001    880    619
   652   1033    863    604
   653   1016    864    620
   654   1012    902    586
   655   1008    893    599
   656    975    916    609
   657    966    921    613
   658    938    945    617
   659    984    911    605
   660    971    926    603
   661    926    955    619
   662    943    935    622
   663    940    930    630
   664    950    902    648
   665    969    916    615
   666    973    915    612
   667    978    929    593
   668   1009    931    560
   669    985    916    599
   670    990    916    594
   671    969    922    609
   672    982    898    620
   673    972    938    590
   674    983    894    623
   675    981    906    613
   676    948    902    650
   677    990    904    606
   678    943    950    607
   679    931    966    603
   680    922    948    630
   681    948    946    606
   682    963    949    588
   683    979    889    632
   684    991    893    616
   685   1028    885    587
   686    990    924    586
   687    980    906    614
   688   1035    874    591
   689   1054    866    580
   690   1008    897    595
   691   1014    908    578
   692   1001    878    621
   693   1001    872    627
   694   1027    863    610
   695   1053    870    577
   696   1020    889    591
   697   1000    881    619
   698   1018    887    595
   699    982    951    567
   700    953    939    608
   701    958    912    630
   702    963    895    642
   703    997    893    610
   704   1016    887    597
   705   1021    903    576
   706   1002    932    566
   707    964    918    618
   708   1007    897    596
   709   1009    886    605
   710   1000    891    609
   711   1047    877    576
   712    970    930    600
   713    957    909    634
   714    959    951    590
   715    984    899    617
   716   1011    914    575
   717    967    914    619
   718    997    914    589
   719   1003    919    578
   720    994    922    584
   721    968    922    610
   722   1002    909    589
   723    972    951    577
   724    992    919    589
   725    987    924    589
   726    986    894    620
   727    969    899    632
   728    963    913    624
   729    950    904    646
   730    940    910    650
   731    972    893    635
   732    981    924    595
   733    961    931    608
   734    995    878    627
   735    967    919    614
   736    954    882    664
   737    948    904    648
   738    998    901    601
   739    967    901    632
   740    993    892    615
   741   1042    868    590
   742   1009    900    591
   743    996    901    603
   744   1012    894    594
   745    985    905    610
   746    985    894    621
   747    989    916    595
   748    977    920    603
   749    981    924    595
   750    993    918    589
   751    956    926    618
   752   1001    897    602
   753    984    883    633
   754    993    879    628
   755   1005    883    612
   756    996    878    626
   757    997    885    618
   758    956    917    627
   759    976    901    623
   760    988    882    630
   761   1020    905    575
   762    950    980    570
   763    952    959    589
   764    946    956    598
   765    953    922    625
   766    998    897    605
   767   1021    848    631
   768    995    907    598
   769   1033    890    577
   770   1010    894    596
   771   1018    908    574
   772    980    938    582
   773    973    926    601
   774    917    966    617
   775    930    940    630
   776    981    899    620
   777   1026    857    617
   778   1023    867    610
   779    984    907    609
   780    977    934    589
   781    940    939    621
   782    949    940    611
   783    984    907    609
   784    994    924    582
   785    990    931    579
   786    950    947    603
   787    949    942    609
   788    975    912    613
   789    955    935    610
   790    965    901    634
   791    964    891    645
   792    953    883    664
   793    972    876    652
   794    976    940    584
   795    954    934    612
   796    968    917    615
   797    955    921    624
   798    915    959    626
   799    936    972    592
   800    937    950    613
   801    953    944    603
   802    938    941    621
   803   1005    875    620
   804    999    908    593
   805    964    924    612
   806    986    931    583
   807    964    910    626
   808    951    918    631
   809    946    926    628
   810    929    940    631
   811    949    927    624
   812    965    948    587
   813    947    926    627
   814    936    962    602
   815    927    972    601
   816    886    986    628
   817    946    931    623
   818    990    897    613
   819    992    912    596
   820    955    950    595
   821    969    930    601
   822    996    857    647
   823   1024    844    632
   824   1013    887    600
   825   1027    872    601
   826   1006    898    596
   827   1016    870    614
   828   1002    932    566
   829    979    928    593
   830    952    885    663
   831   1029    846    625
   832   1063    840    597
   833   1080    865    555
   834   1036    908    556
   835    990    906    604
   836    982    929    589
   837    937    944    619
   838    950    916    634
   839   1004    887    609
   840   1057    859    584
   841   1033    881    586
   842   1031    891    578
   843   1017    882    601
   844   1049    899    552
   845   1042    878    580
   846   1038    877    585
   847   1004    922    574
   848    963    899    638
   849   1028    857    615
   850   1000    918    582
   851    991    939    570
   852    986    941    573
   853    948    940    612
   854    933    960    607
   855    969    916    615
   856    978    895    627
   857    989    929    582
   858    934    954    612
   859    935    954    611
   860    957    913    630
   861    987    873    640
   862    979    928    593
   863    951    964    585
   864    972    920    608
   865    981    895    624
   866    977    897    626
   867   1021    887    592
   868   1004    939    557
   869    937    917    646
   870    982    895    623
   871    999    901    600
   872    970    900    630
   873    981    895    624
   874   1013    899    588
   875    951    939    610
   876    980    883    637
   877   1005    917    578
   878    973    915    612
   879    962    924    614
   880    934    941    625
   881    963    924    613
   882    963    915    622
   883    968    914    618
   884    954    910    636
   885    995    872    633
   886   1070    839    591
   887   1064    820    616
   888   1068    853    579
   889   1050    870    580
   890   1043    890    567
   891    989    935    576
   892    972    912    616
   893   1001    903    596
   894    972    903    625
   895    968    922    610
   896    943    918    639
   897    961    909    630
   898    968    903    629
   899    998    876    626
   900   1020    921    559
   901    929    960    611
   902    941    933    626
   903    926    937    637
   904    959    951    590
   905    960    950    590
   906    953    943    604
   907    943    939    618
   908    930    956    614
   909    948    928    624
   910    949    923    628
   911    968    900    632
   912    983    894    623
   913    998    905    597
   914    980    901    619
   915   1045    866    589
   916   1052    849    599
   917   1054    874    572
   918   1045    883    572
   919   1028    895    577
   920   1048    845    607
   921   1053    880    567
   922   1009    901    590
   923   1011    884    605
   924   1030    878    592
   925   1009    916    575
   926    984    928    588
   927    974    923    603
   928   1008    899    593
   929   1006    881    613
   930   1041    877    582
   931   1020    879    601
   932   1041    875    584
   933   1013    908    579
   934   1001    904    595
   935   1012    915    573
   936    951    958    591
   937    935    958    607
   938    952    938    610
   939    948    913    639
   940    923    951    626
   941    939    933    628
   942    917    949    634
   943    935    953    612
   944   1005    862    633
   945   1048    858    594
   946   1053    865    582
   947   1029    891    580
   948   1021    897    582
   949   1039    878    583
   950   1029    888    583
   951   1023    909    568
   952    972    915    613
   953    990    905    605
   954    961    921    618
   955    971    943    586
   956    950    954    596
   957   1025    874    601
   958    992    887    621
   959    993    871    636
   960   1036    873    591
   961   1020    911    569
   962    945    973    582
   963    934    953    613
   964    971    919    610
   965    958    953    589
   966    939    961    600
   967    981    923    596
   968   1023    893    584
   969   1015    892    593
   970   1057    846    597
   971   1023    868    609
   972    987    886    627
   973   1048    854    598
   974   1057    887    556
   975    981    917    602
   976    996    894    610
   977   1040    880    580
   978   1001    939    560
   979    961    909    630
   980   1005    909    586
   981    979    880    641
   982   1002    871    627
   983    995    877    628
   984   1014    864    622
   985   1040    893    567
   986   1008    906    586
   987    997    875    628
   988   1049    871    580
   989   1017    913    570
   990   1022    910    568
   991    999    914    587
   992   1013    901    586
   993    982    896    622
   994    971    910    619
   995   1027    902    571
   996    955    934    611
   997    979    912    609
   998   1005    866    629
   999   1026    881    593
  1000   1023    882    595
