# time (sweeps) | Susceptible | Infected | Recovered
     0   1732    411    357
     1   1747    435    318
     2   1719    432    349
     3   1727    425    348
     4   1724    431    345
     5   1743    421    336
     6   1723    428    349
     7   1761    415    324
     8   1724    424    352
     9   1718    446    336
    10   1743    438    319
    11   1707    450    343
    12   1698    446    356
    13   1708    429    363
    14   1696    442    362
    15   1742    414    344
    16   1759    422    319
    17   1737    427    336
    18   1758    396    346
    19   1772    412    316
    20   1791    404    305
    21   1765    418    317
    22   1736    431    333
    23   1745    422    333
    24   1768    373    359
    25   1788    382    330
    26   1785    407    308
    27   1773    406    321
    28   1746    412    342
    29   1741    415    344
    30   1720    450    330
    31   1715    434    351
    32   1746    406    348
    33   1766    383    351
    34   1799    364    337
    35   1786    362    352
    36   1816    365    319
    37   1853    353    294
    38   1806    394    300
    39   1812    371    317
    40   1801    375    324
    41   1806    382    312
    42   1782    405    313
    43   1785    389    326
    44   1783    379    338
    45   1800    372    328
    46   1823    378    299
    47   1812    390    298
    48   1805    396    299
    49   1813    373    314
    50   1834    372    294
    51   1816    373    311
    52   1830    379    291
    53   1799    400    301
    54   1759    424    317
    55   1764    420    316
    56   1755    420    325
    57   1800    374    326
    58   1803    368    329
    59   1811    359    330
    60   1807    361    332
    61   1811    376    313
    62   1775    422    303
    63   1733    425    342
    64   1717    456    327
    65   1691    466    343
    66   1702    441    357
    67   1677    441    382
    68   1691    422    387
    69   1688    432    380
    70   1690    453    357
    71   1727    405    368
    72   1740    398    362
    73   1758    380    362
    74   1775    383    342
    75   1756    407    337
    76   1754    420    326
    77   1750    409    341
    78   1773    409    318
    79   1786    407    307
    80   1788    407    305
    81   1745    430    325
    82   1736    428    336
    83   1737    423    340
    84   1710    445    345
    85   1707    446    347
    86   1667    472    361
    87   1690    453    357
    88   1706    435    359
    89   1714    428    358
    90   1735    416    349
    91   1744    441    315
    92   1737    434    329
    93   1741    417    342
    94   1730    409    361
    95   1719    428    353
    96   1707    445    348
    97   1706    482    312
    98   1670    464    366
    99   1689    456    355
   100   1689    449    362
   101   1713    452    335
   102   1675    486    339
   103   1634    485    381
   104   1624    492    384
   105   1608    509    383
   106   1635    491    374
   107   1674    461    365
   108   1695    418    387
   109   1726    430    344
   110   1735    419    346
   111   1743    417    340
   112   1765    416    319
   113   1766    417    317
   114   1708    452    340
   115   1728    401    371
   116   1723    417    360
   117   1721    428    351
   118   1734    426    340
   119   1724    438    338
   120   1706    452    342
   121   1677    466    357
   122   1659    467    374
   123   1685    474    341
   124   1695    464    341
   125   1705    449    346
   126   1718    391    391
   127   1722    413    365
   128   1770    384    346
   129   1777    384    339
   130   1785    398    317
   131   1755    419    326
   132   1761    430    309
   133   1761    425    314
   134   1754    418    328
   135   1728    436    336
   136   1721    435    344
   137   1697    445    358
   138   1728    411    361
   139   1738    415    347
   140   1760    414    326
   141   1736    428    336
   142   1763    387    350
   143   1785    393    322
   144   1785    378    337
   145   1822    357    321
   146   1811    383    306
   147   1770    426    304
   148   1773    408    319
   149   1796    372    332
   150   1808    377    315
   151   1820    360    320
   152   1831    379    290
   153   1807    401    292
   154   1808    387    305
   155   1813    403    284
   156   1808    420    272
   157   1808    387    305
   158   1807    368    325
   159   1800    398    302
   160   1804    385    311
   161   1810    378    312
   162   1810    373    317
   163   1796    389    315
   164   1814    404    282
   165   1779    402    319
   166   1785    396    319
   167   1760    416    324
   168   1794    358    348
   169   1808    366    326
   170   1860    328    312
   171   1871    353    276
   172   1861    351    288
   173   1829    400    271
   174   1793    408    299
   175   1755    413    332
   176   1736    421    343
   177   1724    437    339
   178   1721    463    316
   179   1695    458    347
   180   1673    469    358
   181   1686    441    373
   182   1724    411    365
   183   1746    436    318
   184   1710    466    324
   185   1730    431    339
   186   1729    445    326
   187   1708    453    339
   188   1721    414    365
   189   1778    395    327
   190   1750    419    331
   191   1769    410    321
   192   1784    413    303
   193   1720    458    322
   194   1710    441    349
   195   1722    427    351
   196   1733    441    326
   197   1689    480    331
   198   1663    480    357
   199   1644    501    355
   200   1649    486    365
   201   1622    490    388
   202   1629    465    406
   203   1647    454    399
   204   1661    441    398
   205   1698    436    366
   206   1715    440    345
   207   1695    456    349
   208   1695    469    336
   209   1707    427    366
   210   1691    435    374
   211   1711    442    347
   212   1693    461    346
   213   1721    446    333
   214   1703    445    352
   215   1711    423    366
   216   1696    454    350
   217   1699    447    354
   218   1724    439    337
   219   1687    471    342
   220   1713    446    341
   221   1696    425    379
   222   1680    457    363
   223   1689    458    353
   224   1687    466    347
   225   1677    450    373
   226   1673    463    364
   227   1666    467    367
   228   1664    468    368
   229   1661    453    386
   230   1698    442    360
   231   1722    431    347
   232   1698    453    349
   233   1673    458    369
   234   1716    425    359
   235   1710    439    351
   236   1694    459    347
   237   1686    449    365
   238   1740    430    330
   239   1727    436    337
   240   1716    410    374
   241   1761    383    356
   242   1766    383    351
   243   1776    393    331
   244   1779    412    309
   245   1762    405    333
   246   1777    437    286
   247   1753    447    300
   248   1711    459    330
   249   1689    454    357
   250   1700    456    344
   251   1701    454    345
   252   1724    429    347
   253   1746    414    340
   254   1771    395    334
   255   1781    402    317
   256   1781    392    327
   257   1793    408    299
   258   1828    378    294
   259   1838    368    294
   260   1815    390    295
   261   1794    412    294
   262   1769    423    308
   263   1746    413    341
   264   1731    443    326
   265   1721    449    330
   266   1726    443    331
   267   1695    460    345
   268   1677    494    329
   269   1670    491    339
   270   1682    456    362
   271   1677    484    339
   272   1688    445    367
   273   1743    386    371
   274   1739    402    359
   275   1712    457    331
   276   1722    413    365
   277   1718    459    323
   278   1728    431    341
   279   1750    410    340
   280   1728    427    345
   281   1714    436    350
   282   1721    445    334
   283   1737    425    338
   284   1752    428    320
   285   1740    449    311
   286   1752    419    329
   287   1721    447    332
   288   1729    449    322
   289   1724    439    337
   290   1717    420    363
   291   1752    407    341
   292   1798    385    317
   293   1796    386    318
   294   1778    384    338
   295   1797    404    299
   296   1802    382    316
   297   1822    381    297
   298   1809    377    314
   299   1789    399    312
   300   1762    412    326
   301   1776    403    321
   302   1810    390    300
   303   1792    393    315
   304   1786    394    320
   305   1755    396    349
   306   1789    394    317
   307   1767    412    321
   308   1761    398    341
   309   1751    417    332
   310   1758    418    324
   311   1758    422    320
   312   1744    460    296
   313   1729    447    324
   314   1705    451    344
   315   1726    436    338
   316   1724    432    344
   317   1721    424    355
   318   1751    405    344
   319   1795    383    322
   320   1782    385    333
   321   1830    340    330
   322   1862    333    305
   323   1885    320    295
   324   1905    326    269
   325   1879    362    259
   326   1847    372    281
   327   1830    387    283
   328   1813    387    300
   329   1816    380    304
   330   1798    397    305
   331   1774    415    311
   332   1757    408    335
   333   1754    411    335
   334   1722    470    308
   335   1681    449    370
   336   1706    418    376
   337   1745    408    347
   338   1754    396    350
   339   1751    390    359
   340   1772    382    346
   341   1805    382    313
   342   1788    404    308
   343   1750    424    326
   344   1749    402    349
   345   1784    390    326
   346   1767    410    323
   347   1771    405    324
   348   1762    386    352
   349   1765    409    326
   350   1764    408    328
   351   1752    420    328
   352   1755    420    325
   353   1729    444    327
   354   1755    413    332
   355   1744    435    321
   356   1702    414    384
   357   1723    405    372
   358   1750    395    355
   359   1732    452    316
   360   1693    456    351
   361   1700    428    372
   362   1729    440    331
   363   1725    416    359
   364   1736    409    355
   365   1742    425    333
   366   1735    420    345
   367   1743    422    335
   368   1716    406    378
   369   1721    414    365
   370   1738    419    343
   371   1727    441    332
   372   1747    423    330
   373   1782    382    336
   374   1763    411    326
   375   1733    437    330
   376   1705    424    371
   377   1734    420    346
   378   1737    429    334
   379   1707    475    318
   380   1671    494    335
   381   1677    467    356
   382   1684    444    372
   383   1699    435    366
   384   1714    433    353
   385   1739    398    363
   386   1707    448    345
   387   1701    462    337
   388   1703    455    342
   389   1717    438    345
   390   1710    416    374
   391   1712    455    333
   392   1708    447    345
   393   1697    449    354
   394   1718    409    373
   395   1738    410    352
   396   1719    447    334
   397   1721    441    338
   398   1712    461    327
   399   1676    474    350
   400   1696    441    363
   401   1706    428    366
   402   1720    425    355
   403   1743    407    350
   404   1747    420    333
   405   1751    419    330
   406   1752    399    349
   407   1750    403    347
   408   1718    438    344
   409   1765    410    325
   410   1734    422    344
   411   1739    435    326
   412   1698    455    347
   413   1714    428    358
   414   1707    434    359
   415   1682    453    365
   416   1688    441    371
   417   1679    457    364
   418   1721    434    345
   419   1735    434    331
   420   1720    434    346
   421   1722    421    357
   422   1742    401    357
   423   1744    423    333
   424   1733    420    347
   425   1736    407    357
   426   1748    408    344
   427   1752    401    347
   428   1768    399    333
   429   1783    384    333
   430   1758    398    344
   431   1748    427    325
   432   1729    420    351
   433   1732    438    330
   434   1752    424    324
   435   1741    433    326
   436   1744    454    302
   437   1740    427    333
   438   1727    441    332
   439   1731    437    332
   440   1744    434    322
   441   1711    449    340
   442   1726    437    337
   443   1728    441    331
   444   1727    427    346
   445   1731    433    336
   446   1736    443    321
   447   1755    418    327
   448   1794    376    330
   449   1822    375    303
   450   1811    391    298
   451   1808    391    301
   452   1782    410    308
   453   1780    412    308
   454   1766    390    344
   455   1799    363    338
   456   1817    363    320
   457   1809    373    318
   458   1834    354    312
   459   1855    348    297
   460   1844    354    302
   461   1856    348    296
   462   1840    346    314
   463   1815    400    285
   464   1815    373    312
   465   1845    339    316
   466   1846    339    315
   467   1857    353    290
   468   1855    354    291
   469   1844    365    291
   470   1836    368    296
   471   1833    380    287
   472   1835    381    284
   473   1816    395    289
   474   1812    396    292
   475   1823    377    300
   476   1833    371    296
   477   1840    370    290
   478   1854    361    285
   479   1853    352    295
   480   1839    354    307
   481   1829    370    301
   482   1835    359    306
   483   1847    350    303
   484   1846    373    281
   485   1825    393    282
   486   1801    406    293
   487   1803    391    306
   488   1787    398    315
   489   1799    406    295
   490   1792    385    323
   491   1809    382    309
   492   1804    394    302
   493   1789    412    299
   494   1744    417    339
   495   1732    421    347
   496   1715    425    360
   497   1739    429    332
   498   1698    445    357
   499   1724    442    334
   500   1702    466    332
   501   1688    471    341
   502   1720    442    338
   503   1736    432    332
   504   1737    421    342
   505   1706    421    373
   506   1718    420    362
   507   1755    397    348
   508   1751    403    346
   509   1764    391    345
   510   1787    392    321
   511   1792    400    308
   512   1781    389    330
   513   1781    371    348
   514   1835    372    293
   515   1834    382    284
   516   1839    373    288
   517   1808    390    302
   518   1832    379    289
   519   1791    415    294
   520   1778    406    316
   521   1768    406    326
   522   1746    418    336
   523   1765    434    301
   524   1744    416    340
   525   1754    406    340
   526   1763    383    354
   527   1790    382    328
   528   1836    358    306
   529   1797    386    317
   530   1797    377    326
   531   1779    406    315
   532   1802    408    290
   533   1775    425    300
   534   1768    423    309
   535   1766    422    312
   536   1777    417    306
   537   1778    438    284
   538   1741    435    324
   539   1719    447    334
   540   1706    450    344
   541   1717    440    343
   542   1694    478    328
   543   1694    434    372
   544   1717    436    347
   545   1704    431    365
   546   1743    422    335
   547   1754    405    341
   548   1731    420    349
   549   1752    398    350
   550   1777    384    339
   551   1810    368    322
   552   1806    371    323
   553   1803    367    330
   554   1828    370    302
   555   1816    389    295
   556   1801    382    317
   557   1782    418    300
   558   1763    421    316
   559   1708    443    349
   560   1666    473    361
   561   1677    463    360
   562   1715    426    359
   563   1702    448    350
   564   1708    441    351
   565   1735    432    333
   566   1717    452    331
   567   1680    464    356
   568   1701    459    340
   569   1676    480    344
   570   1672    465    363
   571   1668    451    381
   572   1700    441    359
   573   1693    445    362
   574   1709    442    349
   575   1691    453    356
   576   1676    467    357
   577   1670    478    352
   578   1679    455    366
   579   1698    442    360
   580   1726    433    341
   581   1681    478    341
   582   1657    501    342
   583   1635    505    360
   584   1608    513    379
   585   1591    513    396
   586   1625    513    362
   587   1592    538    370
   588   1583    515    402
   589   1616    479    405
   590   1655    464    381
   591   1670    473    357
   592   1643    471    386
   593   1679    469    352
   594   1667    472    361
   595   1681    474    345
   596   1682    473    345
   597   1666    450    384
   598   1679    452    369
   599   1664    480    356
   600   1652    458    390
   601   1630    475    395
   602   1632    478    390
   603   1676    463    361
   604   1690    436    374
   605   1729    403    368
   606   1714    419    367
   607   1754    408    338
   608   1727    433    340
   609   1745    441    314
   610   1734    419    347
   611   1723    435    342
   612   1725    422    353
   613   1719    452    329
   614   1695    456    349
   615   1699    450    351
   616   1717    449    334
   617   1701    445    354
   618   1725    440    335
   619   1704    459    337
   620   1715    456    329
   621   1679    467    354
   622   1647    493    360
   623   1679    456    365
   624   1701    452    347
   625   1665    491    344
   626   1701    457    342
   627   1695    442    363
   628   1733    407    360
   629   1780    365    355
   630   1760    406    334
   631   1763    392    345
   632   1790    384    326
   633   1792    395    313
   634   1794    383    323
   635   1805    399    296
   636   1795    395    310
   637   1804    384    312
   638   1762    432    306
   639   1738    439    323
   640   1725    434    341
   641   1712    441    347
   642   1728    426    346
   643   1704    438    358
   644   1712    434    354
   645   1731    429    340
   646   1742    429    329
   647   1745    417    338
   648   1745    418    337
   649   1741    430    329
   650   1736    427    337
   651   1757    413    330
   652   1745    425    330
   653   1735    456    309
   654   1713    442    345
   655   1712    437    351
   656   1726    454    320
   657   1690    445    365
   658   1698    451    351
   659   1712    444    344
   660   1718    431    351
   661   1748    411    341
   662   1728    407    365
   663   1699    442    359
   664   1707    433    360
   665   1733    430    337
   666   1679    480    341
   667   1696    463    341
   668   1699    456    345
   669   1650    496    354
   670   1655    486    359
   671   1633    498    369
   672   1619    492    389
   673   1617    479    404
   674   1666    439    395
   675   1720    414    366
   676   1690    450    360
   677   1685    459    356
   678   1696    448    356
   679   1727    443    330
   680   1713    447    340
   681   1714    438    348
   682   1720    428    352
   683   1757    420    323
   684   1747    422    331
   685   1727    453    320
   686   1744    414    342
   687   1727    426    347
   688   1713    453    334
   689   1692    445    363
   690   1713    424    363
   691   1700    424    376
   692   1701    420    379
   693   1702    436    362
   694   1703    432    365
   695   1696    423    381
   696   1741    400    359
   697   1723    413    364
   698   1733    409    358
   699   1715    417    368
   700   1763    398    339
   701   1795    397    308
   702   1783    395    322
   703   1749    435    316
   704   1773    406    321
   705   1789    388    323
   706   1765    390    345
   707   1792    398    310
   708   1803    395    302
   709   1788    398    314
   710   1789    402    309
   711   1803    390    307
   712   1755    433    312
   713   1728    440    332
   714   1710    449    341
   715   1671    481    348
   716   1678    466    356
   717   1676    456    368
   718   1671    451    378
   719   1705    416    379
   720   1744    401    355
   721   1789    372    339
   722   1796    365    339
   723   1833    361    306
   724   1840    346    314
   725   1855    342    303
   726   1888    330    282
   727   1846    365    289
   728   1802    384    314
   729   1803    389    308
   730   1802    385    313
   731   1813    365    322
   732   1839    351    310
   733   1851    351    298
   734   1870    364    266
   735   1864    375    261
   736   1833    396    271
   737   1800    406    294
   738   1766    409    325
   739   1749    415    336
   740   1738    414    348
   741   1752    420    328
   742   1746    442    312
   743   1739    425    336
   744   1726    438    336
   745   1752    427    321
   746   1725    441    334
   747   1725    422    353
   748   1746    408    346
   749   1771    383    346
   750   1784    396    320
   751   1772    421    307
   752   1726    458    316
   753   1708    446    346
   754   1692    445    363
   755   1711    412    377
   756   1738    408    354
   757   1764    393    343
   758   1786    403    311
   759   1811    381    308
   760   1843    349    308
   761   1834    354    312
   762   1841    353    306
   763   1840    383    277
   764   1814    405    281
   765   1748    428    324
   766   1763    422    315
   767   1742    425    333
   768   1713    444    343
   769   1694    462    344
   770   1684    459    357
   771   1698    458    344
   772   1666    490    344
   773   1662    457    381
   774   1675    471    354
   775   1653    505    342
   776   1662    468    370
   777   1669    451    380
   778   1693    455    352
   779   1696    463    341
   780   1714    445    341
   781   1699    459    342
   782   1697    445    358
   783   1687    459    354
   784   1706    465    329
   785   1718    451    331
   786   1698    447    355
   787   1699    441    360
   788   1709    458    333
   789   1704    429    367
   790   1748    399    353
   791   1749    426    325
   792   1744    419    337
   793   1780    396    324
   794   1746    416    338
   795   1721    413    366
   796   1747    402    351
   797   1733    404    363
   798   1767    408    325
   799   1767    419    314
   800   1787    400    313
   801   1807    393    300
   802   1801    398    301
   803   1801    414    285
   804   1784    397    319
   805   1777    410    313
   806   1767    415    318
   807   1734    412    354
   808   1728    382    390
   809   1769    359    372
   810   1795    357    348
   811   1791    369    340
   812   1773    438    289
   813   1748    445    307
   814   1707    457    336
   815   1734    424    342
   816   1747    430    323
   817   1773    402    325
   818   1737    437    326
   819   1736    445    319
   820   1712    466    322
   821   1701    468    331
   822   1721    441    338
   823   1716    438    346
   824   1702    458    340
   825   1694    443    363
   826   1649    494    357
   827   1719    437    344
   828   1688    446    366
   829   1685    438    377
   830   1695    439    366
   831   1696    436    368
   832   1687    458    355
   833   1669    456    375
   834   1684    478    338
   835   1667    488    345
   836   1662    484    354
   837   1681    459    360
   838   1667    470    363
   839   1669    454    377
   840   1636    494    370
   841   1618    493    389
   842   1636    472    392
   843   1674    434    392
   844   1676    425    399
   845   1688    435    377
   846   1666    450    384
   847   1684    450    366
   848   1696    424    380
   849   1713    444    343
   850   1730    402    368
   851   1743    416    341
   852   1739    406    355
   853   1733    417    350
   854   1730    432    338
   855   1769    395    336
   856   1793    391    316
   857   1781    430    289
   858   1756    421    323
   859   1726    442    332
   860   1749    404    347
   861   1758    426    316
   862   1699    450    351
   863   1680    454    366
   864   1666    456    378
   865   1661    463    376
   866   1701    417    382
   867   1692    428    380
   868   1718    429    353
   869   1774    388    338
   870   1796    392    312
   871   1786    381    333
   872   1793    395    312
   873   1790    384    326
   874   1759    397    344
   875   1770    389    341
   876   1769    389    342
   877   1761    399    340
   878   1752    419    329
   879   1750    414    336
   880   1751    408    341
   881   1769    401    330
   882   1797    383    320
   883   1761    412    327
   884   1783    392    325
   885   1780    404    316
   886   1773    394    333
   887   1763    432    305
   888   1743    444    313
   889   1760    418    322
   890   1737    422    341
   891   1742    410    348
   892   1725    449    326
   893   1735    404    361
   894   1741    409    350
   895   1772    389    339
   896   1793    384    323
   897   1805    388    307
   898   1814    400    286
   899   1799    372    329
   900   1793    384    323
   901   1789    408    303
   902   1757    448    295
   903   1763    425    312
   904   1784    407    309
   905   1816    378    306
   906   1835    346    319
   907   1845    345    310
   908   1847    339    314
   909   1856    340    304
   910   1822    363    315
   911   1824    375    301
   912   1829    386    285
   913   1832    399    269
   914   1806    389    305
   915   1810    377    313
   916   1791    390    319
   917   1812    380    308
   918   1812    398    290
   919   1810    379    311
   920   1810    409    281
   921   1778    421    301
   922   1756    444    300
   923   1773    423    304
   924   1770    399    331
   925   1779    373    348
   926   1778    396    326
   927   1796    392    312
   928   1820    367    313
   929   1843    381    276
   930   1817    406    277
   931   1786    429    285
   932   1757    437    306
   933   1712    451    337
   934   1710    448    342
   935   1718    420    362
   936   1721    424    355
   937   1736    439    325
   938   1691    457    352
   939   1716    435    349
   940   1709    443    348
   941   1711    448    341
   942   1716    436    348
   943   1709    436    355
   944   1704    455    341
   945   1754    415    331
   946   1755    393    352
   947   1769    404    327
   948   1782    387    331
   949   1755    411    334
   950   1783    409    308
   951   1756    451    293
   952   1732    457    311
   953   1748    442    310
   954   1710    449    341
   955   1692    438    370
   956   1726    412    362
   957   1743    438    319
   958   1707    468    325
   959   1698    446    356
   960   1690    437    373
   961   1690    414    396
   962   1749    391    360
   963   1749    406    345
   964   1772    409    319
   965   1773    403    324
   966   1775    419    306
   967   1731    428    341
   968   1738    431    331
   969   1743    410    347
   970   1738    404    358
   971   1739    413    348
   972   1713    413    374
   973   1722    426    352
   974   1742    404    354
   975   1770    394    336
   976   1763    418    319
   977   1757    399    344
   978   1768    377    355
   979   1810    345    345
   980   1842    350    308
   981   1839    354    307
   982   1850    341    309
   983   1846    368    286
   984   1810    381    309
   985   1841    369    290
   986   1818    397    285
   987   1802    425    273
   988   1785    409    306
   989   1781    412    307
   990   1792    390    318
   991   1780    391    329
   992   1732    450    318
   993   1719    426    355
   994   1715    447    338
   995   1697    437    366
   996   1715    435    350
   997   1725    421    354
   998   1715    443    342
   999   1697    451    352
  1000   1674    486    340
