# time (sweeps) | Susceptible | Infected | Recovered
     0    746    661   1093
     1    754    660   1086
     2    761    655   1084
     3    755    670   1075
     4    762    647   1091
     5    745    690   1065
     6    716    687   1097
     7    695    753   1052
     8    670    746   1084
     9    680    759   1061
    10    645    730   1125
    11    622    766   1112
    12    615    738   1147
    13    635    755   1110
    14    669    678   1153
    15    721    675   1104
    16    675    748   1077
    17    686    702   1112
    18    699    699   1102
    19    704    744   1052
    20    687    748   1065
    21    668    765   1067
    22    655    778   1067
    23    632    766   1102
    24    630    768   1102
    25    615    731   1154
    26    617    737   1146
    27    653    705   1142
    28    657    709   1134
    29    691    693   1116
    30    697    717   1086
    31    719    647   1134
    32    727    686   1087
    33    776    681   1043
    34    735    691   1074
    35    697    685   1118
    36    741    652   1107
    37    751    697   1052
    38    719    730   1051
    39    681    734   1085
    40    639    769   1092
    41    648    754   1098
    42    625    731   1144
    43    621    694   1185
    44    668    695   1137
    45    697    697   1106
    46    660    712   1128
    47    670    737   1093
    48    658    740   1102
    49    647    775   1078
    50    613    770   1117
    51    623    747   1130
    52    628    750   1122
    53    618    756   1126
    54    667    753   1080
    55    650    775   1075
    56    663    759   1078
    57    657    754   1089
    58    630    771   1099
    59    610    764   1126
    60    623    759   1118
    61    601    771   1128
    62    621    754   1125
    63    607    713   1180
    64    636    703   1161
    65    667    680   1153
    66    692    695   1113
    67    703    715   1082
    68    714    665   1121
    69    696    687   1117
    70    694    681   1125
    71    738    687   1075
    72    716    688   1096
    73    720    705   1075
    74    724    705   1071
    75    713    736   1051
    76    695    770   1035
    77    633    773   1094
    78    606    772   1122
    79    600    748   1152
    80    635    701   1164
    81    675    687   1138
    82    716    652   1132
    83    741    688   1071
    84    704    706   1090
    85    716    706   1078
    86    656    761   1083
    87    668    736   1096
    88    690    747   1063
    89    672    748   1080
    90    697    708   1095
    91    665    744   1091
    92    661    731   1108
    93    676    726   1098
    94    642    701   1157
    95    675    711   1114
    96    687    700   1113
    97    723    668   1109
    98    707    695   1098
    99    688    728   1084
   100    687    689   1124
   101    703    671   1126
   102    698    706   1096
   103    677    744   1079
   104    705    697   1098
   105    688    735   1077
   106    678    731   1091
   107    670    707   1123
   108    667    716   1117
   109    621    737   1142
   110    630    750   1120
   111    634    717   1149
   112    670    697   1133
   113    661    718   1121
   114    647    717   1136
   115    676    726   1098
   116    659    756   1085
   117    701    696   1103
   118    741    691   1068
   119    689    720   1091
   120    676    733   1091
   121    650    743   1107
   122    656    721   1123
   123    665    689   1146
   124    685    726   1089
   125    704    713   1083
   126    664    732   1104
   127    627    734   1139
   128    663    739   1098
   129    645    769   1086
   130    625    753   1122
   131    645    727   1128
   132    654    732   1114
   133    644    753   1103
   134    614    786   1100
   135    627    776   1097
   136    618    752   1130
   137    608    721   1171
   138    635    703   1162
   139    647    714   1139
   140    657    737   1106
   141    659    719   1122
   142    651    709   1140
   143    692    699   1109
   144    682    726   1092
   145    693    745   1062
   146    693    732   1075
   147    691    715   1094
   148    682    715   1103
   149    729    701   1070
   150    708    721   1071
   151    673    748   1079
   152    644    756   1100
   153    626    696   1178
   154    647    667   1186
   155    674    683   1143
   156    695    708   1097
   157    745    673   1082
   158    704    731   1065
   159    686    742   1072
   160    686    724   1090
   161    681    754   1065
   162    691    741   1068
   163    686    710   1104
   164    706    675   1119
   165    727    694   1079
   166    684    697   1119
   167    716    671   1113
   168    743    680   1077
   169    707    727   1066
   170    658    732   1110
   171    656    752   1092
   172    663    744   1093
   173    633    765   1102
   174    652    723   1125
   175    691    697   1112
   176    701    695   1104
   177    667    712   1121
   178    677    685   1138
   179    739    699   1062
   180    692    731   1077
   181    665    761   1074
   182    658    730   1112
   183    715    711   1074
   184    672    756   1072
   185    647    770   1083
   186    653    699   1148
   187    677    675   1148
   188    692    680   1128
   189    698    712   1090
   190    655    701   1144
   191    672    715   1113
   192    690    711   1099
   193    705    701   1094
   194    728    702   1070
   195    710    717   1073
   196    665    766   1069
   197    657    749   1094
   198    661    748   1091
   199    669    734   1097
   200    616    746   1138
   201    652    749   1099
   202    689    727   1084
   203    646    746   1108
   204    649    732   1119
   205    693    703   1104
   206    735    704   1061
   207    684    746   1070
   208    646    753   1101
   209    646    699   1155
   210    676    713   1111
   211    643    744   1113
   212    653    732   1115
   213    664    700   1136
   214    680    689   1131
   215    680    719   1101
   216    706    694   1100
   217    684    739   1077
   218    667    740   1093
   219    668    718   1114
   220    679    724   1097
   221    677    722   1101
   222    663    740   1097
   223    660    740   1100
   224    636    729   1135
   225    625    718   1157
   226    694    711   1095
   227    670    736   1094
   228    645    738   1117
   229    626    710   1164
   230    652    685   1163
   231    701    671   1128
   232    700    684   1116
   233    751    679   1070
   234    732    721   1047
   235    709    717   1074
   236    675    761   1064
   237    642    773   1085
   238    634    764   1102
   239    622    764   1114
   240    591    777   1132
   241    613    759   1128
   242    645    723   1132
   243    651    731   1118
   244    672    714   1114
   245    653    736   1111
   246    668    722   1110
   247    632    762   1106
   248    651    707   1142
   249    687    706   1107
   250    685    724   1091
   251    679    732   1089
   252    692    704   1104
   253    666    762   1072
   254    640    772   1088
   255    642    771   1087
   256    648    790   1062
   257    639    790   1071
   258    623    783   1094
   259    641    755   1104
   260    635    722   1143
   261    646    739   1115
   262    663    737   1100
   263    641    737   1122
   264    664    709   1127
   265    660    697   1143
   266    679    714   1107
   267    718    649   1133
   268    742    655   1103
   269    721    687   1092
   270    672    761   1067
   271    655    717   1128
   272    676    706   1118
   273    709    701   1090
   274    715    677   1108
   275    733    675   1092
   276    734    707   1059
   277    669    761   1070
   278    637    778   1085
   279    595    743   1162
   280    598    760   1142
   281    628    726   1146
   282    628    718   1154
   283    657    729   1114
   284    664    718   1118
   285    659    743   1098
   286    674    717   1109
   287    672    709   1119
   288    708    698   1094
   289    696    707   1097
   290    665    727   1108
   291    669    713   1118
   292    662    737   1101
   293    676    720   1104
   294    669    721   1110
   295    638    741   1121
   296    616    765   1119
   297    619    740   1141
   298    617    724   1159
   299    648    704   1148
   300    646    727   1127
   301    657    758   1085
   302    626    769   1105
   303    659    720   1121
   304    671    725   1104
   305    714    664   1122
   306    719    680   1101
   307    706    697   1097
   308    710    710   1080
   309    712    727   1061
   310    696    738   1066
   311    679    733   1088
   312    651    750   1099
   313    647    741   1112
   314    631    721   1148
   315    604    751   1145
   316    618    745   1137
   317    647    698   1155
   318    693    667   1140
   319    711    676   1113
   320    726    711   1063
   321    642    780   1078
   322    637    731   1132
   323    670    713   1117
   324    704    693   1103
   325    691    719   1090
   326    698    720   1082
   327    673    727   1100
   328    639    731   1130
   329    663    742   1095
   330    645    774   1081
   331    640    742   1118
   332    611    785   1104
   333    617    778   1105
   334    634    746   1120
   335    668    726   1106
   336    663    697   1140
   337    689    718   1093
   338    660    727   1113
   339    678    702   1120
   340    671    682   1147
   341    707    692   1101
   342    722    703   1075
   343    734    669   1097
   344    708    701   1091
   345    690    711   1099
   346    686    712   1102
   347    647    719   1134
   348    682    719   1099
   349    666    668   1166
   350    724    647   1129
   351    731    701   1068
   352    716    704   1080
   353    699    710   1091
   354    685    725   1090
   355    641    715   1144
   356    628    740   1132
   357    656    739   1105
   358    618    763   1119
   359    639    719   1142
   360    612    764   1124
   361    629    745   1126
   362    634    753   1113
   363    622    795   1083
   364    615    752   1133
   365    632    729   1139
   366    667    703   1130
   367    671    740   1089
   368    678    713   1109
   369    691    714   1095
   370    663    727   1110
   371    685    711   1104
   372    710    695   1095
   373    722    658   1120
   374    731    649   1120
   375    780    647   1073
   376    756    678   1066
   377    746    718   1036
   378    689    763   1048
   379    650    790   1060
   380    642    752   1106
   381    650    742   1108
   382    674    733   1093
   383    651    730   1119
   384    659    727   1114
   385    671    733   1096
   386    684    728   1088
   387    719    676   1105
   388    707    717   1076
   389    701    687   1112
   390    712    704   1084
   391    689    702   1109
   392    630    736   1134
   393    662    713   1125
   394    673    692   1135
   395    711    684   1105
   396    706    692   1102
   397    708    711   1081
   398    700    730   1070
   399    656    717   1127
   400    691    727   1082
   401    675    730   1095
   402    650    743   1107
   403    621    742   1137
   404    636    743   1121
   405    642    706   1152
   406    676    702   1122
   407    682    680   1138
   408    692    714   1094
   409    669    764   1067
   410    659    762   1079
   411    683    703   1114
   412    680    734   1086
   413    686    737   1077
   414    621    775   1104
   415    639    734   1127
   416    651    721   1128
   417    668    707   1125
   418    656    725   1119
   419    667    719   1114
   420    650    720   1130
   421    668    696   1136
   422    663    686   1151
   423    703    688   1109
   424    704    695   1101
   425    726    701   1073
   426    680    726   1094
   427    654    720   1126
   428    670    735   1095
   429    658    762   1080
   430    637    748   1115
   431    600    726   1174
   432    636    731   1133
   433    680    723   1097
   434    661    733   1106
   435    686    708   1106
   436    720    676   1104
   437    685    706   1109
   438    687    683   1130
   439    681    697   1122
   440    678    734   1088
   441    642    721   1137
   442    599    748   1153
   443    603    704   1193
   444    631    690   1179
   445    637    706   1157
   446    627    718   1155
   447    644    699   1157
   448    696    660   1144
   449    720    665   1115
   450    712    686   1102
   451    724    712   1064
   452    690    749   1061
   453    655    766   1079
   454    686    747   1067
   455    618    805   1077
   456    594    793   1113
   457    617    726   1157
   458    658    693   1149
   459    683    706   1111
   460    717    692   1091
   461    753    702   1045
   462    738    690   1072
   463    718    707   1075
   464    722    685   1093
   465    764    637   1099
   466    786    643   1071
   467    775    679   1046
   468    758    688   1054
   469    735    755   1010
   470    676    762   1062
   471    692    708   1100
   472    667    726   1107
   473    672    702   1126
   474    649    734   1117
   475    677    721   1102
   476    701    677   1122
   477    729    654   1117
   478    714    664   1122
   479    703    729   1068
   480    619    781   1100
   481    596    774   1130
   482    610    725   1165
   483    677    679   1144
   484    683    707   1110
   485    678    748   1074
   486    679    744   1077
   487    680    717   1103
   488    698    683   1119
   489    693    695   1112
   490    710    685   1105
   491    700    733   1067
   492    692    744   1064
   493    686    710   1104
   494    778    635   1087
   495    737    711   1052
   496    725    706   1069
   497    730    674   1096
   498    733    669   1098
   499    732    672   1096
   500    708    692   1100
   501    723    696   1081
   502    723    664   1113
   503    726    655   1119
   504    725    645   1130
   505    744    662   1094
   506    729    698   1073
   507    705    693   1102
   508    708    663   1129
   509    740    669   1091
   510    724    719   1057
   511    711    686   1103
   512    734    699   1067
   513    729    725   1046
   514    652    789   1059
   515    656    746   1098
   516    683    736   1081
   517    674    742   1084
   518    649    750   1101
   519    645    745   1110
   520    625    766   1109
   521    652    731   1117
   522    659    707   1134
   523    680    673   1147
   524    680    693   1127
   525    668    707   1125
   526    693    701   1106
   527    648    722   1130
   528    652    728   1120
   529    651    747   1102
   530    639    720   1141
   531    650    725   1125
   532    659    715   1126
   533    663    691   1146
   534    659    687   1154
   535    695    704   1101
   536    684    707   1109
   537    700    688   1112
   538    693    681   1126
   539    671    687   1142
   540    740    661   1099
   541    773    657   1070
   542    796    622   1082
   543    830    625   1045
   544    805    664   1031
   545    797    651   1052
   546    767    668   1065
   547    752    698   1050
   548    705    722   1073
   549    662    756   1082
   550    663    734   1103
   551    645    732   1123
   552    684    709   1107
   553    683    683   1134
   554    691    682   1127
   555    682    722   1096
   556    697    729   1074
   557    656    739   1105
   558    658    725   1117
   559    624    770   1106
   560    641    761   1098
   561    623    777   1100
   562    631    761   1108
   563    625    767   1108
   564    636    734   1130
   565    667    726   1107
   566    612    787   1101
   567    589    792   1119
   568    604    789   1107
   569    582    795   1123
   570    583    775   1142
   571    592    764   1144
   572    655    673   1172
   573    682    689   1129
   574    629    747   1124
   575    638    740   1122
   576    649    747   1104
   577    614    790   1096
   578    631    766   1103
   579    597    783   1120
   580    616    766   1118
   581    626    730   1144
   582    639    713   1148
   583    715    696   1089
   584    713    661   1126
   585    687    697   1116
   586    670    699   1131
   587    643    714   1143
   588    660    707   1133
   589    644    719   1137
   590    712    700   1088
   591    691    688   1121
   592    679    728   1093
   593    660    730   1110
   594    669    712   1119
   595    653    738   1109
   596    662    725   1113
   597    636    737   1127
   598    653    711   1136
   599    641    692   1167
   600    695    687   1118
   601    668    743   1089
   602    671    752   1077
   603    621    770   1109
   604    638    724   1138
   605    668    722   1110
   606    677    699   1124
   607    682    717   1101
   608    710    731   1059
   609    662    753   1085
   610    641    757   1102
   611    660    728   1112
   612    676    702   1122
   613    674    711   1115
   614    692    696   1112
   615    673    701   1126
   616    661    761   1078
   617    666    740   1094
   618    687    687   1126
   619    730    691   1079
   620    674    696   1130
   621    680    722   1098
   622    657    752   1091
   623    664    734   1102
   624    702    693   1105
   625    725    684   1091
   626    760    670   1070
   627    790    677   1033
   628    747    710   1043
   629    680    767   1053
   630    629    794   1077
   631    654    719   1127
   632    633    745   1122
   633    658    715   1127
   634    668    703   1129
   635    673    717   1110
   636    686    709   1105
   637    700    716   1084
   638    680    696   1124
   639    677    719   1104
   640    663    758   1079
   641    686    717   1097
   642    672    749   1079
   643    670    708   1122
   644    630    744   1126
   645    640    749   1111
   646    673    714   1113
   647    663    714   1123
   648    721    690   1089
   649    705    702   1093
   650    691    732   1077
   651    689    754   1057
   652    685    711   1104
   653    665    720   1115
   654    679    710   1111
   655    672    713   1115
   656    731    673   1096
   657    706    710   1084
   658    690    714   1096
   659    664    706   1130
   660    672    706   1122
   661    706    694   1100
   662    669    737   1094
   663    676    736   1088
   664    692    716   1092
   665    652    721   1127
   666    628    729   1143
   667    646    732   1122
   668    668    711   1121
   669    671    711   1118
   670    691    728   1081
   671    646    785   1069
   672    629    732   1139
   673    632    747   1121
   674    682    718   1100
   675    682    696   1122
   676    716    720   1064
   677    689    734   1077
   678    627    757   1116
   679    642    752   1106
   680    629    746   1125
   681    661    726   1113
   682    673    706   1121
   683    700    703   1097
   684    690    704   1106
   685    683    720   1097
   686    669    732   1099
   687    654    712   1134
   688    698    696   1106
   689    688    717   1095
   690    697    716   1087
   691    657    746   1097
   692    692    717   1091
   693    672    744   1084
   694    643    783   1074
   695    616    763   1121
   696    628    732   1140
   697    628    737   1135
   698    624    732   1144
   699    651    698   1151
   700    671    716   1113
   701    710    701   1089
   702    684    702   1114
   703    663    728   1109
   704    723    711   1066
   705    692    748   1060
   706    662    760   1078
   707    673    744   1083
   708    680    739   1081
   709    635    720   1145
   710    640    744   1116
   711    666    750   1084
   712    676    722   1102
   713    657    733   1110
   714    690    674   1136
   715    764    629   1107
   716    719    690   1091
   717    724    702   1074
   718    719    687   1094
   719    765    647   1088
   720    745    667   1088
   721    736    695   1069
   722    750    682   1068
   723    744    685   1071
   724    720    698   1082
   725    723    730   1047
   726    687    763   1050
   727    663    775   1062
   728    665    734   1101
   729    689    725   1086
   730    665    767   1068
   731    664    747   1089
   732    629    757   1114
   733    651    751   1098
   734    670    747   1083
   735    642    748   1110
   736    638    730   1132
   737    669    694   1137
   738    642    716   1142
   739    631    739   1130
   740    690    700   1110
   741    730    671   1099
   742    732    659   1109
   743    746    649   1105
   744    781    642   1077
   745    735    670   1095
   746    778    642   1080
   747    834    604   1062
   748    785    648   1067
   749    754    686   1060
   750    718    722   1060
   751    652    798   1050
   752    656    772   1072
   753    641    768   1091
   754    656    747   1097
   755    624    746   1130
   756    677    706   1117
   757    669    697   1134
   758    694    692   1114
   759    701    691   1108
   760    708    675   1117
   761    713    670   1117
   762    685    735   1080
   763    680    746   1074
   764    641    726   1133
   765    690    707   1103
   766    665    742   1093
   767    652    760   1088
   768    646    714   1140
   769    672    703   1125
   770    688    695   1117
   771    671    721   1108
   772    642    720   1138
   773    661    748   1091
   774    636    761   1103
   775    654    752   1094
   776    622    748   1130
   777    646    720   1134
   778    688    685   1127
   779    688    696   1116
   780    683    717   1100
   781    681    676   1143
   782    679    680   1141
   783    697    722   1081
   784    694    743   1063
   785    653    759   1088
   786    697    709   1094
   787    675    675   1150
   788    707    727   1066
   789    667    724   1109
   790    630    724   1146
   791    623    766   1111
   792    621    753   1126
   793    598    771   1131
   794    646    709   1145
   795    646    704   1150
   796    691    667   1142
   797    699    712   1089
   798    722    686   1092
   799    740    705   1055
   800    753    687   1060
   801    756    698   1046
   802    694    718   1088
   803    691    691   1118
   804    715    705   1080
   805    682    748   1070
   806    698    730   1072
   807    699    739   1062
   808    668    747   1085
   809    647    757   1096
   810    623    761   1116
   811    625    779   1096
   812    600    756   1144
   813    671    692   1137
   814    694    653   1153
   815    703    689   1108
   816    760    659   1081
   817    718    709   1073
   818    695    732   1073
   819    699    717   1084
   820    664    749   1087
   821    668    732   1100
   822    666    761   1073
   823    651    747   1102
   824    645    743   1112
   825    651    713   1136
   826    669    718   1113
   827    676    693   1131
   828    666    736   1098
   829    685    699   1116
   830    722    673   1105
   831    710    692   1098
   832    729    677   1094
   833    687    748   1065
   834    632    737   1131
   835    621    756   1123
   836    608    764   1128
   837    624    724   1152
   838    637    742   1121
   839    674    720   1106
   840    647    740   1113
   841    669    733   1098
   842    659    747   1094
   843    656    716   1128
   844    684    698   1118
   845    678    687   1135
   846    672    737   1091
   847    643    761   1096
   848    660    723   1117
   849    657    680   1163
   850    682    700   1118
   851    720    691   1089
   852    688    692   1120
   853    702    678   1120
   854    739    651   1110
   855    706    702   1092
   856    726    710   1064
   857    687    727   1086
   858    709    719   1072
   859    700    740   1060
   860    626    763   1111
   861    644    734   1122
   862    634    736   1130
   863    650    689   1161
   864    703    663   1134
   865    726    684   1090
   866    748    675   1077
   867    687    742   1071
   868    689    679   1132
   869    694    693   1113
   870    712    681   1107
   871    724    686   1090
   872    692    716   1092
   873    670    700   1130
   874    671    704   1125
   875    720    647   1133
   876    731    686   1083
   877    721    690   1089
   878    702    703   1095
   879    676    729   1095
   880    652    755   1093
   881    653    733   1114
   882    668    747   1085
   883    651    728   1121
   884    691    742   1067
   885    666    740   1094
   886    634    736   1130
   887    625    734   1141
   888    661    729   1110
   889    679    736   1085
   890    712    722   1066
   891    697    739   1064
   892    710    698   1092
   893    681    712   1107
   894    695    719   1086
   895    663    745   1092
   896    685    758   1057
   897    663    733   1104
   898    706    704   1090
   899    669    716   1115
   900    665    717   1118
   901    630    754   1116
   902    655    732   1113
   903    638    713   1149
   904    628    743   1129
   905    654    694   1152
   906    647    732   1121
   907    668    721   1111
   908    667    733   1100
   909    674    714   1112
   910    665    702   1133
   911    660    739   1101
   912    647    741   1112
   913    629    700   1171
   914    663    695   1142
   915    677    720   1103
   916    688    686   1126
   917    680    754   1066
   918    643    737   1120
   919    655    725   1120
   920    612    789   1099
   921    635    759   1106
   922    606    754   1140
   923    645    709   1146
   924    670    688   1142
   925    709    689   1102
   926    748    656   1096
   927    730    681   1089
   928    722    685   1093
   929    717    676   1107
   930    722    699   1079
   931    722    676   1102
   932    730    669   1101
   933    704    736   1060
   934    676    778   1046
   935    643    771   1086
   936    671    705   1124
   937    679    725   1096
   938    666    745   1089
   939    669    757   1074
   940    656    734   1110
   941    654    728   1118
   942    658    716   1126
   943    684    688   1128
   944    690    709   1101
   945    700    687   1113
   946    700    705   1095
   947    665    721   1114
   948    688    726   1086
   949    673    727   1100
   950    678    736   1086
   951    703    744   1053
   952    674    761   1065
   953    601    822   1077
   954    567    845   1088
   955    600    761   1139
   956    592    732   1176
   957    643    701   1156
   958    668    715   1117
   959    687    694   1119
   960    693    707   1100
   961    658    707   1135
   962    672    725   1103
   963    684    721   1095
   964    666    734   1100
   965    650    714   1136
   966    668    727   1105
   967    678    697   1125
   968    682    708   1110
   969    670    732   1098
   970    641    775   1084
   971    655    757   1088
   972    639    767   1094
   973    656    736   1108
   974    660    763   1077
   975    630    778   1092
   976    622    743   1135
   977    623    718   1159
   978    659    673   1168
   979    646    690   1164
   980    693    659   1148
   981    710    667   1123
   982    712    721   1067
   983    694    693   1113
   984    670    702   1128
   985    696    723   1081
   986    681    733   1086
   987    699    712   1089
   988    715    694   1091
   989    695    700   1105
   990    699    688   1113
   991    710    722   1068
   992    711    726   1063
   993    671    770   1059
   994    657    777   1066
   995    639    772   1089
   996    633    787   1080
   997    611    803   1086
   998    637    771   1092
   999    631    750   1119
  1000    642    729   1129
