# time (sweeps) | Susceptible | Infected | Recovered
     0    654   1089    757
     1    684   1074    742
     2    647   1086    767
     3    669   1088    743
     4    666   1114    720
     5    663   1089    748
     6    687   1074    739
     7    651   1125    724
     8    641   1121    738
     9    664   1094    742
    10    655   1127    718
    11    660   1081    759
    12    687   1061    752
    13    672   1124    704
    14    653   1115    732
    15    623   1093    784
    16    655   1100    745
    17    665   1120    715
    18    625   1160    715
    19    613   1138    749
    20    680   1054    766
    21    666   1073    761
    22    652   1123    725
    23    675   1098    727
    24    636   1130    734
    25    659   1124    717
    26    671   1106    723
    27    671   1118    711
    28    659   1116    725
    29    650   1117    733
    30    686   1093    721
    31    669   1110    721
    32    658   1104    738
    33    695   1076    729
    34    736   1026    738
    35    680   1061    759
    36    663   1100    737
    37    687   1102    711
    38    667   1072    761
    39    693   1052    755
    40    654   1093    753
    41    674   1075    751
    42    678   1070    752
    43    682   1098    720
    44    651   1111    738
    45    658   1108    734
    46    624   1109    767
    47    648   1057    795
    48    673   1071    756
    49    641   1129    730
    50    665   1121    714
    51    625   1128    747
    52    618   1122    760
    53    659   1098    743
    54    609   1131    760
    55    652   1113    735
    56    682   1108    710
    57    673   1145    682
    58    610   1154    736
    59    627   1150    723
    60    643   1100    757
    61    623   1136    741
    62    657   1053    790
    63    717   1041    742
    64    685   1071    744
    65    678   1092    730
    66    668   1130    702
    67    637   1145    718
    68    645   1118    737
    69    654   1142    704
    70    685   1088    727
    71    686   1089    725
    72    664   1086    750
    73    651   1151    698
    74    636   1143    721
    75    627   1133    740
    76    647   1104    749
    77    669   1094    737
    78    650   1094    756
    79    646   1112    742
    80    628   1134    738
    81    655   1134    711
    82    679   1124    697
    83    672   1148    680
    84    662   1148    690
    85    640   1129    731
    86    664   1110    726
    87    662   1102    736
    88    658   1099    743
    89    679   1098    723
    90    643   1143    714
    91    668   1094    738
    92    661   1100    739
    93    676   1122    702
    94    689   1107    704
    95    653   1093    754
    96    675   1046    779
    97    661   1066    773
    98    680   1104    716
    99    623   1147    730
   100    640   1136    724
   101    705   1077    718
   102    644   1139    717
   103    677   1112    711
   104    634   1137    729
   105    619   1101    780
   106    633   1081    786
   107    657   1082    761
   108    634   1133    733
   109    651   1137    712
   110    671   1116    713
   111    633   1125    742
   112    637   1111    752
   113    688   1052    760
   114    697   1076    727
   115    693   1090    717
   116    670   1167    663
   117    646   1157    697
   118    619   1141    740
   119    647   1121    732
   120    619   1137    744
   121    654   1147    699
   122    667   1100    733
   123    675   1115    710
   124    649   1113    738
   125    624   1130    746
   126    644   1090    766
   127    654   1092    754
   128    681   1075    744
   129    625   1107    768
   130    626   1110    764
   131    667   1112    721
   132    700   1075    725
   133    663   1154    683
   134    631   1133    736
   135    654   1112    734
   136    656   1119    725
   137    672   1124    704
   138    626   1161    713
   139    627   1111    762
   140    648   1073    779
   141    704   1056    740
   142    646   1120    734
   143    660   1130    710
   144    683   1079    738
   145    684   1107    709
   146    674   1091    735
   147    656   1108    736
   148    668   1092    740
   149    691   1091    718
   150    642   1136    722
   151    666   1100    734
   152    652   1104    744
   153    656   1127    717
   154    665   1070    765
   155    652   1087    761
   156    696   1062    742
   157    673   1054    773
   158    692   1066    742
   159    668   1079    753
   160    684   1072    744
   161    669   1090    741
   162    660   1108    732
   163    659   1093    748
   164    685   1082    733
   165    696   1091    713
   166    687   1097    716
   167    723   1090    687
   168    687   1090    723
   169    683   1099    718
   170    680   1124    696
   171    670   1096    734
   172    665   1122    713
   173    657   1101    742
   174    679   1076    745
   175    678   1085    737
   176    661   1131    708
   177    626   1093    781
   178    614   1144    742
   179    647   1148    705
   180    637   1123    740
   181    664   1098    738
   182    635   1149    716
   183    619   1141    740
   184    643   1105    752
   185    685   1066    749
   186    712   1087    701
   187    693   1042    765
   188    711   1078    711
   189    683   1108    709
   190    674   1155    671
   191    662   1158    680
   192    640   1140    720
   193    635   1150    715
   194    671   1104    725
   195    673   1075    752
   196    671   1071    758
   197    650   1080    770
   198    678   1103    719
   199    688   1103    709
   200    676   1118    706
   201    695   1062    743
   202    697   1081    722
   203    651   1104    745
   204    696   1070    734
   205    659   1084    757
   206    654   1070    776
   207    675   1122    703
   208    654   1143    703
   209    656   1120    724
   210    653   1108    739
   211    651   1123    726
   212    650   1126    724
   213    638   1142    720
   214    617   1171    712
   215    622   1105    773
   216    634   1111    755
   217    695   1084    721
   218    670   1119    711
   219    678   1136    686
   220    633   1131    736
   221    654   1123    723
   222    651   1099    750
   223    660   1091    749
   224    676   1107    717
   225    658   1120    722
   226    636   1128    736
   227    679   1109    712
   228    670   1148    682
   229    678   1121    701
   230    681   1128    691
   231    646   1101    753
   232    647   1098    755
   233    701   1042    757
   234    723   1066    711
   235    678   1128    694
   236    685   1088    727
   237    672   1108    720
   238    646   1118    736
   239    623   1173    704
   240    613   1146    741
   241    612   1166    722
   242    581   1195    724
   243    613   1120    767
   244    698   1083    719
   245    633   1114    753
   246    658   1101    741
   247    680   1078    742
   248    703   1074    723
   249    641   1067    792
   250    670   1054    776
   251    651   1116    733
   252    657   1091    752
   253    693   1086    721
   254    686   1103    711
   255    674   1094    732
   256    703   1102    695
   257    673   1109    718
   258    621   1112    767
   259    622   1137    741
   260    634   1120    746
   261    631   1101    768
   262    640   1142    718
   263    611   1125    764
   264    652   1071    777
   265    643   1096    761
   266    666   1098    736
   267    691   1090    719
   268    672   1113    715
   269    711   1090    699
   270    646   1113    741
   271    655   1104    741
   272    660   1125    715
   273    672   1102    726
   274    683   1079    738
   275    682   1108    710
   276    672   1130    698
   277    694   1077    729
   278    674   1106    720
   279    680   1133    687
   280    668   1091    741
   281    668   1085    747
   282    677   1083    740
   283    656   1095    749
   284    660   1118    722
   285    630   1142    728
   286    629   1057    814
   287    697   1039    764
   288    676   1093    731
   289    679   1097    724
   290    688   1073    739
   291    697   1092    711
   292    641   1147    712
   293    684   1073    743
   294    685   1076    739
   295    640   1151    709
   296    651   1104    745
   297    665   1092    743
   298    659   1071    770
   299    678   1073    749
   300    715   1031    754
   301    714   1112    674
   302    674   1125    701
   303    687   1102    711
   304    660   1143    697
   305    647   1135    718
   306    657   1086    757
   307    657   1134    709
   308    686   1109    705
   309    646   1166    688
   310    602   1147    751
   311    644   1105    751
   312    666   1120    714
   313    594   1161    745
   314    647   1115    738
   315    619   1106    775
   316    646   1102    752
   317    659   1109    732
   318    640   1135    725
   319    657   1113    730
   320    677   1130    693
   321    676   1104    720
   322    682   1091    727
   323    683   1074    743
   324    669   1059    772
   325    703   1065    732
   326    711   1090    699
   327    654   1099    747
   328    674   1107    719
   329    684   1065    751
   330    684   1060    756
   331    673   1082    745
   332    654   1112    734
   333    656   1088    756
   334    688   1062    750
   335    721   1056    723
   336    687   1085    728
   337    675   1107    718
   338    641   1149    710
   339    615   1138    747
   340    622   1119    759
   341    671   1129    700
   342    701   1074    725
   343    667   1120    713
   344    630   1127    743
   345    641   1092    767
   346    660   1086    754
   347    673   1077    750
   348    654   1102    744
   349    681   1049    770
   350    757   1035    708
   351    724   1084    692
   352    636   1152    712
   353    666   1080    754
   354    689   1092    719
   355    684   1089    727
   356    668   1061    771
   357    663   1110    727
   358    647   1146    707
   359    653   1089    758
   360    712   1094    694
   361    692   1105    703
   362    662   1061    777
   363    637   1085    778
   364    671   1067    762
   365    658   1103    739
   366    651   1104    745
   367    681   1046    773
   368    691   1058    751
   369    646   1152    702
   370    646   1135    719
   371    667   1119    714
   372    630   1109    761
   373    697   1064    739
   374    680   1084    736
   375    692   1109    699
   376    678   1079    743
   377    616   1155    729
   378    645   1126    729
   379    656   1134    710
   380    617   1123    760
   381    666   1081    753
   382    677   1066    757
   383    682   1066    752
   384    677   1068    755
   385    708   1058    734
   386    707   1097    696
   387    682   1096    722
   388    697   1113    690
   389    663   1157    680
   390    591   1164    745
   391    625   1079    796
   392    681   1077    742
   393    635   1155    710
   394    657   1127    716
   395    681   1053    766
   396    688   1123    689
   397    667   1137    696
   398    611   1159    730
   399    652   1113    735
   400    653   1113    734
   401    660   1103    737
   402    646   1105    749
   403    672   1112    716
   404    695   1084    721
   405    680   1114    706
   406    647   1114    739
   407    658   1092    750
   408    666   1107    727
   409    630   1124    746
   410    690   1071    739
   411    668   1118    714
   412    657   1123    720
   413    627   1140    733
   414    659   1113    728
   415    650   1081    769
   416    685   1080    735
   417    671   1105    724
   418    644   1134    722
   419    635   1113    752
   420    685   1044    771
   421    658   1078    764
   422    627   1116    757
   423    649   1089    762
   424    677   1083    740
   425    646   1141    713
   426    655   1158    687
   427    643   1149    708
   428    659   1128    713
   429    633   1119    748
   430    656   1133    711
   431    657   1105    738
   432    668   1097    735
   433    659   1058    783
   434    666   1059    775
   435    689   1075    736
   436    695   1061    744
   437    674   1105    721
   438    675   1088    737
   439    675   1148    677
   440    650   1080    770
   441    663   1092    745
   442    662   1131    707
   443    613   1131    756
   444    650   1093    757
   445    664   1108    728
   446    659   1092    749
   447    680   1097    723
   448    677   1080    743
   449    668   1104    728
   450    691   1076    733
   451    658   1134    708
   452    607   1161    732
   453    655   1079    766
   454    639   1123    738
   455    625   1111    764
   456    685   1055    760
   457    650   1116    734
   458    656   1093    751
   459    671   1087    742
   460    647   1143    710
   461    630   1125    745
   462    639   1111    750
   463    622   1111    767
   464    645   1097    758
   465    705   1056    739
   466    695   1061    744
   467    707   1059    734
   468    665   1059    776
   469    667   1144    689
   470    645   1080    775
   471    695   1081    724
   472    639   1153    708
   473    620   1138    742
   474    653   1092    755
   475    663   1103    734
   476    633   1117    750
   477    639   1105    756
   478    664   1107    729
   479    656   1106    738
   480    646   1099    755
   481    661   1092    747
   482    691   1081    728
   483    697   1088    715
   484    660   1123    717
   485    641   1142    717
   486    630   1097    773
   487    680   1092    728
   488    669   1090    741
   489    665   1113    722
   490    656   1127    717
   491    634   1132    734
   492    681   1136    683
   493    639   1105    756
   494    639   1111    750
   495    672   1095    733
   496    660   1089    751
   497    678   1084    738
   498    695   1095    710
   499    660   1102    738
   500    651   1096    753
   501    647   1091    762
   502    695   1092    713
   503    618   1133    749
   504    644   1136    720
   505    595   1156    749
   506    639   1126    735
   507    625   1129    746
   508    645   1061    794
   509    660   1083    757
   510    680   1062    758
   511    701   1068    731
   512    647   1127    726
   513    643   1134    723
   514    672   1077    751
   515    650   1126    724
   516    677   1093    730
   517    686   1069    745
   518    685   1048    767
   519    716   1049    735
   520    718   1075    707
   521    675   1130    695
   522    657   1099    744
   523    636   1101    763
   524    632   1116    752
   525    638   1142    720
   526    643   1193    664
   527    599   1155    746
   528    651   1085    764
   529    657   1092    751
   530    673   1098    729
   531    692   1093    715
   532    680   1080    740
   533    707   1086    707
   534    690   1089    721
   535    681   1092    727
   536    651   1076    773
   537    670   1087    743
   538    645   1140    715
   539    648   1144    708
   540    657   1086    757
   541    664   1101    735
   542    694   1075    731
   543    667   1105    728
   544    630   1141    729
   545    607   1158    735
   546    632   1120    748
   547    657   1113    730
   548    656   1131    713
   549    706   1081    713
   550    698   1094    708
   551    662   1092    746
   552    666   1064    770
   553    700   1056    744
   554    669   1115    716
   555    641   1139    720
   556    643   1136    721
   557    681   1090    729
   558    614   1140    746
   559    625   1129    746
   560    628   1131    741
   561    667   1136    697
   562    653   1122    725
   563    645   1082    773
   564    646   1074    780
   565    682   1069    749
   566    689   1090    721
   567    663   1059    778
   568    673   1047    780
   569    701   1049    750
   570    657   1103    740
   571    684   1084    732
   572    661   1055    784
   573    658   1087    755
   574    681   1099    720
   575    632   1116    752
   576    670   1122    708
   577    658   1121    721
   578    704   1071    725
   579    701   1112    687
   580    656   1139    705
   581    621   1176    703
   582    641   1144    715
   583    608   1170    722
   584    633   1161    706
   585    609   1153    738
   586    643   1106    751
   587    692   1071    737
   588    673   1081    746
   589    668   1111    721
   590    661   1134    705
   591    670   1114    716
   592    660   1134    706
   593    682   1089    729
   594    714   1090    696
   595    692   1146    662
   596    620   1160    720
   597    662   1106    732
   598    674   1098    728
   599    692   1100    708
   600    684   1110    706
   601    627   1163    710
   602    660   1146    694
   603    650   1160    690
   604    631   1138    731
   605    654   1129    717
   606    627   1122    751
   607    658   1135    707
   608    641   1109    750
   609    629   1127    744
   610    656   1100    744
   611    627   1147    726
   612    661   1111    728
   613    642   1112    746
   614    657   1121    722
   615    636   1115    749
   616    687   1098    715
   617    664   1132    704
   618    631   1153    716
   619    639   1142    719
   620    597   1166    737
   621    632   1116    752
   622    631   1092    777
   623    688   1073    739
   624    667   1095    738
   625    655   1113    732
   626    657   1107    736
   627    695   1087    718
   628    663   1099    738
   629    692   1051    757
   630    654   1110    736
   631    637   1166    697
   632    652   1124    724
   633    685   1085    730
   634    651   1096    753
   635    662   1088    750
   636    654   1126    720
   637    667   1124    709
   638    667   1092    741
   639    662   1120    718
   640    666   1081    753
   641    695   1056    749
   642    658   1092    750
   643    690   1045    765
   644    707   1068    725
   645    671   1090    739
   646    686   1095    719
   647    657   1125    718
   648    665   1104    731
   649    647   1098    755
   650    638   1129    733
   651    653   1125    722
   652    665   1087    748
   653    618   1153    729
   654    636   1159    705
   655    644   1113    743
   656    687   1112    701
   657    683   1126    691
   658    703   1067    730
   659    683   1087    730
   660    700   1069    731
   661    700   1053    747
   662    717   1072    711
   663    682   1115    703
   664    653   1158    689
   665    675   1118    707
   666    656   1125    719
   667    663   1132    705
   668    658   1112    730
   669    639   1100    761
   670    667   1096    737
   671    686   1065    749
   672    692   1092    716
   673    664   1131    705
   674    661   1112    727
   675    633   1147    720
   676    622   1134    744
   677    657   1107    736
   678    688   1054    758
   679    673   1057    770
   680    713   1070    717
   681    691   1083    726
   682    657   1091    752
   683    672   1063    765
   684    681   1093    726
   685    660   1107    733
   686    653   1085    762
   687    663   1132    705
   688    669   1114    717
   689    630   1130    740
   690    686   1134    680
   691    636   1120    744
   692    650   1109    741
   693    631   1132    737
   694    660   1083    757
   695    696   1053    751
   696    731   1095    674
   697    681   1110    709
   698    686   1098    716
   699    634   1155    711
   700    646   1146    708
   701    614   1143    743
   702    609   1145    746
   703    645   1058    797
   704    635   1122    743
   705    633   1150    717
   706    648   1142    710
   707    646   1115    739
   708    646   1088    766
   709    673   1084    743
   710    651   1134    715
   711    658   1133    709
   712    650   1103    747
   713    652   1126    722
   714    635   1112    753
   715    642   1132    726
   716    632   1113    755
   717    651   1114    735
   718    699   1092    709
   719    625   1169    706
   720    643   1120    737
   721    664   1128    708
   722    688   1076    736
   723    707   1080    713
   724    713   1067    720
   725    723   1119    658
   726    639   1127    734
   727    665   1121    714
   728    608   1157    735
   729    657   1103    740
   730    635   1067    798
   731    672   1086    742
   732    689   1087    724
   733    677   1127    696
   734    663   1120    717
   735    655   1109    736
   736    659   1085    756
   737    669   1087    744
   738    657   1083    760
   739    690   1080    730
   740    648   1122    730
   741    668   1123    709
   742    644   1107    749
   743    675   1111    714
   744    645   1137    718
   745    653   1145    702
   746    651   1133    716
   747    653   1140    707
   748    609   1133    758
   749    659   1112    729
   750    662   1097    741
   751    664   1074    762
   752    686   1081    733
   753    669   1122    709
   754    628   1147    725
   755    640   1162    698
   756    618   1120    762
   757    694   1092    714
   758    656   1114    730
   759    661   1162    677
   760    632   1123    745
   761    676   1097    727
   762    674   1095    731
   763    692   1096    712
   764    679   1109    712
   765    640   1147    713
   766    677   1111    712
   767    634   1160    706
   768    632   1144    724
   769    673   1098    729
   770    690   1084    726
   771    665   1135    700
   772    648   1143    709
   773    627   1116    757
   774    669   1109    722
   775    659   1125    716
   776    651   1117    732
   777    655   1117    728
   778    698   1079    723
   779    664   1116    720
   780    663   1097    740
   781    688   1099    713
   782    685   1059    756
   783    662   1074    764
   784    666   1098    736
   785    644   1125    731
   786    657   1081    762
   787    694   1077    729
   788    695   1089    716
   789    623   1115    762
   790    660   1123    717
   791    628   1131    741
   792    671   1090    739
   793    683   1071    746
   794    671   1069    760
   795    642   1092    766
   796    676   1106    718
   797    704   1066    730
   798    677   1097    726
   799    685   1108    707
   800    674   1111    715
   801    696   1063    741
   802    674   1111    715
   803    710   1049    741
   804    728   1063    709
   805    670   1133    697
   806    661   1100    739
   807    704   1073    723
   808    624   1150    726
   809    634   1102    764
   810    691   1083    726
   811    650   1114    736
   812    639   1086    775
   813    672   1083    745
   814    633   1140    727
   815    589   1158    753
   816    609   1094    797
   817    665   1073    762
   818    698   1099    703
   819    683   1114    703
   820    631   1153    716
   821    689   1100    711
   822    684   1096    720
   823    646   1124    730
   824    665   1101    734
   825    670   1089    741
   826    677   1094    729
   827    642   1082    776
   828    677   1120    703
   829    721   1057    722
   830    645   1100    755
   831    663   1127    710
   832    635   1149    716
   833    684   1100    716
   834    642   1087    771
   835    633   1091    776
   836    674   1088    738
   837    644   1137    719
   838    631   1135    734
   839    670   1124    706
   840    668   1076    756
   841    720   1007    773
   842    711   1060    729
   843    698   1058    744
   844    672   1111    717
   845    664   1110    726
   846    667   1107    726
   847    655   1104    741
   848    639   1120    741
   849    680   1117    703
   850    670   1100    730
   851    665   1107    728
   852    695   1094    711
   853    688   1107    705
   854    674   1098    728
   855    709   1070    721
   856    708   1094    698
   857    648   1160    692
   858    626   1148    726
   859    643   1118    739
   860    650   1099    751
   861    640   1119    741
   862    663   1074    763
   863    649   1112    739
   864    656   1068    776
   865    684   1075    741
   866    670   1129    701
   867    629   1136    735
   868    655   1127    718
   869    678   1132    690
   870    696   1083    721
   871    646   1141    713
   872    662   1124    714
   873    637   1122    741
   874    583   1156    761
   875    664   1065    771
   876    682   1088    730
   877    679   1098    723
   878    672   1120    708
   879    638   1163    699
   880    594   1185    721
   881    621   1096    783
   882    640   1110    750
   883    651   1096    753
   884    659   1129    712
   885    679   1113    708
   886    662   1148    690
   887    648   1140    712
   888    661   1116    723
   889    622   1141    737
   890    603   1119    778
   891    620   1113    767
   892    631   1096    773
   893    650   1101    749
   894    655   1098    747
   895    659   1076    765
   896    733   1017    750
   897    695   1054    751
   898    678   1095    727
   899    655   1104    741
   900    671   1076    753
   901    643   1101    756
   902    677   1090    733
   903    651   1108    741
   904    658   1122    720
   905    645   1128    727
   906    636   1159    705
   907    645   1110    745
   908    604   1140    756
   909    672   1102    726
   910    644   1118    738
   911    667   1110    723
   912    643   1164    693
   913    642   1161    697
   914    662   1101    737
   915    709   1091    700
   916    664   1123    713
   917    624   1143    733
   918    627   1138    735
   919    625   1115    760
   920    645   1150    705
   921    669   1136    695
   922    647   1140    713
   923    657   1124    719
   924    654   1117    729
   925    693   1088    719
   926    698   1066    736
   927    689   1075    736
   928    683   1104    713
   929    644   1133    723
   930    669   1053    778
   931    641   1112    747
   932    669   1129    702
   933    663   1151    686
   934    658   1105    737
   935    654   1107    739
   936    644   1138    718
   937    655   1139    706
   938    608   1135    757
   939    669   1093    738
   940    636   1107    757
   941    668   1119    713
   942    640   1088    772
   943    735   1047    718
   944    684   1107    709
   945    695   1098    707
   946    649   1092    759
   947    630   1134    736
   948    639   1140    721
   949    680   1082    738
   950    678   1113    709
   951    634   1125    741
   952    618   1149    733
   953    654   1115    731
   954    663   1136    701
   955    633   1127    740
   956    669   1104    727
   957    664   1109    727
   958    607   1118    775
   959    640   1125    735
   960    608   1153    739
   961    656   1123    721
   962    622   1150    728
   963    635   1126    739
   964    635   1155    710
   965    664   1114    722
   966    623   1108    769
   967    651   1081    768
   968    701   1062    737
   969    684   1084    732
   970    658   1099    743
   971    669   1097    734
   972    672   1111    717
   973    667   1111    722
   974    640   1109    751
   975    667   1081    752
   976    690   1091    719
   977    632   1124    744
   978    646   1092    762
   979    648   1114    738
   980    649   1106    745
   981    687   1067    746
   982    698   1067    735
   983    698   1087    715
   984    699   1080    721
   985    649   1141    710
   986    628   1148    724
   987    618   1161    721
   988    615   1156    729
   989    648   1098    754
   990    638   1108    754
   991    625   1132    743
   992    664   1111    725
   993    640   1109    751
   994    685   1088    727
   995    677   1078    745
   996    691   1095    714
   997    662   1122    716
   998    613   1141    746
   999    629   1169    702
  1000    651   1090    759
