# time (sweeps) | Susceptible | Infected | Recovered
     0    920    838    742
     1    891    850    759
     2    906    862    732
     3    871    894    735
     4    837    919    744
     5    789    900    811
     6    835    875    790
     7    869    845    786
     8    908    846    746
     9    877    867    756
    10    878    851    771
    11    900    792    808
    12    977    794    729
    13    929    836    735
    14    898    821    781
    15    921    804    775
    16    936    807    757
    17    946    822    732
    18    950    799    751
    19    928    823    749
    20    916    827    757
    21    892    834    774
    22    921    794    785
    23    905    822    773
    24    853    881    766
    25    837    879    784
    26    900    843    757
    27    900    875    725
    28    898    865    737
    29    900    854    746
    30    890    817    793
    31    938    787    775
    32    947    804    749
    33    939    779    782
    34    917    807    776
    35    927    841    732
    36    911    871    718
    37    862    884    754
    38    885    863    752
    39    862    843    795
    40    901    793    806
    41    927    764    809
    42    964    784    752
    43    937    835    728
    44    916    816    768
    45    928    801    771
    46    900    834    766
    47    886    828    786
    48    840    852    808
    49    842    905    753
    50    849    887    764
    51    836    904    760
    52    868    879    753
    53    882    846    772
    54    888    853    759
    55    880    866    754
    56    860    858    782
    57    855    869    776
    58    905    837    758
    59    859    840    801
    60    886    825    789
    61    889    837    774
    62    864    863    773
    63    851    892    757
    64    874    862    764
    65    905    830    765
    66    852    857    791
    67    892    815    793
    68    903    807    790
    69    909    834    757
    70    911    841    748
    71    884    843    773
    72    889    835    776
    73    909    865    726
    74    903    872    725
    75    875    889    736
    76    855    866    779
    77    875    861    764
    78    883    839    778
    79    840    872    788
    80    906    799    795
    81    896    822    782
    82    914    804    782
    83    963    794    743
    84    989    748    763
    85    974    779    747
    86   1030    736    734
    87    995    800    705
    88    942    820    738
    89    897    822    781
    90    879    830    791
    91    887    831    782
    92    852    878    770
    93    866    836    798
    94    859    860    781
    95    924    803    773
    96    923    795    782
    97    889    829    782
    98    863    830    807
    99    903    845    752
   100    862    850    788
   101    860    856    784
   102    873    864    763
   103    885    835    780
   104    916    819    765
   105    948    838    714
   106    920    817    763
   107    910    788    802
   108    922    826    752
   109    921    808    771
   110    887    844    769
   111    917    821    762
   112    880    840    780
   113    881    808    811
   114    910    808    782
   115    899    846    755
   116    911    832    757
   117    877    853    770
   118    867    877    756
   119    856    892    752
   120    834    935    731
   121    839    876    785
   122    874    855    771
   123    849    890    761
   124    878    875    747
   125    858    872    770
   126    863    861    776
   127    871    894    735
   128    857    865    778
   129    867    898    735
   130    861    870    769
   131    845    874    781
   132    849    867    784
   133    842    855    803
   134    886    826    788
   135    923    825    752
   136    874    846    780
   137    876    871    753
   138    834    888    778
   139    852    852    796
   140    857    836    807
   141    879    846    775
   142    925    831    744
   143    911    821    768
   144    876    850    774
   145    872    856    772
   146    894    832    774
   147    891    824    785
   148    895    809    796
   149    853    815    832
   150    838    844    818
   151    908    773    819
   152    970    766    764
   153    952    778    770
   154    967    785    748
   155    950    812    738
   156    941    838    721
   157    848    850    802
   158    876    858    766
   159    871    849    780
   160    874    846    780
   161    895    859    746
   162    860    864    776
   163    863    875    762
   164    875    824    801
   165    939    820    741
   166    897    840    763
   167    856    831    813
   168    878    832    790
   169    866    878    756
   170    852    872    776
   171    868    851    781
   172    831    881    788
   173    857    819    824
   174    922    799    779
   175    916    807    777
   176    919    829    752
   177    911    860    729
   178    896    876    728
   179    865    878    757
   180    876    878    746
   181    842    894    764
   182    842    872    786
   183    904    834    762
   184    897    830    773
   185    868    883    749
   186    863    857    780
   187    858    863    779
   188    860    872    768
   189    847    870    783
   190    897    821    782
   191    951    788    761
   192    940    813    747
   193    916    829    755
   194    898    847    755
   195    937    841    722
   196    927    815    758
   197    887    839    774
   198    881    881    738
   199    851    900    749
   200    829    891    780
   201    861    855    784
   202    845    840    815
   203    843    840    817
   204    880    833    787
   205    894    840    766
   206    887    849    764
   207    896    829    775
   208    892    864    744
   209    838    857    805
   210    890    819    791
   211    850    871    779
   212    874    850    776
   213    885    850    765
   214    892    854    754
   215    891    844    765
   216    860    859    781
   217    874    856    770
   218    891    829    780
   219    887    826    787
   220    893    831    776
   221    898    867    735
   222    857    908    735
   223    860    929    711
   224    816    912    772
   225    804    900    796
   226    827    891    782
   227    848    880    772
   228    852    863    785
   229    851    847    802
   230    884    823    793
   231    868    851    781
   232    861    875    764
   233    855    843    802
   234    858    859    783
   235    840    867    793
   236    865    833    802
   237    907    801    792
   238    920    818    762
   239    901    831    768
   240    880    864    756
   241    850    896    754
   242    907    842    751
   243    881    869    750
   244    867    849    784
   245    889    845    766
   246    900    822    778
   247    878    834    788
   248    890    861    749
   249    866    856    778
   250    858    840    802
   251    855    866    779
   252    858    867    775
   253    813    888    799
   254    825    864    811
   255    881    864    755
   256    824    898    778
   257    858    863    779
   258    878    845    777
   259    911    819    770
   260    888    849    763
   261    923    817    760
   262    884    912    704
   263    865    885    750
   264    865    880    755
   265    845    899    756
   266    816    897    787
   267    840    881    779
   268    848    918    734
   269    839    865    796
   270    874    824    802
   271    870    804    826
   272    937    817    746
   273    888    841    771
   274    915    838    747
   275    916    808    776
   276    937    836    727
   277    905    859    736
   278    894    808    798
   279    905    822    773
   280    934    821    745
   281    961    814    725
   282    924    821    755
   283    946    788    766
   284    948    826    726
   285    851    911    738
   286    858    902    740
   287    849    874    777
   288    839    863    798
   289    884    810    806
   290    936    787    777
   291    904    805    791
   292    866    842    792
   293    900    844    756
   294    875    884    741
   295    892    859    749
   296    869    845    786
   297    926    812    762
   298    864    885    751
   299    859    886    755
   300    892    820    788
   301    937    827    736
   302    909    857    734
   303    859    862    779
   304    868    856    776
   305    870    856    774
   306    838    827    835
   307    919    759    822
   308    921    819    760
   309    925    829    746
   310    953    810    737
   311    945    828    727
   312    892    852    756
   313    906    859    735
   314    913    837    750
   315    901    844    755
   316    883    869    748
   317    873    878    749
   318    863    884    753
   319    845    847    808
   320    855    837    808
   321    874    847    779
   322    913    796    791
   323    898    817    785
   324    903    827    770
   325    909    878    713
   326    885    887    728
   327    903    843    754
   328    918    813    769
   329    931    805    764
   330    909    841    750
   331    843    843    814
   332    870    831    799
   333    897    800    803
   334    900    814    786
   335    869    879    752
   336    870    850    780
   337    890    816    794
   338    911    818    771
   339    899    841    760
   340    866    844    790
   341    858    868    774
   342    911    797    792
   343    921    829    750
   344    944    811    745
   345    887    830    783
   346    859    865    776
   347    873    824    803
   348    855    809    836
   349    873    843    784
   350    879    862    759
   351    854    907    739
   352    848    838    814
   353    885    825    790
   354    936    789    775
   355    958    826    716
   356    934    824    742
   357    861    889    750
   358    891    860    749
   359    923    850    727
   360    874    879    747
   361    841    858    801
   362    868    831    801
   363    877    814    809
   364    898    863    739
   365    880    856    764
   366    884    859    757
   367    872    857    771
   368    884    839    777
   369    938    791    771
   370    907    846    747
   371    902    842    756
   372    886    848    766
   373    887    853    760
   374    867    860    773
   375    849    880    771
   376    854    878    768
   377    899    835    766
   378    927    829    744
   379    919    835    746
   380    942    810    748
   381    953    795    752
   382    932    816    752
   383    937    821    742
   384    937    832    731
   385    903    852    745
   386    937    787    776
   387    930    787    783
   388    928    783    789
   389    933    795    772
   390    879    833    788
   391    891    847    762
   392    898    835    767
   393    943    773    784
   394    942    838    720
   395    942    841    717
   396    956    810    734
   397    930    856    714
   398    899    828    773
   399    937    811    752
   400    911    816    773
   401    935    821    744
   402    920    784    796
   403    937    767    796
   404    976    781    743
   405    992    793    715
   406    948    814    738
   407    894    841    765
   408    871    845    784
   409    915    837    748
   410    885    846    769
   411    926    835    739
   412    921    810    769
   413    931    795    774
   414    946    769    785
   415    984    773    743
   416    945    798    757
   417    904    822    774
   418    893    862    745
   419    861    894    745
   420    846    889    765
   421    867    850    783
   422    870    822    808
   423    883    800    817
   424    881    829    790
   425    916    831    753
   426    865    853    782
   427    883    819    798
   428    877    806    817
   429    895    827    778
   430    876    858    766
   431    843    858    799
   432    892    820    788
   433    867    869    764
   434    876    828    796
   435    872    833    795
   436    924    766    810
   437    992    788    720
   438    968    804    728
   439    942    824    734
   440    899    848    753
   441    888    872    740
   442    893    883    724
   443    836    900    764
   444    774    920    806
   445    813    893    794
   446    843    837    820
   447    883    831    786
   448    951    778    771
   449    987    808    705
   450    970    810    720
   451    941    809    750
   452    960    820    720
   453    923    837    740
   454    891    825    784
   455    892    811    797
   456    932    822    746
   457    932    819    749
   458    931    806    763
   459    908    840    752
   460    902    850    748
   461    888    870    742
   462    878    872    750
   463    851    832    817
   464    889    795    816
   465    857    858    785
   466    887    815    798
   467    934    803    763
   468    944    807    749
   469    893    859    748
   470    935    832    733
   471    904    850    746
   472    936    790    774
   473    955    787    758
   474    888    857    755
   475    847    857    796
   476    826    911    763
   477    825    876    799
   478    881    839    780
   479    877    854    769
   480    880    866    754
   481    856    858    786
   482    900    819    781
   483    938    789    773
   484    899    849    752
   485    897    848    755
   486    874    847    779
   487    875    859    766
   488    900    836    764
   489    884    838    778
   490    883    850    767
   491    895    835    770
   492    877    877    746
   493    880    853    767
   494    889    852    759
   495    903    853    744
   496    924    849    727
   497    930    820    750
   498    924    854    722
   499    892    874    734
   500    869    882    749
   501    863    867    770
   502    889    862    749
   503    921    820    759
   504    891    824    785
   505    909    825    766
   506    893    848    759
   507    916    826    758
   508    882    848    770
   509    857    858    785
   510    923    828    749
   511    890    862    748
   512    873    912    715
   513    822    909    769
   514    846    870    784
   515    862    847    791
   516    852    876    772
   517    836    852    812
   518    919    823    758
   519    904    860    736
   520    903    836    761
   521    839    836    825
   522    856    845    799
   523    870    832    798
   524    934    840    726
   525    911    866    723
   526    901    855    744
   527    946    821    733
   528    902    858    740
   529    888    833    779
   530    893    840    767
   531    925    824    751
   532    891    864    745
   533    893    838    769
   534    906    811    783
   535    868    844    788
   536    894    853    753
   537    927    806    767
   538    942    807    751
   539    970    790    740
   540    927    846    727
   541    898    872    730
   542    888    838    774
   543    893    877    730
   544    857    845    798
   545    874    831    795
   546    858    842    800
   547    863    837    800
   548    885    838    777
   549    905    829    766
   550    881    865    754
   551    867    841    792
   552    901    799    800
   553    941    808    751
   554    954    808    738
   555    879    858    763
   556    886    834    780
   557    928    819    753
   558    969    784    747
   559    963    823    714
   560    953    833    714
   561    918    810    772
   562    955    807    738
   563    940    826    734
   564    937    845    718
   565    892    859    749
   566    890    842    768
   567    878    840    782
   568    907    816    777
   569    869    831    800
   570    883    843    774
   571    925    811    764
   572    924    807    769
   573    915    814    771
   574    892    821    787
   575    893    855    752
   576    851    848    801
   577    866    845    789
   578    861    837    802
   579    845    868    787
   580    875    881    744
   581    879    850    771
   582    854    886    760
   583    856    853    791
   584    865    836    799
   585    898    827    775
   586    900    836    764
   587    902    872    726
   588    884    866    750
   589    896    869    735
   590    932    840    728
   591    892    845    763
   592    893    868    739
   593    870    888    742
   594    844    886    770
   595    814    892    794
   596    790    888    822
   597    810    868    822
   598    835    836    829
   599    864    825    811
   600    910    813    777
   601    943    758    799
   602    964    768    768
   603    883    840    777
   604    899    848    753
   605    868    853    779
   606    866    845    789
   607    878    832    790
   608    925    838    737
   609    904    824    772
   610    940    801    759
   611    912    840    748
   612    907    823    770
   613    894    829    777
   614    917    798    785
   615    954    776    770
   616    949    792    759
   617    983    788    729
   618    980    815    705
   619    949    824    727
   620    932    842    726
   621    888    868    744
   622    876    893    731
   623    882    853    765
   624    859    869    772
   625    835    845    820
   626    905    795    800
   627    920    783    797
   628    954    803    743
   629    976    797    727
   630    953    822    725
   631    911    861    728
   632    924    823    753
   633    908    825    767
   634    915    824    761
   635    921    868    711
   636    926    853    721
   637    910    797    793
   638    948    775    777
   639    930    812    758
   640    947    794    759
   641    941    813    746
   642    937    815    748
   643    946    821    733
   644    955    814    731
   645    929    834    737
   646    928    845    727
   647    930    820    750
   648    917    846    737
   649    867    888    745
   650    855    894    751
   651    840    893    767
   652    821    873    806
   653    841    839    820
   654    884    808    808
   655    903    818    779
   656    927    821    752
   657    924    841    735
   658    923    829    748
   659    903    833    764
   660    890    850    760
   661    862    862    776
   662    929    823    748
   663    910    824    766
   664    918    842    740
   665    864    880    756
   666    842    849    809
   667    884    839    777
   668    878    850    772
   669    894    832    774
   670    903    834    763
   671    944    774    782
   672    938    789    773
   673    945    792    763
   674    930    843    727
   675    889    845    766
   676    871    864    765
   677    858    870    772
   678    889    823    788
   679    896    808    796
   680    893    828    779
   681    947    782    771
   682    963    770    767
   683    968    773    759
   684    953    808    739
   685    906    838    756
   686    870    878    752
   687    852    882    766
   688    912    816    772
   689    940    848    712
   690    870    851    779
   691    848    886    766
   692    817    886    797
   693    822    855    823
   694    875    814    811
   695    908    813    779
   696    946    834    720
   697    935    839    726
   698    851    869    780
   699    857    854    789
   700    874    830    796
   701    865    865    770
   702    910    842    748
   703    881    812    807
   704    853    861    786
   705    864    842    794
   706    931    804    765
   707    926    846    728
   708    904    832    764
   709    888    834    778
   710    929    795    776
   711    940    809    751
   712    951    808    741
   713    935    826    739
   714    909    843    748
   715    919    797    784
   716    920    806    774
   717    930    800    770
   718    943    791    766
   719    942    814    744
   720    934    840    726
   721    875    829    796
   722    923    804    773
   723    898    835    767
   724    880    854    766
   725    854    851    795
   726    861    842    797
   727    899    839    762
   728    916    831    753
   729    886    874    740
   730    848    887    765
   731    865    843    792
   732    916    831    753
   733    875    876    749
   734    903    876    721
   735    888    846    766
   736    904    819    777
   737    905    797    798
   738    896    850    754
   739    902    810    788
   740    926    807    767
   741    917    821    762
   742    944    829    727
   743    938    812    750
   744    933    830    737
   745    889    849    762
   746    913    818    769
   747    934    803    763
   748    929    840    731
   749    941    832    727
   750    900    864    736
   751    897    837    766
   752    855    859    786
   753    878    843    779
   754    881    877    742
   755    895    837    768
   756    955    797    748
   757    897    865    738
   758    872    882    746
   759    880    874    746
   760    870    869    761
   761    878    851    771
   762    890    831    779
   763    933    861    706
   764    856    900    744
   765    882    863    755
   766    832    924    744
   767    830    911    759
   768    867    839    794
   769    904    849    747
   770    890    850    760
   771    875    856    769
   772    850    875    775
   773    891    828    781
   774    841    874    785
   775    901    803    796
   776    926    801    773
   777    904    806    790
   778    910    825    765
   779    922    860    718
   780    835    913    752
   781    818    905    777
   782    816    905    779
   783    845    830    825
   784    877    825    798
   785    875    844    781
   786    876    802    822
   787    954    787    759
   788    925    799    776
   789    894    801    805
   790    931    797    772
   791    912    814    774
   792    896    848    756
   793    909    817    774
   794    893    823    784
   795    840    862    798
   796    823    853    824
   797    861    819    820
   798    906    836    758
   799    927    807    766
   800    954    786    760
   801    923    827    750
   802    903    837    760
   803    950    780    770
   804    955    785    760
   805    949    814    737
   806    945    804    751
   807    927    809    764
   808    871    856    773
   809    917    812    771
   810    937    824    739
   811    908    863    729
   812    889    883    728
   813    898    836    766
   814    902    826    772
   815    924    835    741
   816    927    815    758
   817    902    833    765
   818    887    815    798
   819    884    819    797
   820    927    811    762
   821    890    812    798
   822    931    775    794
   823    986    793    721
   824    998    800    702
   825    934    846    720
   826    927    830    743
   827    905    843    752
   828    918    845    737
   829    918    812    770
   830    896    861    743
   831    855    852    793
   832    905    856    739
   833    845    872    783
   834    871    877    752
   835    890    832    778
   836    900    822    778
   837    934    809    757
   838    921    850    729
   839    889    842    769
   840    865    870    765
   841    840    865    795
   842    865    851    784
   843    819    873    808
   844    880    842    778
   845    877    845    778
   846    891    852    757
   847    850    872    778
   848    861    844    795
   849    879    839    782
   850    880    848    772
   851    870    809    821
   852    874    828    798
   853    878    814    808
   854    896    800    804
   855    893    828    779
   856    869    849    782
   857    872    844    784
   858    864    844    792
   859    881    834    785
   860    868    852    780
   861    891    822    787
   862    919    811    770
   863    913    843    744
   864    899    850    751
   865    897    852    751
   866    870    829    801
   867    862    872    766
   868    850    876    774
   869    885    864    751
   870    864    884    752
   871    845    875    780
   872    849    843    808
   873    827    855    818
   874    858    865    777
   875    886    862    752
   876    859    868    773
   877    882    863    755
   878    841    891    768
   879    886    833    781
   880    880    845    775
   881    875    859    766
   882    867    857    776
   883    867    877    756
   884    886    858    756
   885    909    833    758
   886    879    881    740
   887    844    887    769
   888    861    858    781
   889    867    864    769
   890    879    860    761
   891    872    904    724
   892    848    881    771
   893    856    816    828
   894    901    811    788
   895    981    775    744
   896    954    810    736
   897    909    816    775
   898    948    812    740
   899    900    837    763
   900    919    855    726
   901    864    846    790
   902    878    831    791
   903    886    832    782
   904    923    823    754
   905    930    820    750
   906    881    858    761
   907    880    865    755
   908    840    856    804
   909    877    820    803
   910    944    793    763
   911    961    830    709
   912    958    800    742
   913    883    849    768
   914    843    884    773
   915    857    881    762
   916    864    849    787
   917    838    891    771
   918    810    918    772
   919    850    884    766
   920    840    886    774
   921    868    850    782
   922    860    879    761
   923    821    917    762
   924    821    869    810
   925    850    842    808
   926    900    809    791
   927    941    810    749
   928    922    828    750
   929    914    809    777
   930    936    806    758
   931    911    835    754
   932    947    813    740
   933    939    829    732
   934    894    843    763
   935    910    850    740
   936    864    864    772
   937    877    846    777
   938    896    855    749
   939    860    857    783
   940    898    833    769
   941    910    844    746
   942    862    864    774
   943    853    864    783
   944    896    845    759
   945    897    834    769
   946    860    930    710
   947    889    861    750
   948    876    855    769
   949    889    872    739
   950    882    861    757
   951    899    800    801
   952    932    810    758
   953    943    804    753
   954    942    783    775
   955    936    795    769
   956    896    881    723
   957    883    847    770
   958    930    812    758
   959    890    833    777
   960    927    806    767
   961    915    812    773
   962    916    829    755
   963    965    823    712
   964    907    852    741
   965    895    847    758
   966    881    828    791
   967    860    843    797
   968    849    845    806
   969    908    815    777
   970    905    808    787
   971    874    833    793
   972    850    886    764
   973    860    851    789
   974    857    831    812
   975    893    826    781
   976    895    834    771
   977    879    823    798
   978    885    838    777
   979    919    838    743
   980    877    873    750
   981    868    840    792
   982    902    824    774
   983    904    834    762
   984    886    856    758
   985    905    867    728
   986    903    836    761
   987    910    827    763
   988    919    794    787
   989    957    761    782
   990    974    780    746
   991    926    830    744
   992    876    867    757
   993    813    915    772
   994    804    891    805
   995    854    844    802
   996    901    804    795
   997    938    785    777
   998    925    824    751
   999    895    878    727
  1000    923    865    712
