# time (sweeps) | Susceptible | Infected | Recovered
     0   1453    336    711
     1   1462    331    707
     2   1456    353    691
     3   1472    304    724
     4   1452    314    734
     5   1484    296    720
     6   1520    276    704
     7   1564    262    674
     8   1568    304    628
     9   1566    322    612
    10   1579    308    613
    11   1562    313    625
    12   1566    300    634
    13   1561    300    639
    14   1573    305    622
    15   1552    323    625
    16   1515    342    643
    17   1478    348    674
    18   1510    342    648
    19   1499    336    665
    20   1497    323    680
    21   1518    320    662
    22   1506    349    645
    23   1497    362    641
    24   1439    370    691
    25   1442    344    714
    26   1476    311    713
    27   1502    322    676
    28   1468    331    701
    29   1483    317    700
    30   1472    352    676
    31   1471    350    679
    32   1482    348    670
    33   1494    323    683
    34   1513    290    697
    35   1549    274    677
    36   1551    298    651
    37   1539    300    661
    38   1521    320    659
    39   1523    355    622
    40   1502    343    655
    41   1485    347    668
    42   1495    338    667
    43   1474    329    697
    44   1510    330    660
    45   1483    354    663
    46   1516    337    647
    47   1521    325    654
    48   1510    339    651
    49   1525    309    666
    50   1520    304    676
    51   1495    319    686
    52   1561    274    665
    53   1611    247    642
    54   1635    255    610
    55   1623    276    601
    56   1624    301    575
    57   1627    306    567
    58   1607    328    565
    59   1600    320    580
    60   1583    310    607
    61   1601    298    601
    62   1559    318    623
    63   1613    285    602
    64   1560    333    607
    65   1554    329    617
    66   1558    333    609
    67   1565    344    591
    68   1553    332    615
    69   1506    358    636
    70   1517    318    665
    71   1498    352    650
    72   1494    351    655
    73   1514    342    644
    74   1515    330    655
    75   1511    332    657
    76   1514    324    662
    77   1510    338    652
    78   1519    333    648
    79   1519    324    657
    80   1531    334    635
    81   1503    338    659
    82   1492    333    675
    83   1529    303    668
    84   1555    301    644
    85   1561    327    612
    86   1569    333    598
    87   1563    342    595
    88   1534    350    616
    89   1483    344    673
    90   1463    366    671
    91   1437    388    675
    92   1370    411    719
    93   1387    381    732
    94   1402    352    746
    95   1409    349    742
    96   1459    337    704
    97   1499    300    701
    98   1530    306    664
    99   1524    316    660
   100   1498    350    652
   101   1488    348    664
   102   1454    344    702
   103   1472    339    689
   104   1485    321    694
   105   1503    310    687
   106   1527    315    658
   107   1507    335    658
   108   1510    331    659
   109   1523    331    646
   110   1527    342    631
   111   1503    360    637
   112   1502    358    640
   113   1495    364    641
   114   1477    361    662
   115   1462    348    690
   116   1479    347    674
   117   1478    340    682
   118   1495    346    659
   119   1462    357    681
   120   1468    343    689
   121   1466    339    695
   122   1457    342    701
   123   1461    349    690
   124   1508    324    668
   125   1519    310    671
   126   1567    286    647
   127   1586    286    628
   128   1604    312    584
   129   1549    347    604
   130   1499    396    605
   131   1440    408    652
   132   1400    425    675
   133   1363    417    720
   134   1359    396    745
   135   1386    393    721
   136   1357    408    735
   137   1373    398    729
   138   1359    369    772
   139   1379    367    754
   140   1386    354    760
   141   1372    362    766
   142   1374    358    768
   143   1384    336    780
   144   1398    331    771
   145   1419    319    762
   146   1441    306    753
   147   1443    291    766
   148   1473    293    734
   149   1517    292    691
   150   1577    300    623
   151   1560    314    626
   152   1570    294    636
   153   1537    323    640
   154   1514    349    637
   155   1494    356    650
   156   1493    348    659
   157   1504    338    658
   158   1443    377    680
   159   1402    379    719
   160   1403    377    720
   161   1397    382    721
   162   1411    351    738
   163   1402    368    730
   164   1387    373    740
   165   1407    354    739
   166   1407    355    738
   167   1426    338    736
   168   1450    341    709
   169   1448    332    720
   170   1459    328    713
   171   1492    317    691
   172   1543    277    680
   173   1565    284    651
   174   1570    304    626
   175   1566    299    635
   176   1536    324    640
   177   1568    334    598
   178   1552    330    618
   179   1544    330    626
   180   1540    326    634
   181   1541    323    636
   182   1528    331    641
   183   1519    344    637
   184   1499    334    667
   185   1523    329    648
   186   1523    356    621
   187   1487    336    677
   188   1478    340    682
   189   1466    332    702
   190   1475    328    697
   191   1479    314    707
   192   1503    312    685
   193   1503    322    675
   194   1508    348    644
   195   1491    355    654
   196   1486    356    658
   197   1480    365    655
   198   1466    390    644
   199   1485    363    652
   200   1434    375    691
   201   1437    347    716
   202   1466    353    681
   203   1454    344    702
   204   1471    331    698
   205   1476    340    684
   206   1485    346    669
   207   1491    327    682
   208   1491    334    675
   209   1497    333    670
   210   1480    353    667
   211   1507    317    676
   212   1499    308    693
   213   1526    317    657
   214   1533    338    629
   215   1521    352    627
   216   1498    346    656
   217   1516    319    665
   218   1522    328    650
   219   1502    347    651
   220   1475    365    660
   221   1480    363    657
   222   1485    340    675
   223   1469    359    672
   224   1483    330    687
   225   1483    330    687
   226   1497    293    710
   227   1533    307    660
   228   1528    316    656
   229   1552    326    622
   230   1554    316    630
   231   1538    325    637
   232   1527    344    629
   233   1507    348    645
   234   1493    349    658
   235   1501    345    654
   236   1475    340    685
   237   1477    338    685
   238   1475    356    669
   239   1457    376    667
   240   1463    361    676
   241   1472    356    672
   242   1438    368    694
   243   1432    338    730
   244   1461    307    732
   245   1489    297    714
   246   1503    296    701
   247   1505    300    695
   248   1512    336    652
   249   1519    331    650
   250   1521    332    647
   251   1492    353    655
   252   1462    356    682
   253   1479    331    690
   254   1509    316    675
   255   1520    304    676
   256   1508    303    689
   257   1528    285    687
   258   1509    322    669
   259   1493    329    678
   260   1483    330    687
   261   1485    335    680
   262   1464    346    690
   263   1480    352    668
   264   1467    350    683
   265   1470    338    692
   266   1481    332    687
   267   1474    328    698
   268   1476    323    701
   269   1498    295    707
   270   1536    276    688
   271   1554    283    663
   272   1567    288    645
   273   1597    281    622
   274   1605    280    615
   275   1627    279    594
   276   1622    280    598
   277   1619    270    611
   278   1644    284    572
   279   1632    290    578
   280   1615    317    568
   281   1583    323    594
   282   1589    318    593
   283   1608    295    597
   284   1578    333    589
   285   1557    336    607
   286   1521    364    615
   287   1508    333    659
   288   1501    324    675
   289   1549    312    639
   290   1545    311    644
   291   1542    301    657
   292   1560    292    648
   293   1526    322    652
   294   1526    342    632
   295   1499    367    634
   296   1497    350    653
   297   1527    341    632
   298   1499    330    671
   299   1499    313    688
   300   1539    312    649
   301   1544    312    644
   302   1526    315    659
   303   1533    322    645
   304   1511    340    649
   305   1472    383    645
   306   1480    362    658
   307   1453    354    693
   308   1450    333    717
   309   1461    330    709
   310   1447    362    691
   311   1400    402    698
   312   1385    374    741
   313   1394    348    758
   314   1440    310    750
   315   1473    298    729
   316   1532    267    701
   317   1524    298    678
   318   1547    288    665
   319   1551    309    640
   320   1568    320    612
   321   1530    332    638
   322   1532    325    643
   323   1522    352    626
   324   1522    302    676
   325   1543    309    648
   326   1549    327    624
   327   1530    354    616
   328   1521    357    622
   329   1521    340    639
   330   1469    360    671
   331   1484    340    676
   332   1481    339    680
   333   1464    371    665
   334   1468    376    656
   335   1429    380    691
   336   1451    355    694
   337   1437    344    719
   338   1438    334    728
   339   1480    314    706
   340   1527    302    671
   341   1548    295    657
   342   1525    318    657
   343   1526    325    649
   344   1523    327    650
   345   1519    333    648
   346   1505    341    654
   347   1487    349    664
   348   1486    328    686
   349   1452    359    689
   350   1489    332    679
   351   1468    337    695
   352   1494    321    685
   353   1478    325    697
   354   1527    306    667
   355   1539    303    658
   356   1544    310    646
   357   1535    308    657
   358   1514    322    664
   359   1527    319    654
   360   1518    319    663
   361   1527    316    657
   362   1518    309    673
   363   1549    307    644
   364   1534    325    641
   365   1542    312    646
   366   1538    301    661
   367   1562    302    636
   368   1544    306    650
   369   1509    348    643
   370   1522    315    663
   371   1491    364    645
   372   1476    347    677
   373   1479    323    698
   374   1508    318    674
   375   1517    335    648
   376   1510    342    648
   377   1486    373    641
   378   1474    368    658
   379   1480    350    670
   380   1473    349    678
   381   1451    343    706
   382   1479    346    675
   383   1481    336    683
   384   1480    345    675
   385   1462    344    694
   386   1481    305    714
   387   1501    293    706
   388   1552    254    694
   389   1592    276    632
   390   1584    306    610
   391   1584    324    592
   392   1573    316    611
   393   1564    323    613
   394   1561    333    606
   395   1548    312    640
   396   1555    296    649
   397   1569    289    642
   398   1606    271    623
   399   1638    271    591
   400   1614    303    583
   401   1621    277    602
   402   1643    293    564
   403   1654    287    559
   404   1677    277    546
   405   1665    256    579
   406   1687    259    554
   407   1713    259    528
   408   1684    285    531
   409   1631    322    547
   410   1574    360    566
   411   1506    370    624
   412   1504    338    658
   413   1462    383    655
   414   1474    350    676
   415   1448    367    685
   416   1433    371    696
   417   1424    388    688
   418   1425    370    705
   419   1381    386    733
   420   1376    378    746
   421   1390    340    770
   422   1411    336    753
   423   1437    344    719
   424   1459    348    693
   425   1447    347    706
   426   1490    323    687
   427   1514    310    676
   428   1517    320    663
   429   1507    347    646
   430   1489    367    644
   431   1466    387    647
   432   1447    373    680
   433   1428    360    712
   434   1428    360    712
   435   1406    374    720
   436   1393    342    765
   437   1441    321    738
   438   1444    333    723
   439   1457    328    715
   440   1449    370    681
   441   1434    389    677
   442   1419    366    715
   443   1403    384    713
   444   1395    378    727
   445   1386    390    724
   446   1399    377    724
   447   1390    399    711
   448   1387    387    726
   449   1376    383    741
   450   1380    361    759
   451   1370    356    774
   452   1415    341    744
   453   1427    345    728
   454   1440    320    740
   455   1470    314    716
   456   1492    315    693
   457   1536    308    656
   458   1543    303    654
   459   1554    306    640
   460   1565    313    622
   461   1579    311    610
   462   1519    350    631
   463   1516    346    638
   464   1491    364    645
   465   1487    351    662
   466   1465    361    674
   467   1462    350    688
   468   1452    353    695
   469   1473    348    679
   470   1483    336    681
   471   1484    333    683
   472   1452    345    703
   473   1448    342    710
   474   1436    333    731
   475   1435    344    721
   476   1437    305    758
   477   1479    299    722
   478   1482    297    721
   479   1492    272    736
   480   1520    293    687
   481   1568    291    641
   482   1590    276    634
   483   1588    277    635
   484   1596    270    634
   485   1568    291    641
   486   1588    283    629
   487   1589    297    614
   488   1591    288    621
   489   1588    288    624
   490   1613    288    599
   491   1608    314    578
   492   1557    322    621
   493   1540    324    636
   494   1512    363    625
   495   1474    376    650
   496   1451    391    658
   497   1415    403    682
   498   1415    385    700
   499   1409    354    737
   500   1451    348    701
   501   1479    326    695
   502   1517    302    681
   503   1556    294    650
   504   1577    290    633
   505   1589    273    638
   506   1596    275    629
   507   1621    273    606
   508   1601    309    590
   509   1602    311    587
   510   1596    341    563
   511   1583    340    577
   512   1538    355    607
   513   1503    361    636
   514   1487    342    671
   515   1493    343    664
   516   1467    377    656
   517   1467    365    668
   518   1399    424    677
   519   1381    383    736
   520   1341    396    763
   521   1340    403    757
   522   1357    415    728
   523   1325    421    754
   524   1307    392    801
   525   1278    415    807
   526   1308    400    792
   527   1341    360    799
   528   1367    335    798
   529   1380    340    780
   530   1435    305    760
   531   1501    289    710
   532   1552    282    666
   533   1579    293    628
   534   1573    296    631
   535   1600    293    607
   536   1624    302    574
   537   1625    281    594
   538   1609    292    599
   539   1589    303    608
   540   1625    297    578
   541   1633    295    572
   542   1609    294    597
   543   1624    272    604
   544   1642    264    594
   545   1627    311    562
   546   1606    319    575
   547   1621    306    573
   548   1592    315    593
   549   1573    335    592
   550   1579    312    609
   551   1586    315    599
   552   1558    325    617
   553   1558    330    612
   554   1568    311    621
   555   1564    333    603
   556   1536    358    606
   557   1525    342    633
   558   1480    356    664
   559   1447    365    688
   560   1426    360    714
   561   1459    317    724
   562   1494    311    695
   563   1504    342    654
   564   1502    327    671
   565   1512    314    674
   566   1538    292    670
   567   1594    280    626
   568   1610    277    613
   569   1589    312    599
   570   1555    355    590
   571   1533    364    603
   572   1519    373    608
   573   1499    361    640
   574   1483    346    671
   575   1471    343    686
   576   1475    358    667
   577   1476    373    651
   578   1449    357    694
   579   1450    343    707
   580   1463    335    702
   581   1463    365    672
   582   1455    363    682
   583   1437    368    695
   584   1440    354    706
   585   1456    346    698
   586   1441    368    691
   587   1403    394    703
   588   1365    427    708
   589   1377    397    726
   590   1357    409    734
   591   1344    390    766
   592   1346    393    761
   593   1342    375    783
   594   1353    343    804
   595   1378    348    774
   596   1406    330    764
   597   1472    299    729
   598   1480    299    721
   599   1475    330    695
   600   1475    313    712
   601   1482    318    700
   602   1521    307    672
   603   1532    315    653
   604   1567    310    623
   605   1547    310    643
   606   1544    296    660
   607   1551    297    652
   608   1559    291    650
   609   1564    276    660
   610   1598    261    641
   611   1589    278    633
   612   1586    312    602
   613   1579    331    590
   614   1563    319    618
   615   1559    306    635
   616   1569    281    650
   617   1613    288    599
   618   1596    320    584
   619   1595    340    565
   620   1600    326    574
   621   1570    339    591
   622   1569    322    609
   623   1548    324    628
   624   1556    331    613
   625   1539    305    656
   626   1547    302    651
   627   1543    305    652
   628   1539    319    642
   629   1506    337    657
   630   1502    330    668
   631   1509    347    644
   632   1482    364    654
   633   1460    359    681
   634   1440    363    697
   635   1453    363    684
   636   1466    323    711
   637   1524    300    676
   638   1532    310    658
   639   1507    316    677
   640   1500    294    706
   641   1526    261    713
   642   1588    258    654
   643   1617    247    636
   644   1643    257    600
   645   1668    232    600
   646   1692    254    554
   647   1688    250    562
   648   1660    283    557
   649   1628    301    571
   650   1619    297    584
   651   1576    357    567
   652   1503    399    598
   653   1482    383    635
   654   1461    376    663
   655   1499    339    662
   656   1494    310    696
   657   1520    300    680
   658   1567    289    644
   659   1550    305    645
   660   1539    305    656
   661   1537    305    658
   662   1548    297    655
   663   1546    321    633
   664   1556    304    640
   665   1560    310    630
   666   1562    319    619
   667   1561    305    634
   668   1565    327    608
   669   1594    269    637
   670   1582    281    637
   671   1577    299    624
   672   1589    305    606
   673   1574    311    615
   674   1583    309    608
   675   1568    308    624
   676   1567    329    604
   677   1564    317    619
   678   1522    349    629
   679   1502    341    657
   680   1477    330    693
   681   1518    298    684
   682   1524    319    657
   683   1543    311    646
   684   1559    310    631
   685   1559    289    652
   686   1575    293    632
   687   1588    288    624
   688   1580    302    618
   689   1567    306    627
   690   1577    302    621
   691   1588    307    605
   692   1581    301    618
   693   1574    301    625
   694   1581    302    617
   695   1628    271    601
   696   1629    291    580
   697   1664    261    575
   698   1679    269    552
   699   1624    309    567
   700   1626    306    568
   701   1605    316    579
   702   1600    306    594
   703   1576    334    590
   704   1558    322    620
   705   1563    297    640
   706   1571    286    643
   707   1587    288    625
   708   1562    290    648
   709   1587    302    611
   710   1577    282    641
   711   1591    298    611
   712   1609    307    584
   713   1597    307    596
   714   1561    321    618
   715   1547    334    619
   716   1535    339    626
   717   1534    323    643
   718   1524    323    653
   719   1516    321    663
   720   1540    308    652
   721   1502    341    657
   722   1480    372    648
   723   1463    370    667
   724   1472    367    661
   725   1461    365    674
   726   1460    341    699
   727   1476    316    708
   728   1459    337    704
   729   1507    327    666
   730   1488    350    662
   731   1462    337    701
   732   1484    334    682
   733   1478    331    691
   734   1471    324    705
   735   1494    307    699
   736   1505    306    689
   737   1551    284    665
   738   1560    282    658
   739   1600    287    613
   740   1600    295    605
   741   1626    290    584
   742   1603    335    562
   743   1598    331    571
   744   1546    348    606
   745   1525    339    636
   746   1504    354    642
   747   1490    357    653
   748   1491    351    658
   749   1505    325    670
   750   1507    324    669
   751   1525    301    674
   752   1532    307    661
   753   1545    284    671
   754   1588    262    650
   755   1603    260    637
   756   1634    268    598
   757   1621    295    584
   758   1620    268    612
   759   1619    267    614
   760   1621    276    603
   761   1642    271    587
   762   1649    286    565
   763   1647    293    560
   764   1653    294    553
   765   1663    285    552
   766   1651    282    567
   767   1642    297    561
   768   1630    305    565
   769   1613    317    570
   770   1597    316    587
   771   1597    311    592
   772   1629    290    581
   773   1628    291    581
   774   1649    270    581
   775   1650    270    580
   776   1647    280    573
   777   1673    266    561
   778   1661    301    538
   779   1630    318    552
   780   1619    299    582
   781   1624    287    589
   782   1609    298    593
   783   1584    296    620
   784   1569    311    620
   785   1563    324    613
   786   1557    321    622
   787   1545    315    640
   788   1563    306    631
   789   1532    332    636
   790   1533    314    653
   791   1505    312    683
   792   1525    293    682
   793   1517    285    698
   794   1553    289    658
   795   1583    284    633
   796   1602    292    606
   797   1608    310    582
   798   1592    308    600
   799   1602    301    597
   800   1593    317    590
   801   1552    339    609
   802   1521    358    621
   803   1470    367    663
   804   1446    381    673
   805   1427    373    700
   806   1385    425    690
   807   1348    438    714
   808   1349    411    740
   809   1341    398    761
   810   1317    396    787
   811   1331    377    792
   812   1369    365    766
   813   1411    321    768
   814   1492    293    715
   815   1523    292    685
   816   1524    305    671
   817   1526    299    675
   818   1534    310    656
   819   1560    272    668
   820   1563    268    669
   821   1562    292    646
   822   1584    285    631
   823   1598    268    634
   824   1640    263    597
   825   1650    243    607
   826   1675    250    575
   827   1681    261    558
   828   1679    265    556
   829   1692    277    531
   830   1663    289    548
   831   1638    303    559
   832   1631    313    556
   833   1616    303    581
   834   1608    292    600
   835   1628    282    590
   836   1636    277    587
   837   1661    274    565
   838   1624    327    549
   839   1597    335    568
   840   1575    324    601
   841   1566    331    603
   842   1573    291    636
   843   1600    283    617
   844   1599    298    603
   845   1587    328    585
   846   1570    338    592
   847   1551    341    608
   848   1500    381    619
   849   1471    365    664
   850   1483    346    671
   851   1466    345    689
   852   1450    360    690
   853   1430    355    715
   854   1420    373    707
   855   1434    346    720
   856   1417    339    744
   857   1443    310    747
   858   1459    331    710
   859   1443    358    699
   860   1429    384    687
   861   1418    366    716
   862   1426    343    731
   863   1446    341    713
   864   1461    344    695
   865   1483    318    699
   866   1530    331    639
   867   1513    334    653
   868   1489    349    662
   869   1490    359    651
   870   1495    331    674
   871   1491    318    691
   872   1523    294    683
   873   1544    294    662
   874   1591    281    628
   875   1626    289    585
   876   1626    310    564
   877   1627    296    577
   878   1644    286    570
   879   1667    286    547
   880   1661    269    570
   881   1646    279    575
   882   1656    263    581
   883   1657    258    585
   884   1613    298    589
   885   1601    311    588
   886   1576    337    587
   887   1586    322    592
   888   1590    331    579
   889   1536    370    594
   890   1539    369    592
   891   1518    376    606
   892   1469    378    653
   893   1440    380    680
   894   1451    378    671
   895   1443    365    692
   896   1422    384    694
   897   1412    374    714
   898   1411    364    725
   899   1411    349    740
   900   1438    333    729
   901   1456    321    723
   902   1468    334    698
   903   1456    349    695
   904   1477    333    690
   905   1491    332    677
   906   1469    342    689
   907   1479    336    685
   908   1481    310    709
   909   1485    303    712
   910   1506    320    674
   911   1499    345    656
   912   1494    349    657
   913   1483    371    646
   914   1455    370    675
   915   1465    329    706
   916   1505    327    668
   917   1514    334    652
   918   1502    349    649
   919   1486    375    639
   920   1463    363    674
   921   1457    335    708
   922   1493    307    700
   923   1497    299    704
   924   1509    312    679
   925   1494    332    674
   926   1490    330    680
   927   1480    326    694
   928   1522    307    671
   929   1502    350    648
   930   1500    337    663
   931   1501    362    637
   932   1519    358    623
   933   1472    395    633
   934   1432    401    667
   935   1439    349    712
   936   1463    336    701
   937   1485    289    726
   938   1510    279    711
   939   1556    275    669
   940   1580    286    634
   941   1568    286    646
   942   1567    266    667
   943   1598    281    621
   944   1618    281    601
   945   1622    288    590
   946   1616    309    575
   947   1578    330    592
   948   1536    391    573
   949   1497    390    613
   950   1471    362    667
   951   1488    352    660
   952   1435    412    653
   953   1418    420    662
   954   1406    404    690
   955   1382    391    727
   956   1404    360    736
   957   1447    338    715
   958   1444    340    716
   959   1437    342    721
   960   1462    325    713
   961   1484    304    712
   962   1501    290    709
   963   1557    273    670
   964   1574    283    643
   965   1591    269    640
   966   1606    287    607
   967   1597    298    605
   968   1605    280    615
   969   1599    282    619
   970   1596    258    646
   971   1589    276    635
   972   1641    261    598
   973   1620    286    594
   974   1590    332    578
   975   1545    348    607
   976   1544    344    612
   977   1501    373    626
   978   1529    349    622
   979   1507    352    641
   980   1451    369    680
   981   1439    362    699
   982   1469    354    677
   983   1431    375    694
   984   1451    344    705
   985   1461    311    728
   986   1506    296    698
   987   1505    323    672
   988   1488    323    689
   989   1505    317    678
   990   1489    341    670
   991   1473    341    686
   992   1509    307    684
   993   1534    288    678
   994   1568    268    664
   995   1578    257    665
   996   1593    275    632
   997   1615    263    622
   998   1615    283    602
   999   1565    340    595
  1000   1556    303    641
