# time (sweeps) | Susceptible | Infected | Recovered
     0    755   1183    562
     1    729   1170    601
     2    725   1187    588
     3    672   1242    586
     4    720   1188    592
     5    700   1199    601
     6    693   1182    625
     7    711   1217    572
     8    713   1209    578
     9    683   1221    596
    10    715   1177    608
    11    698   1229    573
    12    674   1245    581
    13    718   1184    598
    14    720   1201    579
    15    732   1184    584
    16    744   1186    570
    17    720   1202    578
    18    734   1174    592
    19    682   1182    636
    20    721   1171    608
    21    745   1172    583
    22    754   1147    599
    23    743   1154    603
    24    713   1204    583
    25    704   1182    614
    26    714   1181    605
    27    706   1212    582
    28    692   1201    607
    29    682   1205    613
    30    681   1195    624
    31    728   1191    581
    32    720   1217    563
    33    704   1197    599
    34    729   1161    610
    35    751   1212    537
    36    671   1241    588
    37    669   1230    601
    38    691   1192    617
    39    696   1226    578
    40    711   1233    556
    41    725   1198    577
    42    711   1189    600
    43    716   1170    614
    44    745   1159    596
    45    774   1130    596
    46    766   1105    629
    47    791   1127    582
    48    713   1194    593
    49    708   1208    584
    50    708   1202    590
    51    716   1154    630
    52    728   1158    614
    53    741   1225    534
    54    716   1190    594
    55    699   1197    604
    56    714   1164    622
    57    741   1148    611
    58    732   1220    548
    59    681   1217    602
    60    662   1204    634
    61    703   1146    651
    62    742   1166    592
    63    742   1193    565
    64    704   1206    590
    65    735   1131    634
    66    722   1178    600
    67    763   1135    602
    68    756   1148    596
    69    736   1144    620
    70    743   1170    587
    71    678   1217    605
    72    681   1222    597
    73    681   1237    582
    74    683   1190    627
    75    705   1164    631
    76    766   1144    590
    77    751   1164    585
    78    697   1203    600
    79    726   1170    604
    80    730   1199    571
    81    758   1142    600
    82    758   1184    558
    83    712   1174    614
    84    728   1143    629
    85    762   1149    589
    86    717   1206    577
    87    719   1168    613
    88    727   1155    618
    89    695   1209    596
    90    747   1182    571
    91    727   1197    576
    92    719   1210    571
    93    707   1213    580
    94    711   1184    605
    95    738   1198    564
    96    691   1237    572
    97    697   1206    597
    98    715   1201    584
    99    680   1223    597
   100    689   1241    570
   101    697   1253    550
   102    663   1236    601
   103    694   1206    600
   104    710   1222    568
   105    655   1242    603
   106    693   1196    611
   107    684   1218    598
   108    689   1200    611
   109    688   1203    609
   110    686   1220    594
   111    700   1209    591
   112    723   1177    600
   113    690   1189    621
   114    737   1182    581
   115    721   1205    574
   116    698   1192    610
   117    674   1206    620
   118    735   1157    608
   119    760   1134    606
   120    757   1146    597
   121    691   1227    582
   122    706   1222    572
   123    720   1167    613
   124    702   1202    596
   125    757   1181    562
   126    720   1182    598
   127    719   1200    581
   128    760   1140    600
   129    728   1185    587
   130    716   1194    590
   131    722   1196    582
   132    702   1202    596
   133    716   1191    593
   134    715   1210    575
   135    700   1211    589
   136    723   1215    562
   137    696   1264    540
   138    685   1216    599
   139    688   1213    599
   140    708   1205    587
   141    679   1227    594
   142    702   1171    627
   143    755   1157    588
   144    711   1192    597
   145    720   1166    614
   146    718   1148    634
   147    732   1185    583
   148    704   1191    605
   149    699   1211    590
   150    716   1208    576
   151    702   1180    618
   152    711   1174    615
   153    718   1179    603
   154    745   1124    631
   155    802   1132    566
   156    749   1184    567
   157    714   1223    563
   158    670   1210    620
   159    684   1180    636
   160    751   1145    604
   161    750   1185    565
   162    689   1250    561
   163    766   1141    593
   164    760   1175    565
   165    697   1219    584
   166    726   1176    598
   167    696   1180    624
   168    748   1167    585
   169    762   1132    606
   170    718   1185    597
   171    724   1163    613
   172    732   1167    601
   173    719   1167    614
   174    726   1185    589
   175    721   1196    583
   176    706   1217    577
   177    689   1197    614
   178    706   1212    582
   179    716   1226    558
   180    723   1190    587
   181    735   1193    572
   182    767   1180    553
   183    727   1185    588
   184    744   1217    539
   185    727   1187    586
   186    705   1206    589
   187    719   1214    567
   188    728   1170    602
   189    694   1194    612
   190    673   1193    634
   191    694   1146    660
   192    738   1141    621
   193    722   1194    584
   194    676   1219    605
   195    686   1220    594
   196    691   1184    625
   197    723   1186    591
   198    746   1125    629
   199    701   1200    599
   200    712   1163    625
   201    735   1194    571
   202    724   1157    619
   203    740   1194    566
   204    716   1186    598
   205    688   1231    581
   206    720   1182    598
   207    758   1154    588
   208    751   1166    583
   209    747   1165    588
   210    741   1174    585
   211    734   1177    589
   212    740   1150    610
   213    767   1157    576
   214    757   1187    556
   215    736   1200    564
   216    706   1201    593
   217    689   1242    569
   218    677   1232    591
   219    723   1211    566
   220    665   1205    630
   221    758   1120    622
   222    747   1135    618
   223    753   1141    606
   224    712   1194    594
   225    720   1207    573
   226    696   1210    594
   227    687   1177    636
   228    685   1190    625
   229    728   1163    609
   230    744   1175    581
   231    717   1182    601
   232    718   1201    581
   233    718   1191    591
   234    720   1173    607
   235    718   1164    618
   236    730   1219    551
   237    714   1222    564
   238    704   1216    580
   239    707   1181    612
   240    720   1194    586
   241    723   1178    599
   242    734   1195    571
   243    699   1184    617
   244    730   1167    603
   245    757   1197    546
   246    725   1214    561
   247    747   1165    588
   248    756   1166    578
   249    721   1212    567
   250    746   1208    546
   251    753   1205    542
   252    737   1220    543
   253    711   1225    564
   254    699   1213    588
   255    727   1189    584
   256    720   1193    587
   257    695   1216    589
   258    702   1201    597
   259    694   1205    601
   260    744   1176    580
   261    717   1189    594
   262    702   1176    622
   263    677   1214    609
   264    705   1186    609
   265    731   1199    570
   266    701   1233    566
   267    674   1243    583
   268    680   1210    610
   269    741   1171    588
   270    740   1206    554
   271    675   1239    586
   272    711   1174    615
   273    748   1148    604
   274    737   1144    619
   275    698   1208    594
   276    680   1192    628
   277    720   1189    591
   278    716   1189    595
   279    688   1187    625
   280    730   1166    604
   281    709   1186    605
   282    731   1167    602
   283    781   1115    604
   284    730   1162    608
   285    722   1172    606
   286    760   1145    595
   287    735   1185    580
   288    700   1194    606
   289    735   1187    578
   290    693   1194    613
   291    759   1159    582
   292    720   1176    604
   293    722   1173    605
   294    746   1159    595
   295    756   1183    561
   296    709   1216    575
   297    715   1217    568
   298    713   1236    551
   299    726   1170    604
   300    743   1212    545
   301    715   1212    573
   302    674   1210    616
   303    682   1203    615
   304    722   1190    588
   305    739   1177    584
   306    733   1179    588
   307    730   1180    590
   308    696   1226    578
   309    687   1211    602
   310    697   1233    570
   311    697   1183    620
   312    746   1166    588
   313    696   1190    614
   314    734   1149    617
   315    704   1179    617
   316    727   1195    578
   317    714   1188    598
   318    699   1191    610
   319    721   1195    584
   320    707   1219    574
   321    701   1193    606
   322    722   1186    592
   323    711   1208    581
   324    720   1169    611
   325    670   1191    639
   326    697   1198    605
   327    742   1157    601
   328    733   1197    570
   329    696   1196    608
   330    701   1178    621
   331    718   1194    588
   332    706   1222    572
   333    672   1221    607
   334    691   1167    642
   335    735   1190    575
   336    686   1201    613
   337    704   1191    605
   338    714   1190    596
   339    711   1205    584
   340    687   1226    587
   341    720   1198    582
   342    721   1166    613
   343    735   1172    593
   344    704   1208    588
   345    661   1228    611
   346    687   1258    555
   347    680   1249    571
   348    690   1220    590
   349    683   1199    618
   350    735   1180    585
   351    706   1211    583
   352    720   1216    564
   353    688   1211    601
   354    731   1176    593
   355    762   1176    562
   356    724   1170    606
   357    701   1145    654
   358    740   1144    616
   359    720   1197    583
   360    725   1206    569
   361    718   1240    542
   362    685   1244    571
   363    665   1256    579
   364    709   1233    558
   365    702   1207    591
   366    727   1170    603
   367    745   1210    545
   368    716   1216    568
   369    662   1253    585
   370    681   1257    562
   371    640   1230    630
   372    689   1186    625
   373    714   1168    618
   374    722   1171    607
   375    740   1191    569
   376    728   1171    601
   377    733   1180    587
   378    735   1169    596
   379    722   1169    609
   380    741   1210    549
   381    713   1176    611
   382    705   1200    595
   383    721   1235    544
   384    733   1202    565
   385    688   1234    578
   386    679   1230    591
   387    694   1200    606
   388    757   1155    588
   389    695   1176    629
   390    684   1192    624
   391    754   1138    608
   392    720   1164    616
   393    690   1204    606
   394    706   1182    612
   395    697   1200    603
   396    737   1201    562
   397    782   1146    572
   398    762   1155    583
   399    747   1138    615
   400    706   1192    602
   401    665   1208    627
   402    725   1163    612
   403    721   1189    590
   404    715   1189    596
   405    726   1191    583
   406    736   1174    590
   407    694   1205    601
   408    704   1230    566
   409    732   1191    577
   410    722   1173    605
   411    690   1192    618
   412    678   1204    618
   413    712   1177    611
   414    666   1239    595
   415    693   1234    573
   416    672   1210    618
   417    702   1215    583
   418    688   1155    657
   419    689   1190    621
   420    726   1166    608
   421    742   1130    628
   422    729   1155    616
   423    679   1206    615
   424    734   1177    589
   425    712   1139    649
   426    711   1187    602
   427    731   1171    598
   428    708   1180    612
   429    742   1180    578
   430    713   1161    626
   431    723   1158    619
   432    731   1187    582
   433    692   1211    597
   434    702   1211    587
   435    720   1171    609
   436    733   1168    599
   437    737   1159    604
   438    718   1143    639
   439    757   1160    583
   440    766   1153    581
   441    733   1190    577
   442    726   1189    585
   443    707   1253    540
   444    691   1215    594
   445    685   1203    612
   446    731   1184    585
   447    733   1187    580
   448    713   1213    574
   449    693   1195    612
   450    711   1174    615
   451    718   1180    602
   452    715   1184    601
   453    742   1157    601
   454    713   1197    590
   455    726   1176    598
   456    700   1192    608
   457    731   1189    580
   458    714   1197    589
   459    706   1205    589
   460    719   1169    612
   461    707   1176    617
   462    716   1189    595
   463    744   1188    568
   464    717   1212    571
   465    717   1210    573
   466    695   1187    618
   467    724   1192    584
   468    725   1187    588
   469    718   1184    598
   470    711   1190    599
   471    724   1175    601
   472    706   1202    592
   473    679   1200    621
   474    710   1179    611
   475    757   1169    574
   476    746   1181    573
   477    723   1203    574
   478    686   1228    586
   479    661   1259    580
   480    665   1205    630
   481    713   1173    614
   482    735   1154    611
   483    707   1126    667
   484    763   1151    586
   485    715   1189    596
   486    741   1150    609
   487    758   1163    579
   488    750   1153    597
   489    717   1232    551
   490    719   1183    598
   491    765   1156    579
   492    722   1180    598
   493    719   1216    565
   494    683   1203    614
   495    679   1214    607
   496    698   1199    603
   497    749   1154    597
   498    731   1195    574
   499    709   1187    604
   500    685   1224    591
   501    691   1206    603
   502    713   1197    590
   503    714   1201    585
   504    728   1159    613
   505    742   1180    578
   506    701   1216    583
   507    720   1146    634
   508    717   1204    579
   509    727   1179    594
   510    716   1190    594
   511    702   1196    602
   512    685   1207    608
   513    662   1225    613
   514    695   1186    619
   515    720   1195    585
   516    742   1176    582
   517    703   1217    580
   518    669   1226    605
   519    672   1225    603
   520    712   1175    613
   521    714   1158    628
   522    749   1148    603
   523    749   1165    586
   524    717   1164    619
   525    739   1174    587
   526    689   1204    607
   527    669   1215    616
   528    637   1227    636
   529    700   1210    590
   530    652   1240    608
   531    690   1206    604
   532    725   1186    589
   533    708   1223    569
   534    722   1172    606
   535    766   1142    592
   536    701   1149    650
   537    739   1152    609
   538    739   1169    592
   539    720   1180    600
   540    695   1153    652
   541    719   1182    599
   542    743   1170    587
   543    715   1192    593
   544    711   1172    617
   545    681   1218    601
   546    673   1229    598
   547    702   1204    594
   548    671   1233    596
   549    743   1167    590
   550    725   1204    571
   551    726   1180    594
   552    724   1154    622
   553    717   1176    607
   554    734   1175    591
   555    751   1208    541
   556    742   1232    526
   557    724   1204    572
   558    738   1189    573
   559    716   1190    594
   560    694   1201    605
   561    685   1236    579
   562    679   1210    611
   563    722   1230    548
   564    700   1209    591
   565    709   1154    637
   566    712   1189    599
   567    722   1163    615
   568    736   1149    615
   569    696   1241    563
   570    713   1166    621
   571    732   1184    584
   572    706   1221    573
   573    686   1201    613
   574    729   1158    613
   575    724   1195    581
   576    742   1147    611
   577    724   1161    615
   578    685   1250    565
   579    650   1256    594
   580    681   1205    614
   581    716   1169    615
   582    730   1184    586
   583    691   1241    568
   584    719   1191    590
   585    713   1178    609
   586    716   1171    613
   587    710   1205    585
   588    710   1207    583
   589    686   1253    561
   590    683   1244    573
   591    675   1244    581
   592    679   1225    596
   593    707   1182    611
   594    698   1175    627
   595    720   1197    583
   596    722   1223    555
   597    701   1209    590
   598    751   1151    598
   599    746   1146    608
   600    754   1122    624
   601    709   1194    597
   602    722   1193    585
   603    697   1172    631
   604    737   1127    636
   605    725   1172    603
   606    738   1133    629
   607    705   1172    623
   608    759   1131    610
   609    758   1135    607
   610    741   1173    586
   611    725   1195    580
   612    691   1223    586
   613    688   1209    603
   614    685   1243    572
   615    701   1232    567
   616    709   1186    605
   617    705   1222    573
   618    696   1215    589
   619    680   1182    638
   620    695   1161    644
   621    708   1233    559
   622    758   1184    558
   623    718   1208    574
   624    727   1200    573
   625    706   1211    583
   626    716   1169    615
   627    759   1111    630
   628    777   1139    584
   629    761   1174    565
   630    719   1196    585
   631    700   1206    594
   632    664   1206    630
   633    679   1191    630
   634    731   1189    580
   635    731   1198    571
   636    700   1174    626
   637    710   1171    619
   638    739   1191    570
   639    713   1189    598
   640    712   1185    603
   641    650   1211    639
   642    683   1232    585
   643    726   1199    575
   644    726   1176    598
   645    753   1135    612
   646    720   1199    581
   647    719   1184    597
   648    719   1203    578
   649    754   1175    571
   650    711   1200    589
   651    707   1217    576
   652    671   1236    593
   653    676   1213    611
   654    688   1205    607
   655    713   1183    604
   656    732   1175    593
   657    723   1174    603
   658    702   1247    551
   659    709   1205    586
   660    714   1167    619
   661    723   1141    636
   662    714   1181    605
   663    697   1251    552
   664    708   1196    596
   665    696   1233    571
   666    749   1161    590
   667    747   1181    572
   668    748   1168    584
   669    707   1213    580
   670    694   1173    633
   671    704   1145    651
   672    748   1165    587
   673    694   1205    601
   674    718   1182    600
   675    736   1187    577
   676    730   1195    575
   677    649   1261    590
   678    686   1214    600
   679    677   1212    611
   680    694   1205    601
   681    706   1219    575
   682    708   1220    572
   683    684   1222    594
   684    695   1190    615
   685    695   1207    598
   686    729   1198    573
   687    692   1221    587
   688    715   1207    578
   689    697   1213    590
   690    698   1191    611
   691    725   1151    624
   692    758   1170    572
   693    719   1198    583
   694    705   1205    590
   695    680   1173    647
   696    712   1190    598
   697    695   1197    608
   698    732   1211    557
   699    711   1201    588
   700    731   1189    580
   701    726   1229    545
   702    707   1219    574
   703    700   1213    587
   704    710   1166    624
   705    732   1167    601
   706    766   1164    570
   707    712   1207    581
   708    703   1233    564
   709    727   1208    565
   710    700   1220    580
   711    697   1208    595
   712    690   1194    616
   713    730   1175    595
   714    700   1200    600
   715    733   1166    601
   716    732   1167    601
   717    765   1144    591
   718    732   1205    563
   719    713   1182    605
   720    687   1203    610
   721    774   1150    576
   722    731   1151    618
   723    740   1154    606
   724    718   1200    582
   725    683   1217    600
   726    705   1202    593
   727    688   1210    602
   728    774   1158    568
   729    741   1204    555
   730    693   1222    585
   731    734   1204    562
   732    732   1219    549
   733    685   1180    635
   734    717   1178    605
   735    738   1166    596
   736    737   1140    623
   737    732   1184    584
   738    731   1183    586
   739    689   1217    594
   740    691   1196    613
   741    687   1252    561
   742    699   1183    618
   743    723   1208    569
   744    711   1202    587
   745    728   1161    611
   746    710   1182    608
   747    710   1233    557
   748    688   1231    581
   749    713   1207    580
   750    710   1180    610
   751    739   1191    570
   752    713   1157    630
   753    730   1188    582
   754    729   1194    577
   755    730   1227    543
   756    717   1227    556
   757    696   1223    581
   758    695   1219    586
   759    765   1160    575
   760    721   1197    582
   761    729   1173    598
   762    722   1164    614
   763    744   1181    575
   764    727   1160    613
   765    726   1192    582
   766    721   1163    616
   767    733   1162    605
   768    710   1186    604
   769    751   1160    589
   770    686   1186    628
   771    710   1163    627
   772    665   1248    587
   773    674   1234    592
   774    728   1193    579
   775    727   1209    564
   776    660   1255    585
   777    717   1182    601
   778    697   1185    618
   779    699   1235    566
   780    696   1192    612
   781    708   1167    625
   782    736   1183    581
   783    716   1208    576
   784    706   1215    579
   785    680   1249    571
   786    702   1221    577
   787    708   1193    599
   788    701   1152    647
   789    701   1190    609
   790    726   1195    579
   791    744   1199    557
   792    713   1214    573
   793    730   1193    577
   794    720   1219    561
   795    733   1227    540
   796    696   1187    617
   797    699   1164    637
   798    739   1132    629
   799    796   1141    563
   800    762   1195    543
   801    749   1176    575
   802    719   1196    585
   803    710   1185    605
   804    700   1214    586
   805    668   1236    596
   806    702   1202    596
   807    653   1260    587
   808    681   1200    619
   809    722   1199    579
   810    739   1179    582
   811    713   1225    562
   812    671   1230    599
   813    692   1205    603
   814    704   1158    638
   815    714   1155    631
   816    743   1181    576
   817    726   1186    588
   818    709   1199    592
   819    731   1230    539
   820    693   1212    595
   821    742   1196    562
   822    703   1219    578
   823    704   1175    621
   824    685   1225    590
   825    695   1196    609
   826    716   1187    597
   827    682   1240    578
   828    658   1218    624
   829    675   1197    628
   830    704   1152    644
   831    726   1183    591
   832    706   1216    578
   833    700   1212    588
   834    755   1159    586
   835    734   1164    602
   836    715   1173    612
   837    707   1198    595
   838    688   1223    589
   839    702   1168    630
   840    735   1151    614
   841    727   1202    571
   842    738   1169    593
   843    770   1161    569
   844    800   1141    559
   845    741   1163    596
   846    767   1141    592
   847    759   1154    587
   848    717   1174    609
   849    734   1191    575
   850    736   1173    591
   851    744   1116    640
   852    768   1106    626
   853    750   1157    593
   854    725   1210    565
   855    725   1212    563
   856    680   1266    554
   857    642   1273    585
   858    736   1184    580
   859    705   1167    628
   860    710   1201    589
   861    724   1169    607
   862    713   1190    597
   863    722   1152    626
   864    735   1163    602
   865    766   1124    610
   866    756   1187    557
   867    722   1203    575
   868    721   1171    608
   869    719   1204    577
   870    703   1189    608
   871    722   1187    591
   872    724   1181    595
   873    740   1203    557
   874    689   1243    568
   875    667   1232    601
   876    663   1198    639
   877    719   1193    588
   878    652   1236    612
   879    671   1249    580
   880    685   1192    623
   881    693   1188    619
   882    712   1179    609
   883    694   1214    592
   884    718   1176    606
   885    743   1204    553
   886    675   1244    581
   887    654   1219    627
   888    708   1154    638
   889    732   1152    616
   890    716   1180    604
   891    767   1169    564
   892    737   1166    597
   893    741   1161    598
   894    737   1185    578
   895    717   1175    608
   896    682   1189    629
   897    729   1182    589
   898    718   1187    595
   899    757   1142    601
   900    729   1188    583
   901    746   1212    542
   902    713   1225    562
   903    703   1232    565
   904    676   1195    629
   905    652   1222    626
   906    712   1181    607
   907    673   1207    620
   908    695   1193    612
   909    699   1189    612
   910    738   1183    579
   911    704   1204    592
   912    714   1180    606
   913    715   1190    595
   914    709   1181    610
   915    786   1128    586
   916    761   1172    567
   917    713   1206    581
   918    713   1199    588
   919    733   1185    582
   920    722   1202    576
   921    759   1121    620
   922    720   1208    572
   923    683   1249    568
   924    740   1154    606
   925    764   1170    566
   926    740   1190    570
   927    757   1153    590
   928    728   1167    605
   929    763   1156    581
   930    739   1194    567
   931    723   1177    600
   932    685   1200    615
   933    709   1162    629
   934    702   1188    610
   935    703   1215    582
   936    730   1208    562
   937    681   1188    631
   938    714   1167    619
   939    721   1185    594
   940    703   1211    586
   941    719   1159    622
   942    723   1194    583
   943    720   1191    589
   944    697   1239    564
   945    680   1197    623
   946    707   1155    638
   947    723   1173    604
   948    689   1178    633
   949    719   1162    619
   950    683   1193    624
   951    721   1201    578
   952    730   1199    571
   953    737   1149    614
   954    774   1178    548
   955    710   1218    572
   956    698   1190    612
   957    696   1232    572
   958    719   1215    566
   959    699   1213    588
   960    758   1146    596
   961    713   1228    559
   962    701   1249    550
   963    654   1246    600
   964    665   1233    602
   965    684   1227    589
   966    716   1208    576
   967    693   1208    599
   968    755   1165    580
   969    753   1159    588
   970    712   1204    584
   971    741   1167    592
   972    723   1173    604
   973    726   1191    583
   974    700   1199    601
   975    718   1163    619
   976    690   1210    600
   977    724   1188    588
   978    723   1202    575
   979    729   1194    577
   980    672   1202    626
   981    740   1151    609
   982    757   1176    567
   983    733   1178    589
   984    717   1168    615
   985    717   1183    600
   986    731   1158    611
   987    735   1155    610
   988    710   1171    619
   989    755   1140    605
   990    752   1176    572
   991    706   1235    559
   992    671   1265    564
   993    674   1227    599
   994    712   1187    601
   995    676   1229    595
   996    687   1206    607
   997    742   1175    583
   998    722   1192    586
   999    754   1173    573
  1000    742   1188    570
