# time (sweeps) | Susceptible | Infected | Recovered
     0    720      0   1780
     1    720      0   1780
     2    720      0   1780
     3    720      0   1780
     4    720      0   1780
     5    720      0   1780
     6    720      0   1780
     7    720      0   1780
     8    720      0   1780
     9    720      0   1780
    10    720      0   1780
    11    720      0   1780
    12    720      0   1780
    13    720      0   1780
    14    720      0   1780
    15    720      0   1780
    16    720      0   1780
    17    720      0   1780
    18    720      0   1780
    19    720      0   1780
    20    720      0   1780
    21    720      0   1780
    22    720      0   1780
    23    720      0   1780
    24    720      0   1780
    25    720      0   1780
    26    720      0   1780
    27    720      0   1780
    28    720      0   1780
    29    720      0   1780
    30    720      0   1780
    31    720      0   1780
    32    720      0   1780
    33    720      0   1780
    34    720      0   1780
    35    720      0   1780
    36    720      0   1780
    37    720      0   1780
    38    720      0   1780
    39    720      0   1780
    40    720      0   1780
    41    720      0   1780
    42    720      0   1780
    43    720      0   1780
    44    720      0   1780
    45    720      0   1780
    46    720      0   1780
    47    720      0   1780
    48    720      0   1780
    49    720      0   1780
    50    720      0   1780
    51    720      0   1780
    52    720      0   1780
    53    720      0   1780
    54    720      0   1780
    55    720      0   1780
    56    720      0   1780
    57    720      0   1780
    58    720      0   1780
    59    720      0   1780
    60    720      0   1780
    61    720      0   1780
    62    720      0   1780
    63    720      0   1780
    64    720      0   1780
    65    720      0   1780
    66    720      0   1780
    67    720      0   1780
    68    720      0   1780
    69    720      0   1780
    70    720      0   1780
    71    720      0   1780
    72    720      0   1780
    73    720      0   1780
    74    720      0   1780
    75    720      0   1780
    76    720      0   1780
    77    720      0   1780
    78    720      0   1780
    79    720      0   1780
    80    720      0   1780
    81    720      0   1780
    82    720      0   1780
    83    720      0   1780
    84    720      0   1780
    85    720      0   1780
    86    720      0   1780
    87    720      0   1780
    88    720      0   1780
    89    720      0   1780
    90    720      0   1780
    91    720      0   1780
    92    720      0   1780
    93    720      0   1780
    94    720      0   1780
    95    720      0   1780
    96    720      0   1780
    97    720      0   1780
    98    720      0   1780
    99    720      0   1780
   100    720      0   1780
   101    720      0   1780
   102    720      0   1780
   103    720      0   1780
   104    720      0   1780
   105    720      0   1780
   106    720      0   1780
   107    720      0   1780
   108    720      0   1780
   109    720      0   1780
   110    720      0   1780
   111    720      0   1780
   112    720      0   1780
   113    720      0   1780
   114    720      0   1780
   115    720      0   1780
   116    720      0   1780
   117    720      0   1780
   118    720      0   1780
   119    720      0   1780
   120    720      0   1780
   121    720      0   1780
   122    720      0   1780
   123    720      0   1780
   124    720      0   1780
   125    720      0   1780
   126    720      0   1780
   127    720      0   1780
   128    720      0   1780
   129    720      0   1780
   130    720      0   1780
   131    720      0   1780
   132    720      0   1780
   133    720      0   1780
   134    720      0   1780
   135    720      0   1780
   136    720      0   1780
   137    720      0   1780
   138    720      0   1780
   139    720      0   1780
   140    720      0   1780
   141    720      0   1780
   142    720      0   1780
   143    720      0   1780
   144    720      0   1780
   145    720      0   1780
   146    720      0   1780
   147    720      0   1780
   148    720      0   1780
   149    720      0   1780
   150    720      0   1780
   151    720      0   1780
   152    720      0   1780
   153    720      0   1780
   154    720      0   1780
   155    720      0   1780
   156    720      0   1780
   157    720      0   1780
   158    720      0   1780
   159    720      0   1780
   160    720      0   1780
   161    720      0   1780
   162    720      0   1780
   163    720      0   1780
   164    720      0   1780
   165    720      0   1780
   166    720      0   1780
   167    720      0   1780
   168    720      0   1780
   169    720      0   1780
   170    720      0   1780
   171    720      0   1780
   172    720      0   1780
   173    720      0   1780
   174    720      0   1780
   175    720      0   1780
   176    720      0   1780
   177    720      0   1780
   178    720      0   1780
   179    720      0   1780
   180    720      0   1780
   181    720      0   1780
   182    720      0   1780
   183    720      0   1780
   184    720      0   1780
   185    720      0   1780
   186    720      0   1780
   187    720      0   1780
   188    720      0   1780
   189    720      0   1780
   190    720      0   1780
   191    720      0   1780
   192    720      0   1780
   193    720      0   1780
   194    720      0   1780
   195    720      0   1780
   196    720      0   1780
   197    720      0   1780
   198    720      0   1780
   199    720      0   1780
   200    720      0   1780
   201    720      0   1780
   202    720      0   1780
   203    720      0   1780
   204    720      0   1780
   205    720      0   1780
   206    720      0   1780
   207    720      0   1780
   208    720      0   1780
   209    720      0   1780
   210    720      0   1780
   211    720      0   1780
   212    720      0   1780
   213    720      0   1780
   214    720      0   1780
   215    720      0   1780
   216    720      0   1780
   217    720      0   1780
   218    720      0   1780
   219    720      0   1780
   220    720      0   1780
   221    720      0   1780
   222    720      0   1780
   223    720      0   1780
   224    720      0   1780
   225    720      0   1780
   226    720      0   1780
   227    720      0   1780
   228    720      0   1780
   229    720      0   1780
   230    720      0   1780
   231    720      0   1780
   232    720      0   1780
   233    720      0   1780
   234    720      0   1780
   235    720      0   1780
   236    720      0   1780
   237    720      0   1780
   238    720      0   1780
   239    720      0   1780
   240    720      0   1780
   241    720      0   1780
   242    720      0   1780
   243    720      0   1780
   244    720      0   1780
   245    720      0   1780
   246    720      0   1780
   247    720      0   1780
   248    720      0   1780
   249    720      0   1780
   250    720      0   1780
   251    720      0   1780
   252    720      0   1780
   253    720      0   1780
   254    720      0   1780
   255    720      0   1780
   256    720      0   1780
   257    720      0   1780
   258    720      0   1780
   259    720      0   1780
   260    720      0   1780
   261    720      0   1780
   262    720      0   1780
   263    720      0   1780
   264    720      0   1780
   265    720      0   1780
   266    720      0   1780
   267    720      0   1780
   268    720      0   1780
   269    720      0   1780
   270    720      0   1780
   271    720      0   1780
   272    720      0   1780
   273    720      0   1780
   274    720      0   1780
   275    720      0   1780
   276    720      0   1780
   277    720      0   1780
   278    720      0   1780
   279    720      0   1780
   280    720      0   1780
   281    720      0   1780
   282    720      0   1780
   283    720      0   1780
   284    720      0   1780
   285    720      0   1780
   286    720      0   1780
   287    720      0   1780
   288    720      0   1780
   289    720      0   1780
   290    720      0   1780
   291    720      0   1780
   292    720      0   1780
   293    720      0   1780
   294    720      0   1780
   295    720      0   1780
   296    720      0   1780
   297    720      0   1780
   298    720      0   1780
   299    720      0   1780
   300    720      0   1780
   301    720      0   1780
   302    720      0   1780
   303    720      0   1780
   304    720      0   1780
   305    720      0   1780
   306    720      0   1780
   307    720      0   1780
   308    720      0   1780
   309    720      0   1780
   310    720      0   1780
   311    720      0   1780
   312    720      0   1780
   313    720      0   1780
   314    720      0   1780
   315    720      0   1780
   316    720      0   1780
   317    720      0   1780
   318    720      0   1780
   319    720      0   1780
   320    720      0   1780
   321    720      0   1780
   322    720      0   1780
   323    720      0   1780
   324    720      0   1780
   325    720      0   1780
   326    720      0   1780
   327    720      0   1780
   328    720      0   1780
   329    720      0   1780
   330    720      0   1780
   331    720      0   1780
   332    720      0   1780
   333    720      0   1780
   334    720      0   1780
   335    720      0   1780
   336    720      0   1780
   337    720      0   1780
   338    720      0   1780
   339    720      0   1780
   340    720      0   1780
   341    720      0   1780
   342    720      0   1780
   343    720      0   1780
   344    720      0   1780
   345    720      0   1780
   346    720      0   1780
   347    720      0   1780
   348    720      0   1780
   349    720      0   1780
   350    720      0   1780
   351    720      0   1780
   352    720      0   1780
   353    720      0   1780
   354    720      0   1780
   355    720      0   1780
   356    720      0   1780
   357    720      0   1780
   358    720      0   1780
   359    720      0   1780
   360    720      0   1780
   361    720      0   1780
   362    720      0   1780
   363    720      0   1780
   364    720      0   1780
   365    720      0   1780
   366    720      0   1780
   367    720      0   1780
   368    720      0   1780
   369    720      0   1780
   370    720      0   1780
   371    720      0   1780
   372    720      0   1780
   373    720      0   1780
   374    720      0   1780
   375    720      0   1780
   376    720      0   1780
   377    720      0   1780
   378    720      0   1780
   379    720      0   1780
   380    720      0   1780
   381    720      0   1780
   382    720      0   1780
   383    720      0   1780
   384    720      0   1780
   385    720      0   1780
   386    720      0   1780
   387    720      0   1780
   388    720      0   1780
   389    720      0   1780
   390    720      0   1780
   391    720      0   1780
   392    720      0   1780
   393    720      0   1780
   394    720      0   1780
   395    720      0   1780
   396    720      0   1780
   397    720      0   1780
   398    720      0   1780
   399    720      0   1780
   400    720      0   1780
   401    720      0   1780
   402    720      0   1780
   403    720      0   1780
   404    720      0   1780
   405    720      0   1780
   406    720      0   1780
   407    720      0   1780
   408    720      0   1780
   409    720      0   1780
   410    720      0   1780
   411    720      0   1780
   412    720      0   1780
   413    720      0   1780
   414    720      0   1780
   415    720      0   1780
   416    720      0   1780
   417    720      0   1780
   418    720      0   1780
   419    720      0   1780
   420    720      0   1780
   421    720      0   1780
   422    720      0   1780
   423    720      0   1780
   424    720      0   1780
   425    720      0   1780
   426    720      0   1780
   427    720      0   1780
   428    720      0   1780
   429    720      0   1780
   430    720      0   1780
   431    720      0   1780
   432    720      0   1780
   433    720      0   1780
   434    720      0   1780
   435    720      0   1780
   436    720      0   1780
   437    720      0   1780
   438    720      0   1780
   439    720      0   1780
   440    720      0   1780
   441    720      0   1780
   442    720      0   1780
   443    720      0   1780
   444    720      0   1780
   445    720      0   1780
   446    720      0   1780
   447    720      0   1780
   448    720      0   1780
   449    720      0   1780
   450    720      0   1780
   451    720      0   1780
   452    720      0   1780
   453    720      0   1780
   454    720      0   1780
   455    720      0   1780
   456    720      0   1780
   457    720      0   1780
   458    720      0   1780
   459    720      0   1780
   460    720      0   1780
   461    720      0   1780
   462    720      0   1780
   463    720      0   1780
   464    720      0   1780
   465    720      0   1780
   466    720      0   1780
   467    720      0   1780
   468    720      0   1780
   469    720      0   1780
   470    720      0   1780
   471    720      0   1780
   472    720      0   1780
   473    720      0   1780
   474    720      0   1780
   475    720      0   1780
   476    720      0   1780
   477    720      0   1780
   478    720      0   1780
   479    720      0   1780
   480    720      0   1780
   481    720      0   1780
   482    720      0   1780
   483    720      0   1780
   484    720      0   1780
   485    720      0   1780
   486    720      0   1780
   487    720      0   1780
   488    720      0   1780
   489    720      0   1780
   490    720      0   1780
   491    720      0   1780
   492    720      0   1780
   493    720      0   1780
   494    720      0   1780
   495    720      0   1780
   496    720      0   1780
   497    720      0   1780
   498    720      0   1780
   499    720      0   1780
   500    720      0   1780
   501    720      0   1780
   502    720      0   1780
   503    720      0   1780
   504    720      0   1780
   505    720      0   1780
   506    720      0   1780
   507    720      0   1780
   508    720      0   1780
   509    720      0   1780
   510    720      0   1780
   511    720      0   1780
   512    720      0   1780
   513    720      0   1780
   514    720      0   1780
   515    720      0   1780
   516    720      0   1780
   517    720      0   1780
   518    720      0   1780
   519    720      0   1780
   520    720      0   1780
   521    720      0   1780
   522    720      0   1780
   523    720      0   1780
   524    720      0   1780
   525    720      0   1780
   526    720      0   1780
   527    720      0   1780
   528    720      0   1780
   529    720      0   1780
   530    720      0   1780
   531    720      0   1780
   532    720      0   1780
   533    720      0   1780
   534    720      0   1780
   535    720      0   1780
   536    720      0   1780
   537    720      0   1780
   538    720      0   1780
   539    720      0   1780
   540    720      0   1780
   541    720      0   1780
   542    720      0   1780
   543    720      0   1780
   544    720      0   1780
   545    720      0   1780
   546    720      0   1780
   547    720      0   1780
   548    720      0   1780
   549    720      0   1780
   550    720      0   1780
   551    720      0   1780
   552    720      0   1780
   553    720      0   1780
   554    720      0   1780
   555    720      0   1780
   556    720      0   1780
   557    720      0   1780
   558    720      0   1780
   559    720      0   1780
   560    720      0   1780
   561    720      0   1780
   562    720      0   1780
   563    720      0   1780
   564    720      0   1780
   565    720      0   1780
   566    720      0   1780
   567    720      0   1780
   568    720      0   1780
   569    720      0   1780
   570    720      0   1780
   571    720      0   1780
   572    720      0   1780
   573    720      0   1780
   574    720      0   1780
   575    720      0   1780
   576    720      0   1780
   577    720      0   1780
   578    720      0   1780
   579    720      0   1780
   580    720      0   1780
   581    720      0   1780
   582    720      0   1780
   583    720      0   1780
   584    720      0   1780
   585    720      0   1780
   586    720      0   1780
   587    720      0   1780
   588    720      0   1780
   589    720      0   1780
   590    720      0   1780
   591    720      0   1780
   592    720      0   1780
   593    720      0   1780
   594    720      0   1780
   595    720      0   1780
   596    720      0   1780
   597    720      0   1780
   598    720      0   1780
   599    720      0   1780
   600    720      0   1780
   601    720      0   1780
   602    720      0   1780
   603    720      0   1780
   604    720      0   1780
   605    720      0   1780
   606    720      0   1780
   607    720      0   1780
   608    720      0   1780
   609    720      0   1780
   610    720      0   1780
   611    720      0   1780
   612    720      0   1780
   613    720      0   1780
   614    720      0   1780
   615    720      0   1780
   616    720      0   1780
   617    720      0   1780
   618    720      0   1780
   619    720      0   1780
   620    720      0   1780
   621    720      0   1780
   622    720      0   1780
   623    720      0   1780
   624    720      0   1780
   625    720      0   1780
   626    720      0   1780
   627    720      0   1780
   628    720      0   1780
   629    720      0   1780
   630    720      0   1780
   631    720      0   1780
   632    720      0   1780
   633    720      0   1780
   634    720      0   1780
   635    720      0   1780
   636    720      0   1780
   637    720      0   1780
   638    720      0   1780
   639    720      0   1780
   640    720      0   1780
   641    720      0   1780
   642    720      0   1780
   643    720      0   1780
   644    720      0   1780
   645    720      0   1780
   646    720      0   1780
   647    720      0   1780
   648    720      0   1780
   649    720      0   1780
   650    720      0   1780
   651    720      0   1780
   652    720      0   1780
   653    720      0   1780
   654    720      0   1780
   655    720      0   1780
   656    720      0   1780
   657    720      0   1780
   658    720      0   1780
   659    720      0   1780
   660    720      0   1780
   661    720      0   1780
   662    720      0   1780
   663    720      0   1780
   664    720      0   1780
   665    720      0   1780
   666    720      0   1780
   667    720      0   1780
   668    720      0   1780
   669    720      0   1780
   670    720      0   1780
   671    720      0   1780
   672    720      0   1780
   673    720      0   1780
   674    720      0   1780
   675    720      0   1780
   676    720      0   1780
   677    720      0   1780
   678    720      0   1780
   679    720      0   1780
   680    720      0   1780
   681    720      0   1780
   682    720      0   1780
   683    720      0   1780
   684    720      0   1780
   685    720      0   1780
   686    720      0   1780
   687    720      0   1780
   688    720      0   1780
   689    720      0   1780
   690    720      0   1780
   691    720      0   1780
   692    720      0   1780
   693    720      0   1780
   694    720      0   1780
   695    720      0   1780
   696    720      0   1780
   697    720      0   1780
   698    720      0   1780
   699    720      0   1780
   700    720      0   1780
   701    720      0   1780
   702    720      0   1780
   703    720      0   1780
   704    720      0   1780
   705    720      0   1780
   706    720      0   1780
   707    720      0   1780
   708    720      0   1780
   709    720      0   1780
   710    720      0   1780
   711    720      0   1780
   712    720      0   1780
   713    720      0   1780
   714    720      0   1780
   715    720      0   1780
   716    720      0   1780
   717    720      0   1780
   718    720      0   1780
   719    720      0   1780
   720    720      0   1780
   721    720      0   1780
   722    720      0   1780
   723    720      0   1780
   724    720      0   1780
   725    720      0   1780
   726    720      0   1780
   727    720      0   1780
   728    720      0   1780
   729    720      0   1780
   730    720      0   1780
   731    720      0   1780
   732    720      0   1780
   733    720      0   1780
   734    720      0   1780
   735    720      0   1780
   736    720      0   1780
   737    720      0   1780
   738    720      0   1780
   739    720      0   1780
   740    720      0   1780
   741    720      0   1780
   742    720      0   1780
   743    720      0   1780
   744    720      0   1780
   745    720      0   1780
   746    720      0   1780
   747    720      0   1780
   748    720      0   1780
   749    720      0   1780
   750    720      0   1780
   751    720      0   1780
   752    720      0   1780
   753    720      0   1780
   754    720      0   1780
   755    720      0   1780
   756    720      0   1780
   757    720      0   1780
   758    720      0   1780
   759    720      0   1780
   760    720      0   1780
   761    720      0   1780
   762    720      0   1780
   763    720      0   1780
   764    720      0   1780
   765    720      0   1780
   766    720      0   1780
   767    720      0   1780
   768    720      0   1780
   769    720      0   1780
   770    720      0   1780
   771    720      0   1780
   772    720      0   1780
   773    720      0   1780
   774    720      0   1780
   775    720      0   1780
   776    720      0   1780
   777    720      0   1780
   778    720      0   1780
   779    720      0   1780
   780    720      0   1780
   781    720      0   1780
   782    720      0   1780
   783    720      0   1780
   784    720      0   1780
   785    720      0   1780
   786    720      0   1780
   787    720      0   1780
   788    720      0   1780
   789    720      0   1780
   790    720      0   1780
   791    720      0   1780
   792    720      0   1780
   793    720      0   1780
   794    720      0   1780
   795    720      0   1780
   796    720      0   1780
   797    720      0   1780
   798    720      0   1780
   799    720      0   1780
   800    720      0   1780
   801    720      0   1780
   802    720      0   1780
   803    720      0   1780
   804    720      0   1780
   805    720      0   1780
   806    720      0   1780
   807    720      0   1780
   808    720      0   1780
   809    720      0   1780
   810    720      0   1780
   811    720      0   1780
   812    720      0   1780
   813    720      0   1780
   814    720      0   1780
   815    720      0   1780
   816    720      0   1780
   817    720      0   1780
   818    720      0   1780
   819    720      0   1780
   820    720      0   1780
   821    720      0   1780
   822    720      0   1780
   823    720      0   1780
   824    720      0   1780
   825    720      0   1780
   826    720      0   1780
   827    720      0   1780
   828    720      0   1780
   829    720      0   1780
   830    720      0   1780
   831    720      0   1780
   832    720      0   1780
   833    720      0   1780
   834    720      0   1780
   835    720      0   1780
   836    720      0   1780
   837    720      0   1780
   838    720      0   1780
   839    720      0   1780
   840    720      0   1780
   841    720      0   1780
   842    720      0   1780
   843    720      0   1780
   844    720      0   1780
   845    720      0   1780
   846    720      0   1780
   847    720      0   1780
   848    720      0   1780
   849    720      0   1780
   850    720      0   1780
   851    720      0   1780
   852    720      0   1780
   853    720      0   1780
   854    720      0   1780
   855    720      0   1780
   856    720      0   1780
   857    720      0   1780
   858    720      0   1780
   859    720      0   1780
   860    720      0   1780
   861    720      0   1780
   862    720      0   1780
   863    720      0   1780
   864    720      0   1780
   865    720      0   1780
   866    720      0   1780
   867    720      0   1780
   868    720      0   1780
   869    720      0   1780
   870    720      0   1780
   871    720      0   1780
   872    720      0   1780
   873    720      0   1780
   874    720      0   1780
   875    720      0   1780
   876    720      0   1780
   877    720      0   1780
   878    720      0   1780
   879    720      0   1780
   880    720      0   1780
   881    720      0   1780
   882    720      0   1780
   883    720      0   1780
   884    720      0   1780
   885    720      0   1780
   886    720      0   1780
   887    720      0   1780
   888    720      0   1780
   889    720      0   1780
   890    720      0   1780
   891    720      0   1780
   892    720      0   1780
   893    720      0   1780
   894    720      0   1780
   895    720      0   1780
   896    720      0   1780
   897    720      0   1780
   898    720      0   1780
   899    720      0   1780
   900    720      0   1780
   901    720      0   1780
   902    720      0   1780
   903    720      0   1780
   904    720      0   1780
   905    720      0   1780
   906    720      0   1780
   907    720      0   1780
   908    720      0   1780
   909    720      0   1780
   910    720      0   1780
   911    720      0   1780
   912    720      0   1780
   913    720      0   1780
   914    720      0   1780
   915    720      0   1780
   916    720      0   1780
   917    720      0   1780
   918    720      0   1780
   919    720      0   1780
   920    720      0   1780
   921    720      0   1780
   922    720      0   1780
   923    720      0   1780
   924    720      0   1780
   925    720      0   1780
   926    720      0   1780
   927    720      0   1780
   928    720      0   1780
   929    720      0   1780
   930    720      0   1780
   931    720      0   1780
   932    720      0   1780
   933    720      0   1780
   934    720      0   1780
   935    720      0   1780
   936    720      0   1780
   937    720      0   1780
   938    720      0   1780
   939    720      0   1780
   940    720      0   1780
   941    720      0   1780
   942    720      0   1780
   943    720      0   1780
   944    720      0   1780
   945    720      0   1780
   946    720      0   1780
   947    720      0   1780
   948    720      0   1780
   949    720      0   1780
   950    720      0   1780
   951    720      0   1780
   952    720      0   1780
   953    720      0   1780
   954    720      0   1780
   955    720      0   1780
   956    720      0   1780
   957    720      0   1780
   958    720      0   1780
   959    720      0   1780
   960    720      0   1780
   961    720      0   1780
   962    720      0   1780
   963    720      0   1780
   964    720      0   1780
   965    720      0   1780
   966    720      0   1780
   967    720      0   1780
   968    720      0   1780
   969    720      0   1780
   970    720      0   1780
   971    720      0   1780
   972    720      0   1780
   973    720      0   1780
   974    720      0   1780
   975    720      0   1780
   976    720      0   1780
   977    720      0   1780
   978    720      0   1780
   979    720      0   1780
   980    720      0   1780
   981    720      0   1780
   982    720      0   1780
   983    720      0   1780
   984    720      0   1780
   985    720      0   1780
   986    720      0   1780
   987    720      0   1780
   988    720      0   1780
   989    720      0   1780
   990    720      0   1780
   991    720      0   1780
   992    720      0   1780
   993    720      0   1780
   994    720      0   1780
   995    720      0   1780
   996    720      0   1780
   997    720      0   1780
   998    720      0   1780
   999    720      0   1780
  1000    720      0   1780
