# time (sweeps) | Susceptible | Infected | Recovered
     0   1074    618    808
     1   1088    652    760
     2   1058    646    796
     3   1033    647    820
     4   1024    643    833
     5   1051    644    805
     6   1048    651    801
     7   1044    644    812
     8   1037    629    834
     9   1026    634    840
    10   1057    617    826
    11    999    664    837
    12    984    664    852
    13    979    679    842
    14   1027    603    870
    15   1035    566    899
    16   1077    559    864
    17   1135    555    810
    18   1143    565    792
    19   1096    617    787
    20   1082    644    774
    21   1061    630    809
    22   1037    666    797
    23   1030    648    822
    24    994    672    834
    25   1006    637    857
    26   1057    556    887
    27   1093    576    831
    28   1139    576    785
    29   1159    567    774
    30   1143    569    788
    31   1159    577    764
    32   1156    547    797
    33   1139    585    776
    34   1127    587    786
    35   1126    603    771
    36   1072    634    794
    37    995    695    810
    38   1009    648    843
    39    996    650    854
    40   1028    629    843
    41   1097    606    797
    42   1075    621    804
    43   1058    604    838
    44   1050    607    843
    45   1053    589    858
    46   1071    549    880
    47   1121    543    836
    48   1120    566    814
    49   1105    568    827
    50   1151    547    802
    51   1137    538    825
    52   1151    535    814
    53   1186    547    767
    54   1194    571    735
    55   1202    566    732
    56   1118    641    741
    57   1061    669    770
    58   1013    672    815
    59   1002    654    844
    60   1001    657    842
    61    976    657    867
    62    983    659    858
    63   1003    648    849
    64   1017    647    836
    65   1022    599    879
    66   1044    584    872
    67   1081    566    853
    68   1102    578    820
    69   1125    557    818
    70   1126    581    793
    71   1127    568    805
    72   1094    595    811
    73   1088    630    782
    74   1050    626    824
    75   1068    603    829
    76   1046    638    816
    77   1012    629    859
    78   1005    647    848
    79   1023    615    862
    80   1034    621    845
    81   1036    636    828
    82   1042    642    816
    83   1022    663    815
    84   1007    651    842
    85   1013    635    852
    86   1023    642    835
    87   1007    630    863
    88   1034    628    838
    89   1028    620    852
    90   1016    636    848
    91    996    682    822
    92    947    670    883
    93   1004    633    863
    94    997    653    850
    95   1025    613    862
    96   1043    616    841
    97   1047    632    821
    98   1045    629    826
    99   1026    647    827
   100   1048    612    840
   101   1026    655    819
   102   1006    676    818
   103    955    706    839
   104    964    656    880
   105    973    616    911
   106   1002    610    888
   107   1018    601    881
   108   1064    569    867
   109   1095    588    817
   110   1101    573    826
   111   1100    580    820
   112   1072    600    828
   113   1076    569    855
   114   1127    555    818
   115   1154    555    791
   116   1131    572    797
   117   1103    610    787
   118   1135    603    762
   119   1132    607    761
   120   1124    596    780
   121   1125    604    771
   122   1094    649    757
   123   1063    664    773
   124   1002    697    801
   125   1012    658    830
   126   1023    629    848
   127   1013    631    856
   128   1040    595    865
   129   1071    613    816
   130   1069    635    796
   131   1031    640    829
   132   1056    601    843
   133   1113    543    844
   134   1156    528    816
   135   1162    532    806
   136   1162    566    772
   137   1156    616    728
   138   1128    621    751
   139   1075    611    814
   140   1056    626    818
   141   1076    612    812
   142   1051    618    831
   143   1075    600    825
   144   1105    614    781
   145   1103    591    806
   146   1061    611    828
   147   1089    608    803
   148   1086    619    795
   149   1086    603    811
   150   1067    613    820
   151   1043    658    799
   152   1010    652    838
   153   1018    648    834
   154   1018    648    834
   155   1029    629    842
   156   1040    597    863
   157   1044    583    873
   158   1099    563    838
   159   1082    618    800
   160   1019    641    840
   161   1053    610    837
   162   1028    644    828
   163   1054    600    846
   164   1094    560    846
   165   1081    579    840
   166   1107    584    809
   167   1063    627    810
   168   1079    616    805
   169   1073    596    831
   170   1059    628    813
   171   1029    634    837
   172   1021    637    842
   173   1064    589    847
   174   1043    618    839
   175   1032    624    844
   176    971    643    886
   177   1017    617    866
   178   1021    637    842
   179   1041    628    831
   180   1043    640    817
   181   1023    636    841
   182   1029    631    840
   183   1020    614    866
   184   1034    623    843
   185   1036    621    843
   186   1063    618    819
   187   1098    605    797
   188   1081    602    817
   189   1112    595    793
   190   1149    573    778
   191   1140    560    800
   192   1124    580    796
   193   1125    585    790
   194   1130    592    778
   195   1118    597    785
   196   1147    582    771
   197   1123    574    803
   198   1125    581    794
   199   1118    597    785
   200   1098    606    796
   201   1013    667    820
   202   1001    628    871
   203   1040    614    846
   204   1008    651    841
   205   1036    663    801
   206   1031    650    819
   207   1023    625    852
   208    998    685    817
   209   1011    634    855
   210   1044    610    846
   211   1006    645    849
   212   1032    647    821
   213   1032    613    855
   214   1023    615    862
   215   1056    590    854
   216   1061    616    823
   217   1052    627    821
   218   1006    679    815
   219    967    688    845
   220    958    679    863
   221    959    624    917
   222   1003    615    882
   223   1042    581    877
   224   1057    587    856
   225   1102    595    803
   226   1089    583    828
   227   1071    580    849
   228   1136    547    817
   229   1187    546    767
   230   1168    558    774
   231   1158    546    796
   232   1163    573    764
   233   1192    552    756
   234   1170    576    754
   235   1155    586    759
   236   1128    595    777
   237   1101    578    821
   238   1098    603    799
   239   1078    635    787
   240   1023    678    799
   241   1030    638    832
   242   1034    638    828
   243   1048    635    817
   244   1010    620    870
   245   1034    618    848
   246   1059    597    844
   247   1053    607    840
   248   1082    604    814
   249   1075    592    833
   250   1041    654    805
   251   1041    647    812
   252   1021    645    834
   253   1033    610    857
   254   1086    576    838
   255   1063    599    838
   256   1086    611    803
   257   1102    593    805
   258   1105    584    811
   259   1087    597    816
   260   1075    601    824
   261   1076    569    855
   262   1067    614    819
   263   1053    607    840
   264   1055    589    856
   265   1080    616    804
   266   1046    613    841
   267   1085    566    849
   268   1093    581    826
   269   1112    568    820
   270   1066    613    821
   271   1087    593    820
   272   1059    604    837
   273   1112    562    826
   274   1116    559    825
   275   1128    571    801
   276   1145    558    797
   277   1116    593    791
   278   1089    603    808
   279   1112    585    803
   280   1068    613    819
   281   1065    624    811
   282   1036    652    812
   283   1033    651    816
   284   1059    596    845
   285   1037    614    849
   286   1046    628    826
   287   1038    635    827
   288   1063    617    820
   289   1038    626    836
   290   1028    638    834
   291   1015    638    847
   292   1066    592    842
   293   1063    609    828
   294   1079    609    812
   295   1072    610    818
   296   1063    619    818
   297   1028    653    819
   298   1021    631    848
   299   1028    630    842
   300   1081    607    812
   301   1077    594    829
   302   1098    579    823
   303   1090    590    820
   304   1082    568    850
   305   1092    592    816
   306   1066    631    803
   307   1048    625    827
   308   1036    623    841
   309   1040    616    844
   310   1052    608    840
   311   1035    665    800
   312   1021    635    844
   313   1068    578    854
   314   1073    572    855
   315   1082    567    851
   316   1075    588    837
   317   1097    588    815
   318   1122    594    784
   319   1113    604    783
   320   1055    626    819
   321   1086    620    794
   322   1114    588    798
   323   1097    568    835
   324   1097    604    799
   325   1085    626    789
   326   1067    634    799
   327   1067    612    821
   328   1120    575    805
   329   1110    569    821
   330   1127    555    818
   331   1078    594    828
   332   1098    571    831
   333   1134    529    837
   334   1176    538    786
   335   1133    598    769
   336   1134    573    793
   337   1190    539    771
   338   1164    582    754
   339   1155    583    762
   340   1123    609    768
   341   1103    612    785
   342   1076    613    811
   343   1081    619    800
   344   1034    663    803
   345   1036    640    824
   346   1019    636    845
   347   1039    594    867
   348   1070    618    812
   349   1055    631    814
   350   1057    625    818
   351   1052    634    814
   352   1044    597    859
   353   1073    591    836
   354   1132    598    770
   355   1101    625    774
   356   1074    620    806
   357   1024    640    836
   358   1083    595    822
   359   1096    609    795
   360   1087    636    777
   361   1097    621    782
   362   1089    604    807
   363   1099    587    814
   364   1114    577    809
   365   1113    568    819
   366   1143    529    828
   367   1183    521    796
   368   1142    566    792
   369   1098    616    786
   370   1114    586    800
   371   1145    559    796
   372   1140    573    787
   373   1111    598    791
   374   1115    592    793
   375   1114    594    792
   376   1092    619    789
   377   1101    592    807
   378   1101    618    781
   379   1092    608    800
   380   1096    610    794
   381   1086    602    812
   382   1109    579    812
   383   1102    566    832
   384   1083    606    811
   385   1089    616    795
   386   1033    622    845
   387   1041    621    838
   388   1083    578    839
   389   1110    587    803
   390   1137    596    767
   391   1095    618    787
   392   1106    577    817
   393   1123    576    801
   394   1085    599    816
   395   1081    607    812
   396   1054    639    807
   397   1084    598    818
   398   1097    599    804
   399   1110    597    793
   400   1136    583    781
   401   1151    613    736
   402   1089    651    760
   403   1060    672    768
   404   1014    660    826
   405   1020    616    864
   406   1054    604    842
   407   1066    616    818
   408   1063    617    820
   409   1077    621    802
   410   1057    637    806
   411   1029    618    853
   412   1036    619    845
   413   1055    632    813
   414   1080    604    816
   415   1095    599    806
   416   1107    579    814
   417   1130    578    792
   418   1124    589    787
   419   1116    591    793
   420   1113    587    800
   421   1069    640    791
   422   1026    692    782
   423    981    679    840
   424    978    675    847
   425    991    673    836
   426    982    666    852
   427    967    673    860
   428    953    683    864
   429    966    690    844
   430    976    673    851
   431    971    675    854
   432    982    668    850
   433    980    674    846
   434    985    634    881
   435    997    623    880
   436   1018    612    870
   437   1076    608    816
   438   1026    628    846
   439   1067    593    840
   440   1086    591    823
   441   1050    604    846
   442   1069    597    834
   443   1084    597    819
   444   1094    568    838
   445   1066    619    815
   446   1063    600    837
   447   1039    630    831
   448   1083    610    807
   449   1058    610    832
   450   1050    626    824
   451   1053    624    823
   452   1013    658    829
   453   1017    640    843
   454   1028    627    845
   455   1042    613    845
   456   1078    584    838
   457   1094    586    820
   458   1067    623    810
   459   1039    665    796
   460    981    685    834
   461    968    666    866
   462    973    673    854
   463    935    669    896
   464    966    655    879
   465    991    637    872
   466   1021    603    876
   467   1040    591    869
   468   1087    590    823
   469   1086    609    805
   470   1071    607    822
   471   1029    622    849
   472   1015    685    800
   473    984    661    855
   474    986    666    848
   475   1000    649    851
   476    968    668    864
   477    969    685    846
   478    938    661    901
   479   1010    621    869
   480   1070    598    832
   481   1070    584    846
   482   1076    603    821
   483   1043    632    825
   484   1072    600    828
   485   1077    605    818
   486   1066    660    774
   487    999    704    797
   488    959    688    853
   489   1011    647    842
   490    994    631    875
   491   1000    608    892
   492   1018    607    875
   493   1010    606    884
   494   1012    596    892
   495   1035    605    860
   496   1035    624    841
   497   1025    621    854
   498   1013    616    871
   499   1008    649    843
   500   1055    605    840
   501   1036    610    854
   502   1039    612    849
   503   1037    627    836
   504   1028    640    832
   505   1033    658    809
   506   1028    672    800
   507   1050    634    816
   508   1053    631    816
   509   1035    639    826
   510   1004    671    825
   511    960    698    842
   512    947    680    873
   513    979    658    863
   514   1017    613    870
   515   1014    614    872
   516   1041    599    860
   517   1058    558    884
   518   1097    593    810
   519   1067    621    812
   520   1067    620    813
   521   1087    620    793
   522   1092    610    798
   523   1089    597    814
   524   1082    622    796
   525   1067    626    807
   526   1043    620    837
   527   1039    616    845
   528   1097    574    829
   529   1079    620    801
   530   1039    621    840
   531    994    641    865
   532   1017    632    851
   533    972    670    858
   534   1019    620    861
   535   1061    600    839
   536   1062    615    823
   537   1053    629    818
   538   1080    559    861
   539   1124    559    817
   540   1066    625    809
   541   1055    618    827
   542   1068    611    821
   543   1063    621    816
   544   1086    629    785
   545   1015    651    834
   546    990    652    858
   547   1019    612    869
   548   1014    564    922
   549   1065    557    878
   550   1072    552    876
   551   1096    574    830
   552   1091    582    827
   553   1113    567    820
   554   1100    609    791
   555   1114    567    819
   556   1118    614    768
   557   1071    643    786
   558   1056    647    797
   559   1035    663    802
   560   1014    676    810
   561   1034    661    805
   562   1028    617    855
   563   1033    605    862
   564   1098    555    847
   565   1084    578    838
   566   1116    554    830
   567   1133    562    805
   568   1108    592    800
   569   1085    590    825
   570   1085    606    809
   571   1093    608    799
   572   1058    611    831
   573   1036    628    836
   574   1035    617    848
   575   1085    612    803
   576   1078    566    856
   577   1096    566    838
   578   1086    604    810
   579   1106    603    791
   580   1114    568    818
   581   1136    554    810
   582   1182    529    789
   583   1201    537    762
   584   1164    582    754
   585   1142    595    763
   586   1151    585    764
   587   1136    578    786
   588   1148    567    785
   589   1103    613    784
   590   1106    594    800
   591   1128    579    793
   592   1125    595    780
   593   1124    626    750
   594   1079    624    797
   595   1086    619    795
   596   1046    607    847
   597   1052    606    842
   598   1064    581    855
   599   1040    597    863
   600   1057    607    836
   601   1064    596    840
   602   1094    575    831
   603   1114    556    830
   604   1137    562    801
   605   1119    567    814
   606   1132    589    779
   607   1138    578    784
   608   1102    613    785
   609   1092    600    808
   610   1089    574    837
   611   1107    571    822
   612   1097    596    807
   613   1132    588    780
   614   1147    567    786
   615   1075    625    800
   616   1073    608    819
   617   1050    645    805
   618   1058    631    811
   619   1057    639    804
   620   1078    603    819
   621   1065    649    786
   622   1039    655    806
   623   1049    642    809
   624   1036    667    797
   625   1021    679    800
   626   1001    660    839
   627    984    627    889
   628   1000    639    861
   629   1034    603    863
   630   1037    648    815
   631   1046    617    837
   632   1028    630    842
   633   1036    613    851
   634   1055    584    861
   635   1077    584    839
   636   1110    559    831
   637   1122    578    800
   638   1115    590    795
   639   1136    591    773
   640   1139    565    796
   641   1143    591    766
   642   1141    577    782
   643   1114    596    790
   644   1133    562    805
   645   1138    589    773
   646   1124    599    777
   647   1093    640    767
   648   1050    642    808
   649   1062    650    788
   650   1016    673    811
   651    966    690    844
   652    974    662    864
   653   1003    642    855
   654    994    639    867
   655   1024    637    839
   656   1013    649    838
   657    988    643    869
   658   1029    592    879
   659   1070    578    852
   660   1064    595    841
   661   1088    576    836
   662   1088    601    811
   663   1085    597    818
   664   1091    590    819
   665   1104    600    796
   666   1095    615    790
   667   1098    610    792
   668   1095    611    794
   669   1091    624    785
   670   1078    597    825
   671   1096    594    810
   672   1075    622    803
   673   1073    579    848
   674   1046    614    840
   675   1073    579    848
   676   1121    576    803
   677   1127    583    790
   678   1082    622    796
   679   1094    589    817
   680   1063    616    821
   681   1086    612    802
   682   1089    654    757
   683   1102    598    800
   684   1111    592    797
   685   1089    607    804
   686   1090    583    827
   687   1098    574    828
   688   1115    564    821
   689   1102    614    784
   690   1102    593    805
   691   1096    630    774
   692   1047    664    789
   693    998    676    826
   694   1040    654    806
   695   1013    666    821
   696   1018    643    839
   697   1029    620    851
   698   1018    654    828
   699   1018    644    838
   700   1023    641    836
   701   1035    598    867
   702   1083    594    823
   703   1079    591    830
   704   1122    567    811
   705   1119    595    786
   706   1136    569    795
   707   1165    556    779
   708   1172    547    781
   709   1172    580    748
   710   1139    598    763
   711   1139    571    790
   712   1137    577    786
   713   1124    586    790
   714   1152    576    772
   715   1140    569    791
   716   1150    573    777
   717   1124    597    779
   718   1115    609    776
   719   1133    577    790
   720   1166    576    758
   721   1147    585    768
   722   1145    543    812
   723   1123    553    824
   724   1105    585    810
   725   1112    570    818
   726   1088    565    847
   727   1098    575    827
   728   1119    576    805
   729   1089    619    792
   730   1054    620    826
   731   1061    627    812
   732   1003    699    798
   733    960    702    838
   734    973    614    913
   735   1026    603    871
   736   1079    587    834
   737   1104    577    819
   738   1091    607    802
   739   1045    661    794
   740   1026    652    822
   741    977    650    873
   742    971    620    909
   743   1021    585    894
   744   1054    588    858
   745   1090    571    839
   746   1079    601    820
   747   1046    626    828
   748   1078    599    823
   749   1037    668    795
   750   1017    649    834
   751   1009    659    832
   752   1033    637    830
   753   1031    639    830
   754    994    652    854
   755   1010    621    869
   756   1021    593    886
   757   1073    580    847
   758   1079    610    811
   759   1066    610    824
   760   1072    622    806
   761   1097    608    795
   762   1111    597    792
   763   1139    579    782
   764   1152    572    776
   765   1157    590    753
   766   1129    618    753
   767   1090    653    757
   768   1049    682    769
   769   1003    707    790
   770    965    689    846
   771    989    669    842
   772   1014    635    851
   773   1041    644    815
   774   1012    653    835
   775   1038    622    840
   776   1014    624    862
   777   1046    609    845
   778   1018    665    817
   779    993    653    854
   780    954    660    886
   781   1012    634    854
   782   1012    648    840
   783   1016    655    829
   784    990    630    880
   785    987    640    873
   786    961    672    867
   787    961    676    863
   788    951    685    864
   789    986    665    849
   790   1003    607    890
   791   1024    601    875
   792   1024    600    876
   793   1035    629    836
   794   1080    605    815
   795   1084    616    800
   796   1078    597    825
   797   1093    573    834
   798   1090    594    816
   799   1115    567    818
   800   1123    608    769
   801   1101    618    781
   802   1113    601    786
   803   1130    586    784
   804   1123    589    788
   805   1089    589    822
   806   1117    564    819
   807   1134    566    800
   808   1117    565    818
   809   1140    560    800
   810   1161    551    788
   811   1132    592    776
   812   1125    585    790
   813   1122    579    799
   814   1102    602    796
   815   1129    573    798
   816   1134    592    774
   817   1116    605    779
   818   1107    605    788
   819   1086    633    781
   820   1075    639    786
   821   1061    631    808
   822   1093    629    778
   823   1051    680    769
   824   1020    670    810
   825    983    662    855
   826    964    640    896
   827   1019    600    881
   828   1110    529    861
   829   1148    510    842
   830   1164    533    803
   831   1153    536    811
   832   1162    541    797
   833   1134    585    781
   834   1142    569    789
   835   1096    618    786
   836   1092    580    828
   837   1075    614    811
   838   1032    643    825
   839   1048    622    830
   840   1061    609    830
   841   1099    590    811
   842   1110    611    779
   843   1087    601    812
   844   1088    598    814
   845   1076    611    813
   846   1111    583    806
   847   1127    601    772
   848   1069    652    779
   849   1050    621    829
   850   1066    607    827
   851   1064    617    819
   852   1063    599    838
   853   1089    625    786
   854   1054    653    793
   855   1021    663    816
   856    980    656    864
   857    997    642    861
   858   1005    606    889
   859   1045    613    842
   860   1089    583    828
   861   1091    612    797
   862   1095    583    822
   863   1100    611    789
   864   1056    620    824
   865   1030    660    810
   866   1029    629    842
   867   1046    610    844
   868   1012    660    828
   869    968    700    832
   870    953    702    845
   871    988    634    878
   872   1029    579    892
   873   1047    610    843
   874   1088    580    832
   875   1098    575    827
   876   1124    561    815
   877   1131    595    774
   878   1093    616    791
   879   1073    643    784
   880   1053    634    813
   881   1011    667    822
   882   1008    661    831
   883    957    713    830
   884    983    658    859
   885    999    678    823
   886   1007    646    847
   887    988    648    864
   888    990    632    878
   889   1033    614    853
   890   1046    610    844
   891   1078    600    822
   892   1089    626    785
   893   1061    661    778
   894   1070    628    802
   895   1036    646    818
   896   1052    625    823
   897   1073    597    830
   898   1053    575    872
   899   1082    563    855
   900   1116    571    813
   901   1140    568    792
   902   1114    583    803
   903   1120    576    804
   904   1141    581    778
   905   1124    585    791
   906   1108    585    807
   907   1133    576    791
   908   1174    571    755
   909   1155    585    760
   910   1100    619    781
   911   1116    583    801
   912   1136    593    771
   913   1090    619    791
   914   1087    619    794
   915   1057    621    822
   916   1069    597    834
   917   1073    608    819
   918   1040    662    798
   919   1006    672    822
   920    999    670    831
   921   1004    655    841
   922   1004    600    896
   923   1048    606    846
   924   1059    606    835
   925   1053    626    821
   926   1078    619    803
   927   1081    621    798
   928   1096    606    798
   929   1068    592    840
   930   1045    643    812
   931   1071    623    806
   932   1048    642    810
   933   1076    623    801
   934   1051    645    804
   935   1025    631    844
   936   1030    628    842
   937   1047    627    826
   938   1027    623    850
   939   1039    612    849
   940   1087    583    830
   941   1043    646    811
   942   1024    659    817
   943   1032    617    851
   944   1066    603    831
   945   1075    590    835
   946   1087    573    840
   947   1126    561    813
   948   1119    598    783
   949   1130    599    771
   950   1127    587    786
   951   1118    599    783
   952   1070    655    775
   953   1091    617    792
   954   1078    626    796
   955   1035    676    789
   956    980    694    826
   957    967    650    883
   958    970    667    863
   959   1012    634    854
   960   1052    612    836
   961   1029    614    857
   962   1054    602    844
   963   1092    611    797
   964   1045    638    817
   965   1064    633    803
   966   1039    652    809
   967   1060    615    825
   968   1075    599    826
   969   1058    601    841
   970   1083    555    862
   971   1116    573    811
   972   1109    595    796
   973   1137    580    783
   974   1138    570    792
   975   1127    583    790
   976   1096    610    794
   977   1083    645    772
   978   1025    670    805
   979   1031    659    810
   980   1038    632    830
   981   1053    618    829
   982   1056    596    848
   983   1107    576    817
   984   1120    605    775
   985   1160    559    781
   986   1162    602    736
   987   1158    603    739
   988   1074    657    769
   989   1046    610    844
   990   1069    568    863
   991   1082    610    808
   992   1097    590    813
   993   1085    621    794
   994   1101    596    803
   995   1085    591    824
   996   1108    576    816
   997   1137    560    803
   998   1103    619    778
   999   1087    586    827
  1000   1086    589    825
