# time (sweeps) | Susceptible | Infected | Recovered
     0    820    918    762
     1    791    916    793
     2    793    940    767
     3    733    955    812
     4    784    933    783
     5    737    986    777
     6    768    979    753
     7    759    948    793
     8    779    895    826
     9    829    923    748
    10    788    928    784
    11    768    942    790
    12    738    965    797
    13    765    933    802
    14    791    936    773
    15    820    896    784
    16    789    910    801
    17    856    870    774
    18    869    900    731
    19    829    922    749
    20    844    908    748
    21    797    937    766
    22    784    955    761
    23    765    968    767
    24    736    977    787
    25    776    925    799
    26    796    901    803
    27    783    922    795
    28    805    919    776
    29    812    935    753
    30    798    945    757
    31    811    946    743
    32    821    932    747
    33    752    956    792
    34    762    946    792
    35    777    923    800
    36    761    930    809
    37    809    905    786
    38    808    930    762
    39    789    927    784
    40    826    903    771
    41    829    870    801
    42    865    889    746
    43    856    901    743
    44    853    915    732
    45    796    925    779
    46    805    909    786
    47    787    950    763
    48    854    899    747
    49    802    925    773
    50    844    918    738
    51    815    903    782
    52    808    913    779
    53    779    925    796
    54    828    887    785
    55    754    941    805
    56    753    955    792
    57    796    947    757
    58    805    921    774
    59    788    927    785
    60    787    945    768
    61    782    931    787
    62    792    939    769
    63    792    903    805
    64    757    942    801
    65    804    957    739
    66    802    935    763
    67    783    973    744
    68    807    943    750
    69    776    929    795
    70    808    898    794
    71    816    939    745
    72    794    952    754
    73    775    947    778
    74    785    937    778
    75    795    980    725
    76    758    965    777
    77    825    901    774
    78    862    885    753
    79    855    895    750
    80    850    896    754
    81    816    904    780
    82    816    906    778
    83    801    941    758
    84    805    917    778
    85    820    937    743
    86    771    997    732
    87    809    926    765
    88    743    947    810
    89    742    962    796
    90    769    939    792
    91    808    909    783
    92    832    916    752
    93    845    896    759
    94    800    900    800
    95    839    886    775
    96    835    897    768
    97    815    892    793
    98    825    898    777
    99    809    913    778
   100    807    947    746
   101    784    923    793
   102    836    903    761
   103    829    888    783
   104    831    914    755
   105    821    939    740
   106    808    934    758
   107    790    936    774
   108    754    975    771
   109    783    949    768
   110    794    926    780
   111    796    888    816
   112    844    912    744
   113    754    936    810
   114    812    929    759
   115    825    925    750
   116    810    928    762
   117    796    958    746
   118    777    954    769
   119    813    928    759
   120    765    966    769
   121    792    943    765
   122    801    937    762
   123    808    929    763
   124    784    949    767
   125    758    974    768
   126    716    973    811
   127    731    951    818
   128    788    913    799
   129    828    897    775
   130    805    911    784
   131    837    898    765
   132    818    907    775
   133    797    928    775
   134    797    943    760
   135    783    974    743
   136    761    958    781
   137    767    939    794
   138    796    897    807
   139    819    902    779
   140    808    914    778
   141    825    903    772
   142    862    921    717
   143    781    950    769
   144    774    935    791
   145    753    934    813
   146    795    935    770
   147    792    936    772
   148    769    928    803
   149    827    887    786
   150    823    912    765
   151    790    971    739
   152    744    987    769
   153    744    960    796
   154    710    991    799
   155    748    948    804
   156    742    958    800
   157    729    981    790
   158    739    944    817
   159    768    903    829
   160    795    905    800
   161    795    881    824
   162    803    883    814
   163    825    876    799
   164    850    895    755
   165    817    892    791
   166    830    899    771
   167    850    874    776
   168    801    951    748
   169    803    948    749
   170    827    914    759
   171    795    945    760
   172    813    932    755
   173    805    950    745
   174    796    931    773
   175    812    886    802
   176    829    912    759
   177    780    953    767
   178    825    901    774
   179    851    923    726
   180    786    927    787
   181    766    911    823
   182    789    891    820
   183    787    917    796
   184    784    942    774
   185    780    927    793
   186    765    981    754
   187    745    955    800
   188    807    923    770
   189    782    936    782
   190    777    942    781
   191    800    926    774
   192    800    936    764
   193    771    932    797
   194    790    951    759
   195    790    931    779
   196    777    926    797
   197    811    895    794
   198    884    883    733
   199    858    914    728
   200    830    907    763
   201    799    953    748
   202    776    978    746
   203    768    975    757
   204    772    936    792
   205    734    981    785
   206    811    928    761
   207    788    962    750
   208    782    978    740
   209    751    946    803
   210    786    932    782
   211    803    932    765
   212    746    993    761
   213    781    965    754
   214    782    952    766
   215    801    923    776
   216    815    918    767
   217    799    951    750
   218    801    944    755
   219    738   1004    758
   220    758    977    765
   221    764    953    783
   222    801    925    774
   223    791    909    800
   224    823    830    847
   225    855    855    790
   226    851    915    734
   227    806    968    726
   228    790    998    712
   229    780    985    735
   230    773    973    754
   231    740    969    791
   232    801    894    805
   233    790    919    791
   234    800    938    762
   235    783    942    775
   236    775    964    761
   237    774    960    766
   238    809    917    774
   239    835    924    741
   240    773    931    796
   241    787    936    777
   242    769    967    764
   243    779    915    806
   244    772    940    788
   245    768    951    781
   246    793    921    786
   247    780    938    782
   248    772    921    807
   249    762    931    807
   250    757    919    824
   251    774    930    796
   252    761    944    795
   253    784    933    783
   254    771    959    770
   255    816    885    799
   256    799    926    775
   257    805    938    757
   258    827    929    744
   259    856    871    773
   260    857    878    765
   261    867    916    717
   262    854    925    721
   263    791    998    711
   264    795    963    742
   265    766    977    757
   266    752    945    803
   267    794    925    781
   268    807    896    797
   269    797    942    761
   270    775    955    770
   271    762    948    790
   272    818    914    768
   273    755    984    761
   274    771    943    786
   275    767    909    824
   276    773    896    831
   277    811    912    777
   278    827    902    771
   279    794    914    792
   280    790    931    779
   281    824    915    761
   282    822    906    772
   283    798    911    791
   284    822    902    776
   285    807    906    787
   286    791    895    814
   287    848    892    760
   288    828    913    759
   289    812    890    798
   290    769    948    783
   291    771    960    769
   292    754    956    790
   293    780    921    799
   294    780    934    786
   295    798    917    785
   296    855    901    744
   297    797    957    746
   298    785    949    766
   299    773    987    740
   300    751    953    796
   301    778    935    787
   302    773    948    779
   303    819    892    789
   304    806    913    781
   305    756    951    793
   306    741    964    795
   307    766    950    784
   308    765    982    753
   309    751    970    779
   310    769    947    784
   311    759    968    773
   312    761    952    787
   313    778    943    779
   314    784    917    799
   315    815    931    754
   316    778    950    772
   317    814    913    773
   318    828    901    771
   319    847    908    745
   320    823    941    736
   321    792    988    720
   322    770    972    758
   323    744    967    789
   324    748    971    781
   325    768    949    783
   326    778    905    817
   327    807    915    778
   328    839    897    764
   329    812    916    772
   330    812    896    792
   331    862    882    756
   332    841    880    779
   333    848    904    748
   334    807    922    771
   335    818    953    729
   336    799    963    738
   337    791    968    741
   338    788    948    764
   339    746    989    765
   340    761    960    779
   341    811    922    767
   342    819    908    773
   343    815    910    775
   344    869    887    744
   345    853    903    744
   346    858    893    749
   347    806    927    767
   348    789    925    786
   349    785    920    795
   350    803    945    752
   351    793    925    782
   352    835    932    733
   353    779    952    769
   354    781    954    765
   355    826    900    774
   356    811    898    791
   357    832    880    788
   358    799    951    750
   359    807    937    756
   360    825    911    764
   361    794    936    770
   362    799    930    771
   363    783    978    739
   364    768    973    759
   365    755    966    779
   366    750    932    818
   367    788    924    788
   368    788    915    797
   369    760    930    810
   370    785    932    783
   371    801    928    771
   372    841    900    759
   373    805    944    751
   374    805    967    728
   375    787    975    738
   376    794    991    715
   377    774    967    759
   378    817    927    756
   379    797    969    734
   380    810    932    758
   381    780    921    799
   382    793    920    787
   383    822    932    746
   384    791    960    749
   385    811    926    763
   386    809    928    763
   387    797    930    773
   388    832    924    744
   389    799    931    770
   390    762    964    774
   391    792    932    776
   392    777    983    740
   393    754   1003    743
   394    733    975    792
   395    771    987    742
   396    745   1000    755
   397    747    957    796
   398    763    938    799
   399    763    974    763
   400    753    981    766
   401    730    996    774
   402    722    989    789
   403    773    924    803
   404    830    904    766
   405    814    902    784
   406    773    926    801
   407    783    885    832
   408    778    936    786
   409    790    905    805
   410    743    964    793
   411    777    955    768
   412    788    948    764
   413    820    921    759
   414    760    958    782
   415    792    900    808
   416    822    894    784
   417    810    903    787
   418    827    919    754
   419    803    961    736
   420    789    933    778
   421    760    930    810
   422    800    926    774
   423    814    897    789
   424    850    913    737
   425    775    940    785
   426    799    916    785
   427    817    929    754
   428    770    956    774
   429    773    945    782
   430    749    943    808
   431    814    897    789
   432    816    943    741
   433    786    912    802
   434    820    889    791
   435    774    951    775
   436    765    935    800
   437    770    946    784
   438    796    926    778
   439    787    935    778
   440    764    931    805
   441    770    938    792
   442    749    920    831
   443    804    911    785
   444    777    934    789
   445    765    968    767
   446    786    943    771
   447    726   1015    759
   448    748    996    756
   449    769    962    769
   450    799    894    807
   451    791    913    796
   452    846    931    723
   453    819    911    770
   454    825    933    742
   455    807    915    778
   456    780    948    772
   457    816    910    774
   458    780    938    782
   459    788    941    771
   460    825    971    704
   461    770    968    762
   462    779    947    774
   463    795    920    785
   464    816    880    804
   465    834    871    795
   466    813    914    773
   467    797    935    768
   468    758    970    772
   469    783    943    774
   470    790    954    756
   471    830    915    755
   472    789    903    808
   473    814    930    756
   474    825    952    723
   475    762    978    760
   476    786    934    780
   477    757    950    793
   478    797    910    793
   479    831    914    755
   480    792    953    755
   481    775    995    730
   482    782    942    776
   483    791    922    787
   484    800    926    774
   485    796    931    773
   486    838    896    766
   487    851    900    749
   488    818    931    751
   489    747    962    791
   490    774    926    800
   491    792    918    790
   492    776    951    773
   493    783    917    800
   494    795    930    775
   495    799    896    805
   496    836    895    769
   497    820    921    759
   498    837    933    730
   499    795    937    768
   500    753    965    782
   501    815    899    786
   502    807    914    779
   503    819    908    773
   504    806    957    737
   505    795    946    759
   506    801    917    782
   507    812    893    795
   508    819    899    782
   509    769    913    818
   510    824    900    776
   511    788    931    781
   512    779    956    765
   513    781    935    784
   514    814    938    748
   515    788    951    761
   516    796    911    793
   517    811    934    755
   518    791    946    763
   519    781    965    754
   520    761    946    793
   521    774    943    783
   522    743    941    816
   523    808    883    809
   524    810    899    791
   525    857    926    717
   526    826    964    710
   527    816    918    766
   528    801    924    775
   529    796    884    820
   530    807    888    805
   531    791    925    784
   532    848    848    804
   533    866    831    803
   534    890    844    766
   535    887    885    728
   536    829    903    768
   537    817    904    779
   538    802    932    766
   539    790    930    780
   540    811    932    757
   541    777    921    802
   542    799    932    769
   543    797    912    791
   544    815    888    797
   545    808    910    782
   546    790    961    749
   547    781    947    772
   548    819    901    780
   549    844    904    752
   550    772    975    753
   551    780    941    779
   552    793    897    810
   553    765    909    826
   554    797    887    816
   555    799    929    772
   556    787    951    762
   557    823    898    779
   558    797    929    774
   559    803    914    783
   560    797    929    774
   561    840    924    736
   562    813    900    787
   563    809    906    785
   564    808    929    763
   565    775    946    779
   566    801    931    768
   567    843    873    784
   568    831    921    748
   569    797    902    801
   570    822    880    798
   571    847    886    767
   572    840    891    769
   573    840    919    741
   574    835    909    756
   575    773    976    751
   576    740    998    762
   577    743    996    761
   578    793    930    777
   579    745    979    776
   580    793    927    780
   581    818    938    744
   582    827    950    723
   583    787    962    751
   584    818    939    743
   585    774    945    781
   586    795    905    800
   587    813    904    783
   588    783    963    754
   589    778    953    769
   590    784    936    780
   591    820    860    820
   592    863    894    743
   593    789    944    767
   594    764    950    786
   595    754    955    791
   596    736    930    834
   597    793    900    807
   598    834    884    782
   599    807    933    760
   600    810    910    780
   601    774    933    793
   602    713    979    808
   603    701    976    823
   604    762    938    800
   605    798    915    787
   606    805    916    779
   607    782    931    787
   608    807    889    804
   609    824    913    763
   610    812    912    776
   611    830    942    728
   612    781    987    732
   613    769    951    780
   614    784    957    759
   615    737    968    795
   616    734    926    840
   617    779    923    798
   618    766    964    770
   619    726    970    804
   620    739    951    810
   621    743    947    810
   622    797    917    786
   623    769    923    808
   624    790    940    770
   625    785    913    802
   626    775    913    812
   627    802    929    769
   628    789    947    764
   629    811    901    788
   630    791    925    784
   631    772    983    745
   632    765    996    739
   633    767    939    794
   634    778    935    787
   635    728    978    794
   636    754    967    779
   637    783    956    761
   638    787    920    793
   639    805    905    790
   640    841    887    772
   641    859    849    792
   642    868    868    764
   643    871    903    726
   644    858    939    703
   645    827    907    766
   646    850    872    778
   647    853    904    743
   648    843    911    746
   649    794    953    753
   650    770    965    765
   651    751   1006    743
   652    729    990    781
   653    774    913    813
   654    782    894    824
   655    817    892    791
   656    822    903    775
   657    798    920    782
   658    782    976    742
   659    765    967    768
   660    779    949    772
   661    782    966    752
   662    747    960    793
   663    752    940    808
   664    751    954    795
   665    743    945    812
   666    834    876    790
   667    787    938    775
   668    767    931    802
   669    787    930    783
   670    782    922    796
   671    762    924    814
   672    794    903    803
   673    813    902    785
   674    797    944    759
   675    786    952    762
   676    776    937    787
   677    756    955    789
   678    750    927    823
   679    772    898    830
   680    789    939    772
   681    797    963    740
   682    769    946    785
   683    755    958    787
   684    780    944    776
   685    764    948    788
   686    789    890    821
   687    789    903    808
   688    772    911    817
   689    829    909    762
   690    828    931    741
   691    778    967    755
   692    783    943    774
   693    795    949    756
   694    769    951    780
   695    781    936    783
   696    759    958    783
   697    790    912    798
   698    831    894    775
   699    804    931    765
   700    779    940    781
   701    795    957    748
   702    815    916    769
   703    802    943    755
   704    774    937    789
   705    797    936    767
   706    783    942    775
   707    797    900    803
   708    826    899    775
   709    812    909    779
   710    804    910    786
   711    856    868    776
   712    884    853    763
   713    849    901    750
   714    805    914    781
   715    783    939    778
   716    774    934    792
   717    789    900    811
   718    802    914    784
   719    852    920    728
   720    855    889    756
   721    857    886    757
   722    866    913    721
   723    838    944    718
   724    816    948    736
   725    818    932    750
   726    786    973    741
   727    814    964    722
   728    788    918    794
   729    764    952    784
   730    735    963    802
   731    755    977    768
   732    802    964    734
   733    771    962    767
   734    770    941    789
   735    781    916    803
   736    803    919    778
   737    823    920    757
   738    777    943    780
   739    765    906    829
   740    755    920    825
   741    804    920    776
   742    829    894    777
   743    791    912    797
   744    771    911    818
   745    822    945    733
   746    794    951    755
   747    786    935    779
   748    816    892    792
   749    807    926    767
   750    788    957    755
   751    747    999    754
   752    773    947    780
   753    793    943    764
   754    746    986    768
   755    764    969    767
   756    770    942    788
   757    746    969    785
   758    800    936    764
   759    767    979    754
   760    732    955    813
   761    772    916    812
   762    813    924    763
   763    758    990    752
   764    722    994    784
   765    760    927    813
   766    751    951    798
   767    776    942    782
   768    786    939    775
   769    777    974    749
   770    748    974    778
   771    768    962    770
   772    775    947    778
   773    779    933    788
   774    740    986    774
   775    772    941    787
   776    762    934    804
   777    783    934    783
   778    789    924    787
   779    779    926    795
   780    799    929    772
   781    808    924    768
   782    779    958    763
   783    753    945    802
   784    807    895    798
   785    841    893    766
   786    861    863    776
   787    808    884    808
   788    762    931    807
   789    742    954    804
   790    760    935    805
   791    797    944    759
   792    837    895    768
   793    799    907    794
   794    832    898    770
   795    799    912    789
   796    808    936    756
   797    780    945    775
   798    752    981    767
   799    837    897    766
   800    853    902    745
   801    872    885    743
   802    835    927    738
   803    822    927    751
   804    820    881    799
   805    842    863    795
   806    844    866    790
   807    820    924    756
   808    802    930    768
   809    777    936    787
   810    751    939    810
   811    796    934    770
   812    778    933    789
   813    762    967    771
   814    762    927    811
   815    750    933    817
   816    795    951    754
   817    725   1016    759
   818    709   1021    770
   819    706   1023    771
   820    713    966    821
   821    724    932    844
   822    748    919    833
   823    810    860    830
   824    810    889    801
   825    856    846    798
   826    857    883    760
   827    794    904    802
   828    795    915    790
   829    804    933    763
   830    784    919    797
   831    769    934    797
   832    786    917    797
   833    753    998    749
   834    736    978    786
   835    766    944    790
   836    784    944    772
   837    773    983    744
   838    764    976    760
   839    777    966    757
   840    752    989    759
   841    792    935    773
   842    807    918    775
   843    787    990    723
   844    757    981    762
   845    824    917    759
   846    781    929    790
   847    822    937    741
   848    805    956    739
   849    789    970    741
   850    799    943    758
   851    780    935    785
   852    725    990    785
   853    748    944    808
   854    808    891    801
   855    841    880    779
   856    787    915    798
   857    804    909    787
   858    814    900    786
   859    820    924    756
   860    796    945    759
   861    794    961    745
   862    774    943    783
   863    808    913    779
   864    809    924    767
   865    834    950    716
   866    757    953    790
   867    780    936    784
   868    779    937    784
   869    829    906    765
   870    854    892    754
   871    809    898    793
   872    805    907    788
   873    827    869    804
   874    841    866    793
   875    807    918    775
   876    808    920    772
   877    760    921    819
   878    795    924    781
   879    792    903    805
   880    806    937    757
   881    796    936    768
   882    772    922    806
   883    746    933    821
   884    753    947    800
   885    765    910    825
   886    788    921    791
   887    819    907    774
   888    781    907    812
   889    799    927    774
   890    788    945    767
   891    792    936    772
   892    794    914    792
   893    786    898    816
   894    798    922    780
   895    784    943    773
   896    751    959    790
   897    717    986    797
   898    720    998    782
   899    729    979    792
   900    750    923    827
   901    769    936    795
   902    809    902    789
   903    796    895    809
   904    841    863    796
   905    859    896    745
   906    840    929    731
   907    836    901    763
   908    803    890    807
   909    851    912    737
   910    830    940    730
   911    833    917    750
   912    790    957    753
   913    814    924    762
   914    778    915    807
   915    786    919    795
   916    790    935    775
   917    751    934    815
   918    771    932    797
   919    748    950    802
   920    782    939    779
   921    786    923    791
   922    784    911    805
   923    789    939    772
   924    764    946    790
   925    795    937    768
   926    819    900    781
   927    856    911    733
   928    767    988    745
   929    758    971    771
   930    780    955    765
   931    747    984    769
   932    778    954    768
   933    787    892    821
   934    822    910    768
   935    813    943    744
   936    826    907    767
   937    772    937    791
   938    752    953    795
   939    783    901    816
   940    796    904    800
   941    812    895    793
   942    824    919    757
   943    804    904    792
   944    821    908    771
   945    817    895    788
   946    836    909    755
   947    814    950    736
   948    767    916    817
   949    829    899    772
   950    773    975    752
   951    769    960    771
   952    742    939    819
   953    764    932    804
   954    807    916    777
   955    844    908    748
   956    796    961    743
   957    808    939    753
   958    827    936    737
   959    773    972    755
   960    777    949    774
   961    810    928    762
   962    782    935    783
   963    757    949    794
   964    754    947    799
   965    789    911    800
   966    797    919    784
   967    828    910    762
   968    803    909    788
   969    857    899    744
   970    822    905    773
   971    823    888    789
   972    855    895    750
   973    793    928    779
   974    797    918    785
   975    795    892    813
   976    829    877    794
   977    802    936    762
   978    781    944    775
   979    790    968    742
   980    769    948    783
   981    776    929    795
   982    779    922    799
   983    777    939    784
   984    817    878    805
   985    815    919    766
   986    822    915    763
   987    793    959    748
   988    762    953    785
   989    775    982    743
   990    780    975    745
   991    759    954    787
   992    763    970    767
   993    737    975    788
   994    800    944    756
   995    802    959    739
   996    807    936    757
   997    780    917    803
   998    782    949    769
   999    777    948    775
  1000    802    923    775
