# time (sweeps) | Susceptible | Infected | Recovered
     0    842   1073    585
     1    885   1069    546
     2    838   1095    567
     3    870   1070    560
     4    852   1073    575
     5    839   1077    584
     6    834   1104    562
     7    826   1095    579
     8    843   1108    549
     9    815   1119    566
    10    880   1044    576
    11    883   1064    553
    12    893   1041    566
    13    902   1045    553
    14    854   1098    548
    15    857   1116    527
    16    827   1098    575
    17    871   1037    592
    18    914   1001    585
    19    943   1014    543
    20    922   1030    548
    21    923   1051    526
    22    838   1106    556
    23    875   1078    547
    24    874   1076    550
    25    876   1063    561
    26    900   1063    537
    27    842   1122    536
    28    848   1114    538
    29    865   1096    539
    30    858   1094    548
    31    877   1085    538
    32    840   1105    555
    33    845   1082    573
    34    866   1062    572
    35    902   1063    535
    36    923   1040    537
    37    902   1062    536
    38    894   1062    544
    39    877   1060    563
    40    881   1070    549
    41    890   1051    559
    42    869   1070    561
    43    887   1066    547
    44    872   1104    524
    45    837   1134    529
    46    826   1099    575
    47    876   1072    552
    48    868   1084    548
    49    833   1122    545
    50    846   1128    526
    51    863   1050    587
    52    865   1087    548
    53    873   1046    581
    54    850   1077    573
    55    902   1044    554
    56    904   1076    520
    57    869   1088    543
    58    863   1059    578
    59    871   1045    584
    60    914   1032    554
    61    867   1121    512
    62    825   1124    551
    63    843   1099    558
    64    878   1063    559
    65    899   1050    551
    66    883   1063    554
    67    856   1061    583
    68    849   1111    540
    69    866   1088    546
    70    848   1114    538
    71    791   1151    558
    72    822   1095    583
    73    838   1103    559
    74    845   1115    540
    75    834   1098    568
    76    861   1063    576
    77    871   1056    573
    78    897   1053    550
    79    900   1064    536
    80    875   1036    589
    81    823   1101    576
    82    861   1075    564
    83    851   1078    571
    84    855   1107    538
    85    834   1117    549
    86    856   1091    553
    87    827   1092    581
    88    851   1101    548
    89    882   1074    544
    90    877   1082    541
    91    854   1134    512
    92    850   1087    563
    93    860   1089    551
    94    856   1072    572
    95    920   1049    531
    96    920   1050    530
    97    883   1075    542
    98    848   1126    526
    99    819   1100    581
   100    892   1072    536
   101    887   1066    547
   102    882   1049    569
   103    848   1055    597
   104    883   1028    589
   105    867   1058    575
   106    890   1069    541
   107    860   1092    548
   108    872   1061    567
   109    865   1056    579
   110    865   1092    543
   111    860   1111    529
   112    843   1095    562
   113    831   1093    576
   114    886   1048    566
   115    889   1064    547
   116    879   1053    568
   117    881   1094    525
   118    885   1076    539
   119    872   1080    548
   120    900   1083    517
   121    851   1111    538
   122    870   1074    556
   123    857   1114    529
   124    887   1072    541
   125    846   1108    546
   126    880   1094    526
   127    843   1087    570
   128    844   1063    593
   129    910   1043    547
   130    874   1093    533
   131    861   1063    576
   132    883   1069    548
   133    860   1102    538
   134    887   1054    559
   135    888   1093    519
   136    855   1099    546
   137    821   1111    568
   138    899   1066    535
   139    892   1053    555
   140    901   1037    562
   141    886   1048    566
   142    887   1061    552
   143    918   1035    547
   144    896   1061    543
   145    825   1094    581
   146    826   1090    584
   147    864   1060    576
   148    869   1049    582
   149    874   1058    568
   150    850   1099    551
   151    865   1080    555
   152    895   1064    541
   153    876   1053    571
   154    865   1053    582
   155    818   1081    601
   156    827   1121    552
   157    856   1079    565
   158    867   1095    538
   159    882   1087    531
   160    847   1109    544
   161    840   1093    567
   162    846   1110    544
   163    839   1102    559
   164    871   1084    545
   165    842   1099    559
   166    830   1115    555
   167    840   1103    557
   168    866   1047    587
   169    852   1076    572
   170    848   1085    567
   171    853   1098    549
   172    833   1103    564
   173    838   1108    554
   174    858   1059    583
   175    868   1031    601
   176    842   1058    600
   177    853   1068    579
   178    860   1068    572
   179    911   1013    576
   180    933   1041    526
   181    909   1060    531
   182    856   1116    528
   183    818   1151    531
   184    814   1122    564
   185    848   1111    541
   186    832   1066    602
   187    784   1148    568
   188    801   1103    596
   189    849   1109    542
   190    846   1106    548
   191    860   1061    579
   192    868   1088    544
   193    848   1091    561
   194    836   1121    543
   195    820   1107    573
   196    872   1075    553
   197    828   1096    576
   198    880   1059    561
   199    884   1022    594
   200    910   1039    551
   201    893   1085    522
   202    838   1092    570
   203    839   1066    595
   204    888   1081    531
   205    899   1059    542
   206    867   1071    562
   207    882   1076    542
   208    826   1120    554
   209    904   1068    528
   210    854   1073    573
   211    878   1079    543
   212    891   1098    511
   213    826   1142    532
   214    802   1132    566
   215    860   1088    552
   216    846   1070    584
   217    837   1077    586
   218    827   1074    599
   219    931   1053    516
   220    899   1074    527
   221    873   1067    560
   222    862   1101    537
   223    858   1109    533
   224    876   1104    520
   225    893   1060    547
   226    918   1050    532
   227    883   1084    533
   228    888   1083    529
   229    887   1101    512
   230    817   1126    557
   231    852   1076    572
   232    849   1095    556
   233    868   1047    585
   234    854   1087    559
   235    908   1028    564
   236    849   1072    579
   237    849   1075    576
   238    839   1094    567
   239    849   1099    552
   240    837   1095    568
   241    881   1110    509
   242    860   1117    523
   243    811   1128    561
   244    845   1088    567
   245    821   1094    585
   246    905   1027    568
   247    877   1043    580
   248    877   1044    579
   249    892   1068    540
   250    878   1102    520
   251    849   1127    524
   252    830   1110    560
   253    847   1079    574
   254    831   1118    551
   255    850   1071    579
   256    878   1069    553
   257    888   1094    518
   258    830   1106    564
   259    875   1087    538
   260    844   1106    550
   261    835   1096    569
   262    876   1065    559
   263    898   1036    566
   264    891   1043    566
   265    926   1044    530
   266    887   1066    547
   267    906   1081    513
   268    833   1107    560
   269    845   1113    542
   270    848   1078    574
   271    855   1068    577
   272    883   1099    518
   273    875   1075    550
   274    848   1103    549
   275    846   1082    572
   276    879   1093    528
   277    883   1088    529
   278    846   1079    575
   279    890   1068    542
   280    888   1079    533
   281    863   1100    537
   282    826   1112    562
   283    873   1096    531
   284    839   1112    549
   285    813   1093    594
   286    835   1138    527
   287    839   1099    562
   288    813   1114    573
   289    872   1067    561
   290    855   1078    567
   291    867   1088    545
   292    869   1092    539
   293    882   1063    555
   294    858   1108    534
   295    869   1067    564
   296    853   1125    522
   297    840   1068    592
   298    868   1057    575
   299    879   1085    536
   300    878   1090    532
   301    894   1074    532
   302    854   1090    556
   303    846   1085    569
   304    859   1088    553
   305    873   1112    515
   306    835   1121    544
   307    819   1111    570
   308    878   1044    578
   309    904   1048    548
   310    870   1082    548
   311    861   1087    552
   312    863   1089    548
   313    840   1101    559
   314    867   1064    569
   315    890   1044    566
   316    891   1047    562
   317    920   1037    543
   318    898   1089    513
   319    865   1115    520
   320    843   1116    541
   321    827   1114    559
   322    842   1112    546
   323    823   1106    571
   324    797   1134    569
   325    821   1082    597
   326    866   1054    580
   327    853   1088    559
   328    881   1049    570
   329    855   1071    574
   330    842   1090    568
   331    830   1143    527
   332    873   1098    529
   333    833   1120    547
   334    888   1062    550
   335    873   1106    521
   336    858   1089    553
   337    883   1052    565
   338    902   1070    528
   339    879   1089    532
   340    869   1067    564
   341    860   1076    564
   342    883   1080    537
   343    853   1106    541
   344    838   1089    573
   345    864   1097    539
   346    849   1104    547
   347    800   1138    562
   348    843   1091    566
   349    852   1104    544
   350    855   1082    563
   351    851   1086    563
   352    882   1068    550
   353    885   1082    533
   354    839   1098    563
   355    842   1094    564
   356    899   1050    551
   357    865   1069    566
   358    821   1108    571
   359    855   1082    563
   360    893   1040    567
   361    888   1053    559
   362    905   1057    538
   363    906   1065    529
   364    853   1080    567
   365    835   1112    553
   366    847   1087    566
   367    875   1049    576
   368    894   1057    549
   369    881   1068    551
   370    885   1095    520
   371    861   1071    568
   372    882   1058    560
   373    871   1045    584
   374    879   1058    563
   375    896   1085    519
   376    843   1133    524
   377    831   1114    555
   378    855   1123    522
   379    866   1079    555
   380    845   1096    559
   381    876   1102    522
   382    881   1046    573
   383    876   1042    582
   384    888   1055    557
   385    879   1077    544
   386    858   1067    575
   387    843   1098    559
   388    847   1104    549
   389    899   1054    547
   390    882   1053    565
   391    896   1050    554
   392    899   1073    528
   393    867   1086    547
   394    853   1082    565
   395    842   1083    575
   396    826   1144    530
   397    818   1117    565
   398    845   1096    559
   399    811   1147    542
   400    850   1075    575
   401    870   1097    533
   402    890   1078    532
   403    883   1082    535
   404    824   1135    541
   405    821   1077    602
   406    879   1098    523
   407    855   1097    548
   408    839   1092    569
   409    858   1076    566
   410    859   1051    590
   411    856   1053    591
   412    857   1079    564
   413    857   1068    575
   414    886   1077    537
   415    865   1084    551
   416    860   1085    555
   417    888   1042    570
   418    906   1040    554
   419    870   1070    560
   420    917   1053    530
   421    877   1077    546
   422    887   1129    484
   423    825   1155    520
   424    804   1156    540
   425    832   1078    590
   426    892   1064    544
   427    922   1058    520
   428    916   1021    563
   429    913   1035    552
   430    881   1050    569
   431    877   1069    554
   432    906   1058    536
   433    913   1061    526
   434    898   1057    545
   435    863   1086    551
   436    897   1049    554
   437    875   1058    567
   438    880   1055    565
   439    856   1079    565
   440    893   1053    554
   441    888   1047    565
   442    867   1055    578
   443    851   1070    579
   444    865   1085    550
   445    871   1083    546
   446    863   1054    583
   447    839   1071    590
   448    872   1071    557
   449    856   1097    547
   450    846   1108    546
   451    851   1092    557
   452    869   1072    559
   453    823   1092    585
   454    883   1055    562
   455    875   1071    554
   456    868   1130    502
   457    860   1090    550
   458    902   1069    529
   459    849   1092    559
   460    837   1087    576
   461    827   1087    586
   462    837   1062    601
   463    902   1060    538
   464    942   1044    514
   465    864   1128    508
   466    890   1040    570
   467    837   1090    573
   468    868   1056    576
   469    844   1098    558
   470    797   1152    551
   471    800   1131    569
   472    801   1133    566
   473    811   1107    582
   474    825   1090    585
   475    826   1094    580
   476    873   1078    549
   477    881   1061    558
   478    845   1097    558
   479    875   1093    532
   480    830   1114    556
   481    832   1096    572
   482    874   1076    550
   483    852   1110    538
   484    847   1096    557
   485    815   1114    571
   486    864   1085    551
   487    830   1096    574
   488    815   1096    589
   489    844   1088    568
   490    848   1062    590
   491    871   1061    568
   492    828   1087    585
   493    889   1052    559
   494    920   1028    552
   495    855   1101    544
   496    898   1099    503
   497    860   1108    532
   498    835   1112    553
   499    844   1084    572
   500    827   1074    599
   501    866   1062    572
   502    883   1053    564
   503    878   1060    562
   504    935   1037    528
   505    853   1084    563
   506    829   1136    535
   507    829   1128    543
   508    849   1115    536
   509    836   1111    553
   510    830   1096    574
   511    858   1074    568
   512    868   1064    568
   513    889   1058    553
   514    871   1090    539
   515    863   1071    566
   516    877   1070    553
   517    890   1058    552
   518    875   1094    531
   519    841   1109    550
   520    835   1124    541
   521    823   1127    550
   522    832   1106    562
   523    871   1066    563
   524    880   1045    575
   525    853   1073    574
   526    846   1042    612
   527    853   1046    601
   528    872   1036    592
   529    903   1037    560
   530    937   1045    518
   531    886   1047    567
   532    853   1084    563
   533    881   1078    541
   534    883   1079    538
   535    882   1074    544
   536    844   1100    556
   537    846   1090    564
   538    813   1120    567
   539    815   1154    531
   540    804   1127    569
   541    833   1139    528
   542    817   1120    563
   543    861   1098    541
   544    855   1057    588
   545    877   1071    552
   546    868   1095    537
   547    838   1057    605
   548    861   1078    561
   549    858   1102    540
   550    867   1090    543
   551    870   1098    532
   552    884   1089    527
   553    887   1071    542
   554    880   1089    531
   555    807   1134    559
   556    840   1101    559
   557    855   1084    561
   558    843   1086    571
   559    850   1082    568
   560    912   1076    512
   561    816   1144    540
   562    775   1169    556
   563    796   1136    568
   564    810   1084    606
   565    825   1084    591
   566    853   1093    554
   567    909   1061    530
   568    893   1048    559
   569    904   1052    544
   570    883   1078    539
   571    897   1057    546
   572    864   1095    541
   573    860   1099    541
   574    857   1082    561
   575    834   1109    557
   576    841   1093    566
   577    829   1104    567
   578    845   1066    589
   579    877   1047    576
   580    898   1037    565
   581    891   1072    537
   582    879   1079    542
   583    863   1056    581
   584    888   1047    565
   585    880   1058    562
   586    845   1108    547
   587    882   1077    541
   588    869   1114    517
   589    831   1096    573
   590    813   1118    569
   591    838   1104    558
   592    848   1106    546
   593    845   1100    555
   594    828   1127    545
   595    830   1106    564
   596    832   1086    582
   597    844   1094    562
   598    859   1047    594
   599    874   1074    552
   600    838   1092    570
   601    857   1075    568
   602    832   1110    558
   603    820   1115    565
   604    862   1100    538
   605    813   1136    551
   606    833   1086    581
   607    829   1072    599
   608    834   1104    562
   609    847   1087    566
   610    856   1071    573
   611    891   1053    556
   612    880   1060    560
   613    894   1056    550
   614    812   1121    567
   615    843   1083    574
   616    862   1048    590
   617    898   1018    584
   618    910   1034    556
   619    946   1030    524
   620    871   1087    542
   621    840   1111    549
   622    822   1129    549
   623    824   1094    582
   624    880   1061    559
   625    868   1060    572
   626    911   1048    541
   627    864   1102    534
   628    827   1106    567
   629    849   1073    578
   630    885   1080    535
   631    881   1093    526
   632    871   1085    544
   633    823   1132    545
   634    832   1100    568
   635    855   1088    557
   636    859   1082    559
   637    882   1043    575
   638    892   1056    552
   639    887   1087    526
   640    893   1076    531
   641    872   1069    559
   642    853   1091    556
   643    841   1106    553
   644    865   1066    569
   645    891   1028    581
   646    916   1032    552
   647    929   1017    554
   648    899   1038    563
   649    859   1100    541
   650    827   1086    587
   651    822   1074    604
   652    855   1092    553
   653    870   1074    556
   654    851   1100    549
   655    839   1094    567
   656    871   1082    547
   657    865   1064    571
   658    892   1079    529
   659    841   1084    575
   660    835   1091    574
   661    817   1107    576
   662    837   1094    569
   663    872   1092    536
   664    878   1057    565
   665    883   1034    583
   666    893   1061    546
   667    853   1098    549
   668    843   1071    586
   669    833   1076    591
   670    876   1100    524
   671    855   1074    571
   672    871   1107    522
   673    877   1065    558
   674    889   1058    553
   675    873   1122    505
   676    879   1099    522
   677    823   1131    546
   678    864   1104    532
   679    848   1104    548
   680    817   1109    574
   681    822   1116    562
   682    866   1092    542
   683    865   1092    543
   684    859   1059    582
   685    875   1037    588
   686    898   1052    550
   687    880   1086    534
   688    897   1080    523
   689    846   1128    526
   690    810   1111    579
   691    794   1112    594
   692    803   1104    593
   693    862   1050    588
   694    880   1073    547
   695    862   1081    557
   696    889   1051    560
   697    881   1073    546
   698    860   1074    566
   699    878   1110    512
   700    849   1113    538
   701    876   1069    555
   702    862   1113    525
   703    863   1074    563
   704    821   1086    593
   705    853   1071    576
   706    907   1046    547
   707    821   1099    580
   708    879   1020    601
   709    914   1031    555
   710    923   1032    545
   711    916   1046    538
   712    828   1115    557
   713    857   1111    532
   714    876   1059    565
   715    885   1077    538
   716    898   1077    525
   717    859   1105    536
   718    878   1058    564
   719    901   1051    548
   720    863   1039    598
   721    896   1066    538
   722    870   1125    505
   723    846   1113    541
   724    820   1115    565
   725    899   1077    524
   726    863   1060    577
   727    870   1053    577
   728    858   1109    533
   729    816   1112    572
   730    811   1135    554
   731    783   1154    563
   732    830   1106    564
   733    841   1106    553
   734    855   1113    532
   735    868   1086    546
   736    790   1120    590
   737    811   1129    560
   738    848   1093    559
   739    884   1063    553
   740    852   1063    585
   741    839   1100    561
   742    849   1102    549
   743    824   1108    568
   744    894   1060    546
   745    909   1042    549
   746    897   1044    559
   747    949   1059    492
   748    895   1122    483
   749    854   1072    574
   750    848   1080    572
   751    850   1085    565
   752    854   1101    545
   753    872   1070    558
   754    863   1096    541
   755    868   1068    564
   756    915   1039    546
   757    901   1054    545
   758    922   1033    545
   759    928   1019    553
   760    910   1054    536
   761    878   1071    551
   762    859   1064    577
   763    889   1056    555
   764    866   1110    524
   765    871   1088    541
   766    851   1090    559
   767    873   1078    549
   768    859   1099    542
   769    830   1094    576
   770    903   1040    557
   771    871   1053    576
   772    869   1053    578
   773    890   1065    545
   774    887   1096    517
   775    862   1106    532
   776    872   1082    546
   777    907   1101    492
   778    850   1082    568
   779    852   1077    571
   780    866   1080    554
   781    889   1050    561
   782    871   1089    540
   783    857   1101    542
   784    852   1054    594
   785    903   1036    561
   786    947   1050    503
   787    912   1064    524
   788    913   1069    518
   789    914   1076    510
   790    895   1065    540
   791    860   1084    556
   792    836   1090    574
   793    859   1114    527
   794    860   1069    571
   795    854   1056    590
   796    891   1082    527
   797    837   1119    544
   798    868   1095    537
   799    861   1088    551
   800    827   1141    532
   801    823   1093    584
   802    918   1055    527
   803    899   1069    532
   804    858   1124    518
   805    876   1084    540
   806    836   1122    542
   807    867   1080    553
   808    830   1116    554
   809    811   1133    556
   810    851   1078    571
   811    858   1113    529
   812    837   1096    567
   813    873   1088    539
   814    860   1089    551
   815    841   1101    558
   816    848   1096    556
   817    832   1095    573
   818    846   1104    550
   819    877   1105    518
   820    834   1105    561
   821    853   1050    597
   822    895   1041    564
   823    886   1087    527
   824    844   1085    571
   825    831   1058    611
   826    868   1087    545
   827    884   1073    543
   828    851   1094    555
   829    854   1062    584
   830    888   1029    583
   831    895   1055    550
   832    878   1084    538
   833    874   1088    538
   834    930   1053    517
   835    890   1056    554
   836    853   1103    544
   837    825   1099    576
   838    892   1080    528
   839    871   1083    546
   840    811   1108    581
   841    831   1088    581
   842    839   1061    600
   843    844   1065    591
   844    846   1101    553
   845    859   1064    577
   846    880   1060    560
   847    859   1113    528
   848    853   1087    560
   849    871   1069    560
   850    873   1071    556
   851    841   1118    541
   852    824   1099    577
   853    882   1052    566
   854    875   1063    562
   855    887   1051    562
   856    922   1034    544
   857    894   1060    546
   858    906   1079    515
   859    875   1060    565
   860    853   1096    551
   861    876   1106    518
   862    848   1100    552
   863    888   1058    554
   864    891   1108    501
   865    841   1100    559
   866    881   1075    544
   867    852   1112    536
   868    859   1101    540
   869    859   1099    542
   870    908   1064    528
   871    882   1084    534
   872    882   1081    537
   873    837   1117    546
   874    840   1125    535
   875    873   1072    555
   876    882   1079    539
   877    845   1128    527
   878    848   1082    570
   879    827   1104    569
   880    853   1058    589
   881    863   1093    544
   882    865   1062    573
   883    898   1062    540
   884    870   1059    571
   885    895   1076    529
   886    868   1064    568
   887    830   1096    574
   888    836   1089    575
   889    844   1088    568
   890    830   1043    627
   891    898   1055    547
   892    862   1109    529
   893    904   1057    539
   894    883   1085    532
   895    831   1135    534
   896    873   1045    582
   897    868   1066    566
   898    850   1085    565
   899    865   1084    551
   900    871   1083    546
   901    856   1089    555
   902    871   1076    553
   903    887   1047    566
   904    878   1067    555
   905    871   1076    553
   906    841   1125    534
   907    845   1125    530
   908    816   1110    574
   909    807   1122    571
   910    840   1082    578
   911    872   1094    534
   912    841   1129    530
   913    863   1094    543
   914    898   1062    540
   915    847   1120    533
   916    844   1140    516
   917    839   1102    559
   918    864   1098    538
   919    889   1086    525
   920    832   1127    541
   921    863   1091    546
   922    861   1107    532
   923    827   1076    597
   924    852   1103    545
   925    850   1128    522
   926    841   1122    537
   927    863   1082    555
   928    891   1044    565
   929    861   1080    559
   930    881   1077    542
   931    877   1060    563
   932    886   1063    551
   933    887   1067    546
   934    880   1097    523
   935    831   1113    556
   936    843   1074    583
   937    803   1100    597
   938    834   1094    572
   939    844   1087    569
   940    871   1080    549
   941    845   1111    544
   942    836   1088    576
   943    864   1074    562
   944    872   1057    571
   945    873   1078    549
   946    846   1093    561
   947    874   1057    569
   948    874   1083    543
   949    828   1097    575
   950    843   1083    574
   951    875   1082    543
   952    835   1116    549
   953    855   1092    553
   954    835   1089    576
   955    863   1060    577
   956    891   1065    544
   957    866   1084    550
   958    884   1069    547
   959    872   1056    572
   960    883   1058    559
   961    852   1061    587
   962    864   1076    560
   963    869   1090    541
   964    829   1110    561
   965    882   1062    556
   966    872   1068    560
   967    857   1068    575
   968    884   1045    571
   969    908   1060    532
   970    880   1064    556
   971    893   1039    568
   972    880   1086    534
   973    911   1068    521
   974    854   1078    568
   975    863   1064    573
   976    861   1068    571
   977    870   1058    572
   978    908   1054    538
   979    854   1090    556
   980    866   1073    561
   981    870   1074    556
   982    894   1094    512
   983    831   1104    565
   984    841   1109    550
   985    892   1035    573
   986    874   1065    561
   987    854   1063    583
   988    828   1104    568
   989    852   1080    568
   990    833   1083    584
   991    897   1059    544
   992    875   1092    533
   993    889   1077    534
   994    845   1099    556
   995    845   1080    575
   996    881   1073    546
   997    874   1065    561
   998    830   1134    536
   999    808   1148    544
  1000    825   1089    586
