# time (sweeps) | Susceptible | Infected | Recovered
     0    768    845    887
     1    751    916    833
     2    725    919    856
     3    689    911    900
     4    682    901    917
     5    733    887    880
     6    733    875    892
     7    762    867    871
     8    756    860    884
     9    776    835    889
    10    822    847    831
    11    817    849    834
    12    761    889    850
    13    753    882    865
    14    780    906    814
    15    752    898    850
    16    726    863    911
    17    756    892    852
    18    766    858    876
    19    759    851    890
    20    786    839    875
    21    773    875    852
    22    741    901    858
    23    707    873    920
    24    718    884    898
    25    744    868    888
    26    758    867    875
    27    758    896    846
    28    748    879    873
    29    709    888    903
    30    705    889    906
    31    704    882    914
    32    675    907    918
    33    683    921    896
    34    704    909    887
    35    674    932    894
    36    693    897    910
    37    734    861    905
    38    754    855    891
    39    754    845    901
    40    749    847    904
    41    779    807    914
    42    770    852    878
    43    743    882    875
    44    747    850    903
    45    751    834    915
    46    743    851    906
    47    732    854    914
    48    734    857    909
    49    727    885    888
    50    760    909    831
    51    748    897    855
    52    727    907    866
    53    720    896    884
    54    710    864    926
    55    731    865    904
    56    728    872    900
    57    753    842    905
    58    737    831    932
    59    735    874    891
    60    721    908    871
    61    716    905    879
    62    743    860    897
    63    723    908    869
    64    735    847    918
    65    727    886    887
    66    751    878    871
    67    719    897    884
    68    714    896    890
    69    718    896    886
    70    713    915    872
    71    713    887    900
    72    746    872    882
    73    717    859    924
    74    748    857    895
    75    753    861    886
    76    752    893    855
    77    744    917    839
    78    753    919    828
    79    707    940    853
    80    737    869    894
    81    730    886    884
    82    754    873    873
    83    722    861    917
    84    763    878    859
    85    738    895    867
    86    778    869    853
    87    709    924    867
    88    658    931    911
    89    688    914    898
    90    711    866    923
    91    724    859    917
    92    699    898    903
    93    715    906    879
    94    728    900    872
    95    741    914    845
    96    701    885    914
    97    706    880    914
    98    675    914    911
    99    707    864    929
   100    720    891    889
   101    704    869    927
   102    747    822    931
   103    758    812    930
   104    785    799    916
   105    775    860    865
   106    762    863    875
   107    775    850    875
   108    751    863    886
   109    746    893    861
   110    732    910    858
   111    667    953    880
   112    670    914    916
   113    733    875    892
   114    741    919    840
   115    688    951    861
   116    685    914    901
   117    739    867    894
   118    737    882    881
   119    764    851    885
   120    792    838    870
   121    764    885    851
   122    743    903    854
   123    722    925    853
   124    707    883    910
   125    701    893    906
   126    759    859    882
   127    712    877    911
   128    753    889    858
   129    756    875    869
   130    781    832    887
   131    771    836    893
   132    783    830    887
   133    778    834    888
   134    793    856    851
   135    760    910    830
   136    708    928    864
   137    719    880    901
   138    659    918    923
   139    706    876    918
   140    736    906    858
   141    728    913    859
   142    724    878    898
   143    708    909    883
   144    704    882    914
   145    755    877    868
   146    719    881    900
   147    748    890    862
   148    731    918    851
   149    721    900    879
   150    721    924    855
   151    733    897    870
   152    719    929    852
   153    714    907    879
   154    655    965    880
   155    698    892    910
   156    732    895    873
   157    707    922    871
   158    669    950    881
   159    710    916    874
   160    674    968    858
   161    669    976    855
   162    646    989    865
   163    656    966    878
   164    692    970    838
   165    684    935    881
   166    670    910    920
   167    683    921    896
   168    717    899    884
   169    734    899    867
   170    714    895    891
   171    714    843    943
   172    721    913    866
   173    734    883    883
   174    732    879    889
   175    752    869    879
   176    747    852    901
   177    732    873    895
   178    731    915    854
   179    705    893    902
   180    711    865    924
   181    756    850    894
   182    733    868    899
   183    746    886    868
   184    756    864    880
   185    772    827    901
   186    806    864    830
   187    775    884    841
   188    728    881    891
   189    729    901    870
   190    743    891    866
   191    709    961    830
   192    657    975    868
   193    668    951    881
   194    694    914    892
   195    706    889    905
   196    655    912    933
   197    714    880    906
   198    724    877    899
   199    717    916    867
   200    741    913    846
   201    675    923    902
   202    717    912    871
   203    718    920    862
   204    696    915    889
   205    712    903    885
   206    752    845    903
   207    786    842    872
   208    759    895    846
   209    684    917    899
   210    713    905    882
   211    718    854    928
   212    764    861    875
   213    763    869    868
   214    775    889    836
   215    701    900    899
   216    737    878    885
   217    772    875    853
   218    729    889    882
   219    711    902    887
   220    715    868    917
   221    767    832    901
   222    768    828    904
   223    747    845    908
   224    776    850    874
   225    752    874    874
   226    754    895    851
   227    731    904    865
   228    738    860    902
   229    772    851    877
   230    752    865    883
   231    749    859    892
   232    769    843    888
   233    788    864    848
   234    737    892    871
   235    728    915    857
   236    715    916    869
   237    709    943    848
   238    716    896    888
   239    705    877    918
   240    747    879    874
   241    731    899    870
   242    709    883    908
   243    678    886    936
   244    758    858    884
   245    760    870    870
   246    708    933    859
   247    673    951    876
   248    685    925    890
   249    722    888    890
   250    731    869    900
   251    762    866    872
   252    777    866    857
   253    732    873    895
   254    716    901    883
   255    715    900    885
   256    720    921    859
   257    702    900    898
   258    734    861    905
   259    769    829    902
   260    786    856    858
   261    774    853    873
   262    746    817    937
   263    741    870    889
   264    707    884    909
   265    682    892    926
   266    705    896    899
   267    740    898    862
   268    686    919    895
   269    700    896    904
   270    753    852    895
   271    748    859    893
   272    781    834    885
   273    755    865    880
   274    717    917    866
   275    710    864    926
   276    756    817    927
   277    799    835    866
   278    776    876    848
   279    742    871    887
   280    737    857    906
   281    720    881    899
   282    729    888    883
   283    741    901    858
   284    728    870    902
   285    763    854    883
   286    766    842    892
   287    775    871    854
   288    770    896    834
   289    747    902    851
   290    713    903    884
   291    743    896    861
   292    718    888    894
   293    732    900    868
   294    758    891    851
   295    711    950    839
   296    704    935    861
   297    715    901    884
   298    749    887    864
   299    723    911    866
   300    725    898    877
   301    714    912    874
   302    709    914    877
   303    702    921    877
   304    674    952    874
   305    660    975    865
   306    649    942    909
   307    697    922    881
   308    723    923    854
   309    741    897    862
   310    748    926    826
   311    709    927    864
   312    704    941    855
   313    712    918    870
   314    719    897    884
   315    721    858    921
   316    723    884    893
   317    692    900    908
   318    706    906    888
   319    698    897    905
   320    731    863    906
   321    676    891    933
   322    733    853    914
   323    733    869    898
   324    684    859    957
   325    782    839    879
   326    740    853    907
   327    766    901    833
   328    743    930    827
   329    708    930    862
   330    709    919    872
   331    654    933    913
   332    723    841    936
   333    753    823    924
   334    763    841    896
   335    767    880    853
   336    780    887    833
   337    745    921    834
   338    705    916    879
   339    681    942    877
   340    689    893    918
   341    692    889    919
   342    681    878    941
   343    703    839    958
   344    706    871    923
   345    716    889    895
   346    705    917    878
   347    688    927    885
   348    667    911    922
   349    698    883    919
   350    714    885    901
   351    706    923    871
   352    740    885    875
   353    730    879    891
   354    731    868    901
   355    679    918    903
   356    705    896    899
   357    679    922    899
   358    708    880    912
   359    756    857    887
   360    763    865    872
   361    783    838    879
   362    764    861    875
   363    725    893    882
   364    720    834    946
   365    748    805    947
   366    763    839    898
   367    759    869    872
   368    716    899    885
   369    727    895    878
   370    743    891    866
   371    766    877    857
   372    734    866    900
   373    735    897    868
   374    733    892    875
   375    748    865    887
   376    743    877    880
   377    697    907    896
   378    698    917    885
   379    748    841    911
   380    786    826    888
   381    774    834    892
   382    770    864    866
   383    724    856    920
   384    746    848    906
   385    712    884    904
   386    710    900    890
   387    727    885    888
   388    704    914    882
   389    718    912    870
   390    711    900    889
   391    715    876    909
   392    733    881    886
   393    755    856    889
   394    734    921    845
   395    678    974    848
   396    675    945    880
   397    664    901    935
   398    704    858    938
   399    725    868    907
   400    767    839    894
   401    770    861    869
   402    735    876    889
   403    658    934    908
   404    676    904    920
   405    677    905    918
   406    703    867    930
   407    712    869    919
   408    702    925    873
   409    686    941    873
   410    699    899    902
   411    695    896    909
   412    722    886    892
   413    747    869    884
   414    770    814    916
   415    772    837    891
   416    761    840    899
   417    772    887    841
   418    715    928    857
   419    707    922    871
   420    728    918    854
   421    650    976    874
   422    643    924    933
   423    752    866    882
   424    714    891    895
   425    753    846    901
   426    750    888    862
   427    731    894    875
   428    725    925    850
   429    695    921    884
   430    741    899    860
   431    770    889    841
   432    744    948    808
   433    698    946    856
   434    689    928    883
   435    699    922    879
   436    698    915    887
   437    669    930    901
   438    706    896    898
   439    752    832    916
   440    788    817    895
   441    765    896    839
   442    733    900    867
   443    733    898    869
   444    750    875    875
   445    740    892    868
   446    779    837    884
   447    774    834    892
   448    780    867    853
   449    783    830    887
   450    785    851    864
   451    773    861    866
   452    805    856    839
   453    769    917    814
   454    719    932    849
   455    710    884    906
   456    722    893    885
   457    718    927    855
   458    719    886    895
   459    744    894    862
   460    709    928    863
   461    711    907    882
   462    722    894    884
   463    732    893    875
   464    773    830    897
   465    775    836    889
   466    804    819    877
   467    806    836    858
   468    789    846    865
   469    778    857    865
   470    773    876    851
   471    758    862    880
   472    766    843    891
   473    754    889    857
   474    774    884    842
   475    701    964    835
   476    710    908    882
   477    745    921    834
   478    719    919    862
   479    741    893    866
   480    727    891    882
   481    754    868    878
   482    747    875    878
   483    719    931    850
   484    697    907    896
   485    722    884    894
   486    732    867    901
   487    717    887    896
   488    742    855    903
   489    774    848    878
   490    743    879    878
   491    735    880    885
   492    757    846    897
   493    760    880    860
   494    735    899    866
   495    772    862    866
   496    745    880    875
   497    757    863    880
   498    758    868    874
   499    723    899    878
   500    743    891    866
   501    732    901    867
   502    726    899    875
   503    726    881    893
   504    711    875    914
   505    752    837    911
   506    784    843    873
   507    774    877    849
   508    714    927    859
   509    692    906    902
   510    757    873    870
   511    709    905    886
   512    682    941    877
   513    703    922    875
   514    721    858    921
   515    746    867    887
   516    736    883    881
   517    729    882    889
   518    708    849    943
   519    728    826    946
   520    742    851    907
   521    731    868    901
   522    751    854    895
   523    707    908    885
   524    699    905    896
   525    715    908    877
   526    700    874    926
   527    692    899    909
   528    740    832    928
   529    782    867    851
   530    753    897    850
   531    768    835    897
   532    776    837    887
   533    816    838    846
   534    754    893    853
   535    730    923    847
   536    689    935    876
   537    679    917    904
   538    672    915    913
   539    728    869    903
   540    706    880    914
   541    737    851    912
   542    709    906    885
   543    731    892    877
   544    720    923    857
   545    715    934    851
   546    707    919    874
   547    692    937    871
   548    697    922    881
   549    685    971    844
   550    683    949    868
   551    692    925    883
   552    656    932    912
   553    688    904    908
   554    669    908    923
   555    699    874    927
   556    697    861    942
   557    733    886    881
   558    717    894    889
   559    729    875    896
   560    698    913    889
   561    740    870    890
   562    754    853    893
   563    773    838    889
   564    785    858    857
   565    753    880    867
   566    720    907    873
   567    693    923    884
   568    686    860    954
   569    717    882    901
   570    766    846    888
   571    755    845    900
   572    748    878    874
   573    724    925    851
   574    710    894    896
   575    733    878    889
   576    714    896    890
   577    696    901    903
   578    777    834    889
   579    722    866    912
   580    732    876    892
   581    759    844    897
   582    709    899    892
   583    717    931    852
   584    685    918    897
   585    708    889    903
   586    707    890    903
   587    715    893    892
   588    717    890    893
   589    692    912    896
   590    702    876    922
   591    751    847    902
   592    751    863    886
   593    795    831    874
   594    825    846    829
   595    801    878    821
   596    765    891    844
   597    752    872    876
   598    791    850    859
   599    759    852    889
   600    776    835    889
   601    802    891    807
   602    727    925    848
   603    693    928    879
   604    693    936    871
   605    716    905    879
   606    735    884    881
   607    749    860    891
   608    742    889    869
   609    709    922    869
   610    709    888    903
   611    720    860    920
   612    717    866    917
   613    728    841    931
   614    734    874    892
   615    715    858    927
   616    735    921    844
   617    717    885    898
   618    747    886    867
   619    737    882    881
   620    748    862    890
   621    765    859    876
   622    761    875    864
   623    769    865    866
   624    738    871    891
   625    706    891    903
   626    732    856    912
   627    749    872    879
   628    708    924    868
   629    698    927    875
   630    705    904    891
   631    675    927    898
   632    688    906    906
   633    705    899    896
   634    722    864    914
   635    711    930    859
   636    683    973    844
   637    696    917    887
   638    713    867    920
   639    741    801    958
   640    769    824    907
   641    764    850    886
   642    787    884    829
   643    728    933    839
   644    732    915    853
   645    734    917    849
   646    735    891    874
   647    712    901    887
   648    697    901    902
   649    682    871    947
   650    735    868    897
   651    760    821    919
   652    768    848    884
   653    746    892    862
   654    730    863    907
   655    729    865    906
   656    766    829    905
   657    761    884    855
   658    721    874    905
   659    723    880    897
   660    737    887    876
   661    687    900    913
   662    710    903    887
   663    675    919    906
   664    709    855    936
   665    712    883    905
   666    730    866    904
   667    714    917    869
   668    750    869    881
   669    757    894    849
   670    746    903    851
   671    706    919    875
   672    723    910    867
   673    784    848    868
   674    761    886    853
   675    744    885    871
   676    691    916    893
   677    704    914    882
   678    673    933    894
   679    685    927    888
   680    688    892    920
   681    711    895    894
   682    754    845    901
   683    754    867    879
   684    752    855    893
   685    734    869    897
   686    759    866    875
   687    703    905    892
   688    682    899    919
   689    709    879    912
   690    699    863    938
   691    706    893    901
   692    715    890    895
   693    718    895    887
   694    725    902    873
   695    756    888    856
   696    741    905    854
   697    724    883    893
   698    764    859    877
   699    758    861    881
   700    729    919    852
   701    705    899    896
   702    684    903    913
   703    700    895    905
   704    709    887    904
   705    701    899    900
   706    700    929    871
   707    683    890    927
   708    672    888    940
   709    689    880    931
   710    701    877    922
   711    726    870    904
   712    717    887    896
   713    692    901    907
   714    732    900    868
   715    714    916    870
   716    687    920    893
   717    677    903    920
   718    705    885    910
   719    667    920    913
   720    695    877    928
   721    692    890    918
   722    686    890    924
   723    707    857    936
   724    734    873    893
   725    701    871    928
   726    734    862    904
   727    760    825    915
   728    768    868    864
   729    718    936    846
   730    709    933    858
   731    726    922    852
   732    695    929    876
   733    688    909    903
   734    684    928    888
   735    708    889    903
   736    723    861    916
   737    764    841    895
   738    785    834    881
   739    786    887    827
   740    718    896    886
   741    737    869    894
   742    711    884    905
   743    758    884    858
   744    714    941    845
   745    680    919    901
   746    734    911    855
   747    714    872    914
   748    703    886    911
   749    746    848    906
   750    769    865    866
   751    729    873    898
   752    705    888    907
   753    780    865    855
   754    793    849    858
   755    738    899    863
   756    714    876    910
   757    738    884    878
   758    754    857    889
   759    730    853    917
   760    743    862    895
   761    758    906    836
   762    720    893    887
   763    762    885    853
   764    727    866    907
   765    735    853    912
   766    791    840    869
   767    770    850    880
   768    821    865    814
   769    776    854    870
   770    758    890    852
   771    719    914    867
   772    720    896    884
   773    717    910    873
   774    721    910    869
   775    700    918    882
   776    668    931    901
   777    710    857    933
   778    752    846    902
   779    724    896    880
   780    706    908    886
   781    723    887    890
   782    692    933    875
   783    688    938    874
   784    702    879    919
   785    761    847    892
   786    744    869    887
   787    789    841    870
   788    758    858    884
   789    778    847    875
   790    751    881    868
   791    759    866    875
   792    740    908    852
   793    739    881    880
   794    729    853    918
   795    760    818    922
   796    787    851    862
   797    758    895    847
   798    755    879    866
   799    773    835    892
   800    773    809    918
   801    822    787    891
   802    804    861    835
   803    760    860    880
   804    790    892    818
   805    758    895    847
   806    748    874    878
   807    770    866    864
   808    742    893    865
   809    713    911    876
   810    652    924    924
   811    639    903    958
   812    682    874    944
   813    704    875    921
   814    730    893    877
   815    748    894    858
   816    735    861    904
   817    787    849    864
   818    754    889    857
   819    713    919    868
   820    713    894    893
   821    742    873    885
   822    745    865    890
   823    726    847    927
   824    712    852    936
   825    769    851    880
   826    801    834    865
   827    778    863    859
   828    734    914    852
   829    700    916    884
   830    721    885    894
   831    752    878    870
   832    720    904    876
   833    717    912    871
   834    679    945    876
   835    713    913    874
   836    716    893    891
   837    752    877    871
   838    749    846    905
   839    726    879    895
   840    734    873    893
   841    747    878    875
   842    716    895    889
   843    706    935    859
   844    750    881    869
   845    751    884    865
   846    773    865    862
   847    771    877    852
   848    784    865    851
   849    745    900    855
   850    743    894    863
   851    694    899    907
   852    703    901    896
   853    731    896    873
   854    737    863    900
   855    722    876    902
   856    727    852    921
   857    792    834    874
   858    765    878    857
   859    736    895    869
   860    715    938    847
   861    675    926    899
   862    669    919    912
   863    717    899    884
   864    689    915    896
   865    739    875    886
   866    747    869    884
   867    783    853    864
   868    731    883    886
   869    741    856    903
   870    770    849    881
   871    761    881    858
   872    760    878    862
   873    742    904    854
   874    712    905    883
   875    680    879    941
   876    723    884    893
   877    692    919    889
   878    688    926    886
   879    670    937    893
   880    700    915    885
   881    672    905    923
   882    669    881    950
   883    749    854    897
   884    752    860    888
   885    728    926    846
   886    704    904    892
   887    728    880    892
   888    690    901    909
   889    696    899    905
   890    724    912    864
   891    697    895    908
   892    689    935    876
   893    682    916    902
   894    670    939    891
   895    687    929    884
   896    684    941    875
   897    710    903    887
   898    710    877    913
   899    719    906    875
   900    698    927    875
   901    728    913    859
   902    714    888    898
   903    716    868    916
   904    713    910    877
   905    699    906    895
   906    697    901    902
   907    668    902    930
   908    682    886    932
   909    730    878    892
   910    707    919    874
   911    749    871    880
   912    743    879    878
   913    695    941    864
   914    690    891    919
   915    728    878    894
   916    723    884    893
   917    729    885    886
   918    737    849    914
   919    732    873    895
   920    734    892    874
   921    732    908    860
   922    722    899    879
   923    683    883    934
   924    703    911    886
   925    738    921    841
   926    677    915    908
   927    710    891    899
   928    709    899    892
   929    727    886    887
   930    707    941    852
   931    690    919    891
   932    687    936    877
   933    670    899    931
   934    665    921    914
   935    697    871    932
   936    715    900    885
   937    707    904    889
   938    736    887    877
   939    710    907    883
   940    694    911    895
   941    697    861    942
   942    725    869    906
   943    738    854    908
   944    734    874    892
   945    756    888    856
   946    712    919    869
   947    699    884    917
   948    750    863    887
   949    725    863    912
   950    707    883    910
   951    711    876    913
   952    744    858    898
   953    755    851    894
   954    730    889    881
   955    721    909    870
   956    724    896    880
   957    738    888    874
   958    708    886    906
   959    746    881    873
   960    732    895    873
   961    723    910    867
   962    741    875    884
   963    755    907    838
   964    748    930    822
   965    695    910    895
   966    699    881    920
   967    738    909    853
   968    663    968    869
   969    747    881    872
   970    750    848    902
   971    752    878    870
   972    712    895    893
   973    702    879    919
   974    746    846    908
   975    757    885    858
   976    725    910    865
   977    752    920    828
   978    734    902    864
   979    735    898    867
   980    743    886    871
   981    774    842    884
   982    737    891    872
   983    737    901    862
   984    764    879    857
   985    738    882    880
   986    779    841    880
   987    775    865    860
   988    717    876    907
   989    754    866    880
   990    789    848    863
   991    691    939    870
   992    711    895    894
   993    694    887    919
   994    737    853    910
   995    718    880    902
   996    735    847    918
   997    785    821    894
   998    763    838    899
   999    754    858    888
  1000    795    825    880
