# time (sweeps) | Susceptible | Infected | Recovered
     0   1255    710    535
     1   1265    713    522
     2   1269    738    493
     3   1256    786    458
     4   1232    761    507
     5   1223    782    495
     6   1218    795    487
     7   1198    812    490
     8   1164    831    505
     9   1141    822    537
    10   1152    813    535
    11   1160    783    557
    12   1179    774    547
    13   1202    794    504
    14   1174    831    495
    15   1227    760    513
    16   1265    759    476
    17   1223    776    501
    18   1250    713    537
    19   1262    710    528
    20   1275    726    499
    21   1208    769    523
    22   1181    797    522
    23   1170    821    509
    24   1140    860    500
    25   1121    808    571
    26   1135    799    566
    27   1169    796    535
    28   1181    803    516
    29   1212    752    536
    30   1236    749    515
    31   1186    802    512
    32   1199    779    522
    33   1194    770    536
    34   1184    802    514
    35   1199    778    523
    36   1183    776    541
    37   1227    750    523
    38   1190    789    521
    39   1220    795    485
    40   1196    822    482
    41   1211    776    513
    42   1190    774    536
    43   1222    792    486
    44   1208    805    487
    45   1149    843    508
    46   1163    804    533
    47   1159    815    526
    48   1199    779    522
    49   1166    808    526
    50   1191    781    528
    51   1129    822    549
    52   1162    776    562
    53   1166    759    575
    54   1204    734    562
    55   1210    743    547
    56   1208    756    536
    57   1207    774    519
    58   1203    790    507
    59   1236    777    487
    60   1187    787    526
    61   1219    746    535
    62   1232    778    490
    63   1204    751    545
    64   1196    780    524
    65   1171    826    503
    66   1199    791    510
    67   1240    774    486
    68   1250    768    482
    69   1234    788    478
    70   1164    843    493
    71   1155    839    506
    72   1127    841    532
    73   1162    807    531
    74   1143    797    560
    75   1198    782    520
    76   1166    817    517
    77   1178    800    522
    78   1137    839    524
    79   1162    778    560
    80   1192    762    546
    81   1255    728    517
    82   1285    751    464
    83   1263    764    473
    84   1233    780    487
    85   1249    744    507
    86   1181    788    531
    87   1212    780    508
    88   1216    770    514
    89   1223    745    532
    90   1258    731    511
    91   1253    763    484
    92   1216    801    483
    93   1195    782    523
    94   1173    771    556
    95   1193    784    523
    96   1191    738    571
    97   1226    773    501
    98   1203    795    502
    99   1188    829    483
   100   1146    824    530
   101   1196    804    500
   102   1174    795    531
   103   1125    809    566
   104   1131    816    553
   105   1141    791    568
   106   1186    779    535
   107   1179    810    511
   108   1199    747    554
   109   1200    768    532
   110   1223    789    488
   111   1220    779    501
   112   1167    810    523
   113   1206    790    504
   114   1181    808    511
   115   1186    803    511
   116   1178    794    528
   117   1187    778    535
   118   1228    758    514
   119   1157    824    519
   120   1148    821    531
   121   1152    806    542
   122   1132    813    555
   123   1175    785    540
   124   1189    767    544
   125   1211    751    538
   126   1199    769    532
   127   1209    788    503
   128   1169    825    506
   129   1155    815    530
   130   1137    821    542
   131   1163    778    559
   132   1180    779    541
   133   1185    795    520
   134   1143    794    563
   135   1125    806    569
   136   1155    785    560
   137   1161    805    534
   138   1218    767    515
   139   1244    756    500
   140   1236    774    490
   141   1251    761    488
   142   1223    751    526
   143   1256    737    507
   144   1253    756    491
   145   1224    767    509
   146   1223    782    495
   147   1177    793    530
   148   1199    741    560
   149   1176    772    552
   150   1194    780    526
   151   1198    775    527
   152   1250    752    498
   153   1266    762    472
   154   1256    767    477
   155   1209    776    515
   156   1197    782    521
   157   1202    810    488
   158   1209    781    510
   159   1175    791    534
   160   1176    793    531
   161   1180    780    540
   162   1191    781    528
   163   1212    757    531
   164   1209    759    532
   165   1205    799    496
   166   1205    780    515
   167   1200    797    503
   168   1185    788    527
   169   1227    768    505
   170   1214    767    519
   171   1208    757    535
   172   1190    772    538
   173   1226    771    503
   174   1175    809    516
   175   1182    810    508
   176   1121    818    561
   177   1108    848    544
   178   1147    817    536
   179   1182    776    542
   180   1218    738    544
   181   1262    705    533
   182   1293    718    489
   183   1284    758    458
   184   1256    760    484
   185   1300    726    474
   186   1226    776    498
   187   1223    778    499
   188   1226    762    512
   189   1221    772    507
   190   1223    796    481
   191   1120    826    554
   192   1159    792    549
   193   1213    740    547
   194   1227    739    534
   195   1287    731    482
   196   1294    738    468
   197   1238    768    494
   198   1197    796    507
   199   1200    765    535
   200   1182    787    531
   201   1158    786    556
   202   1207    761    532
   203   1219    770    511
   204   1219    783    498
   205   1205    761    534
   206   1191    765    544
   207   1221    758    521
   208   1226    781    493
   209   1174    805    521
   210   1155    829    516
   211   1158    801    541
   212   1186    778    536
   213   1181    783    536
   214   1190    779    531
   215   1229    757    514
   216   1249    739    512
   217   1245    732    523
   218   1222    773    505
   219   1209    773    518
   220   1193    793    514
   221   1192    773    535
   222   1211    760    529
   223   1240    775    485
   224   1215    758    527
   225   1227    754    519
   226   1171    783    546
   227   1174    770    556
   228   1195    785    520
   229   1199    786    515
   230   1202    804    494
   231   1189    806    505
   232   1207    755    538
   233   1241    750    509
   234   1224    756    520
   235   1187    789    524
   236   1158    787    555
   237   1186    771    543
   238   1193    764    543
   239   1187    751    562
   240   1242    708    550
   241   1246    751    503
   242   1187    795    518
   243   1191    804    505
   244   1168    824    508
   245   1187    800    513
   246   1194    781    525
   247   1242    728    530
   248   1230    774    496
   249   1179    816    505
   250   1167    801    532
   251   1189    802    509
   252   1202    776    522
   253   1189    792    519
   254   1198    771    531
   255   1201    767    532
   256   1253    759    488
   257   1219    778    503
   258   1248    765    487
   259   1198    809    493
   260   1200    798    502
   261   1210    769    521
   262   1207    774    519
   263   1166    833    501
   264   1189    793    518
   265   1192    762    546
   266   1179    806    515
   267   1199    803    498
   268   1204    789    507
   269   1214    788    498
   270   1144    813    543
   271   1175    792    533
   272   1163    806    531
   273   1151    827    522
   274   1185    762    553
   275   1183    766    551
   276   1194    758    548
   277   1208    770    522
   278   1214    784    502
   279   1233    763    504
   280   1215    791    494
   281   1203    773    524
   282   1244    751    505
   283   1235    743    522
   284   1203    781    516
   285   1173    797    530
   286   1217    773    510
   287   1240    756    504
   288   1218    762    520
   289   1228    764    508
   290   1240    727    533
   291   1259    738    503
   292   1257    748    495
   293   1248    764    488
   294   1251    760    489
   295   1238    764    498
   296   1207    796    497
   297   1181    772    547
   298   1223    760    517
   299   1240    757    503
   300   1256    750    494
   301   1229    782    489
   302   1184    789    527
   303   1165    822    513
   304   1140    828    532
   305   1137    811    552
   306   1147    817    536
   307   1186    790    524
   308   1190    803    507
   309   1197    786    517
   310   1210    776    514
   311   1241    776    483
   312   1208    788    504
   313   1163    786    551
   314   1200    783    517
   315   1214    779    507
   316   1218    753    529
   317   1181    785    534
   318   1184    767    549
   319   1263    740    497
   320   1227    768    505
   321   1211    772    517
   322   1210    764    526
   323   1229    772    499
   324   1206    747    547
   325   1236    767    497
   326   1239    743    518
   327   1188    797    515
   328   1204    775    521
   329   1189    786    525
   330   1169    828    503
   331   1201    786    513
   332   1206    792    502
   333   1178    792    530
   334   1178    781    541
   335   1172    805    523
   336   1153    825    522
   337   1156    812    532
   338   1167    780    553
   339   1206    750    544
   340   1179    785    536
   341   1173    808    519
   342   1174    804    522
   343   1181    786    533
   344   1153    826    521
   345   1170    796    534
   346   1178    822    500
   347   1150    853    497
   348   1159    820    521
   349   1176    778    546
   350   1235    740    525
   351   1245    757    498
   352   1261    774    465
   353   1212    803    485
   354   1180    825    495
   355   1181    781    538
   356   1188    764    548
   357   1181    798    521
   358   1156    793    551
   359   1219    747    534
   360   1259    738    503
   361   1240    706    554
   362   1275    719    506
   363   1277    714    509
   364   1255    733    512
   365   1206    757    537
   366   1218    755    527
   367   1260    711    529
   368   1282    705    513
   369   1277    741    482
   370   1220    794    486
   371   1176    810    514
   372   1212    773    515
   373   1243    769    488
   374   1173    828    499
   375   1189    821    490
   376   1183    833    484
   377   1190    795    515
   378   1181    765    554
   379   1230    747    523
   380   1208    744    548
   381   1219    767    514
   382   1236    765    499
   383   1226    749    525
   384   1200    773    527
   385   1202    819    479
   386   1183    828    489
   387   1138    858    504
   388   1125    834    541
   389   1136    842    522
   390   1115    869    516
   391   1096    853    551
   392   1090    851    559
   393   1110    837    553
   394   1134    831    535
   395   1102    846    552
   396   1147    792    561
   397   1189    744    567
   398   1229    767    504
   399   1229    787    484
   400   1206    770    524
   401   1212    776    512
   402   1254    739    507
   403   1209    747    544
   404   1203    744    553
   405   1234    733    533
   406   1248    767    485
   407   1194    804    502
   408   1183    793    524
   409   1201    764    535
   410   1266    741    493
   411   1284    706    510
   412   1284    738    478
   413   1268    792    440
   414   1217    804    479
   415   1175    787    538
   416   1190    793    517
   417   1153    813    534
   418   1162    799    539
   419   1172    773    555
   420   1193    735    572
   421   1217    756    527
   422   1223    750    527
   423   1235    739    526
   424   1260    726    514
   425   1240    758    502
   426   1230    774    496
   427   1240    732    528
   428   1230    735    535
   429   1224    751    525
   430   1229    769    502
   431   1176    786    538
   432   1202    793    505
   433   1196    773    531
   434   1186    781    533
   435   1188    777    535
   436   1169    804    527
   437   1186    797    517
   438   1215    780    505
   439   1210    768    522
   440   1189    789    522
   441   1216    768    516
   442   1232    739    529
   443   1233    754    513
   444   1224    760    516
   445   1252    730    518
   446   1252    762    486
   447   1241    779    480
   448   1209    795    496
   449   1184    791    525
   450   1175    762    563
   451   1230    746    524
   452   1254    761    485
   453   1240    743    517
   454   1214    751    535
   455   1225    771    504
   456   1237    739    524
   457   1256    707    537
   458   1269    737    494
   459   1243    751    506
   460   1213    773    514
   461   1202    784    514
   462   1145    835    520
   463   1158    834    508
   464   1110    821    569
   465   1186    774    540
   466   1178    814    508
   467   1151    837    512
   468   1122    813    565
   469   1159    815    526
   470   1167    792    541
   471   1210    774    516
   472   1173    814    513
   473   1166    814    520
   474   1163    807    530
   475   1206    739    555
   476   1252    722    526
   477   1286    742    472
   478   1233    792    475
   479   1180    843    477
   480   1154    836    510
   481   1152    809    539
   482   1178    797    525
   483   1165    788    547
   484   1194    775    531
   485   1219    754    527
   486   1245    743    512
   487   1240    739    521
   488   1222    772    506
   489   1189    790    521
   490   1209    777    514
   491   1229    761    510
   492   1251    762    487
   493   1184    809    507
   494   1181    802    517
   495   1175    784    541
   496   1206    777    517
   497   1216    747    537
   498   1252    745    503
   499   1262    734    504
   500   1292    733    475
   501   1240    767    493
   502   1231    769    500
   503   1202    785    513
   504   1186    781    533
   505   1251    768    481
   506   1209    814    477
   507   1167    819    514
   508   1166    803    531
   509   1121    824    555
   510   1122    826    552
   511   1171    824    505
   512   1164    786    550
   513   1144    781    575
   514   1203    769    528
   515   1200    759    541
   516   1202    748    550
   517   1227    755    518
   518   1191    784    525
   519   1165    834    501
   520   1135    813    552
   521   1117    821    562
   522   1184    775    541
   523   1223    764    513
   524   1206    784    510
   525   1181    803    516
   526   1181    829    490
   527   1175    809    516
   528   1146    830    524
   529   1186    778    536
   530   1217    740    543
   531   1245    728    527
   532   1251    750    499
   533   1248    714    538
   534   1281    719    500
   535   1250    728    522
   536   1278    704    518
   537   1234    751    515
   538   1199    758    543
   539   1260    755    485
   540   1209    819    472
   541   1179    789    532
   542   1169    769    562
   543   1178    758    564
   544   1203    773    524
   545   1200    782    518
   546   1203    774    523
   547   1212    728    560
   548   1295    722    483
   549   1258    794    448
   550   1179    811    510
   551   1200    777    523
   552   1214    794    492
   553   1154    806    540
   554   1160    787    553
   555   1176    782    542
   556   1211    780    509
   557   1194    781    525
   558   1231    752    517
   559   1259    726    515
   560   1253    752    495
   561   1221    767    512
   562   1249    747    504
   563   1268    758    474
   564   1239    774    487
   565   1215    795    490
   566   1226    766    508
   567   1213    796    491
   568   1160    854    486
   569   1153    809    538
   570   1199    758    543
   571   1230    778    492
   572   1268    762    470
   573   1264    775    461
   574   1201    808    491
   575   1202    812    486
   576   1199    780    521
   577   1207    749    544
   578   1218    734    548
   579   1274    724    502
   580   1267    740    493
   581   1248    737    515
   582   1234    741    525
   583   1242    739    519
   584   1239    772    489
   585   1224    762    514
   586   1204    777    519
   587   1204    784    512
   588   1194    775    531
   589   1260    757    483
   590   1261    738    501
   591   1265    725    510
   592   1231    755    514
   593   1216    772    512
   594   1242    771    487
   595   1248    741    511
   596   1264    743    493
   597   1227    757    516
   598   1223    775    502
   599   1209    809    482
   600   1170    822    508
   601   1187    785    528
   602   1192    768    540
   603   1181    761    558
   604   1157    795    548
   605   1188    754    558
   606   1251    724    525
   607   1282    727    491
   608   1244    785    471
   609   1210    813    477
   610   1212    780    508
   611   1148    848    504
   612   1177    809    514
   613   1191    781    528
   614   1211    782    507
   615   1173    830    497
   616   1158    810    532
   617   1177    770    553
   618   1200    780    520
   619   1210    756    534
   620   1230    791    479
   621   1202    782    516
   622   1236    773    491
   623   1206    764    530
   624   1198    798    504
   625   1190    797    513
   626   1181    810    509
   627   1189    799    512
   628   1208    785    507
   629   1224    774    502
   630   1221    756    523
   631   1222    754    524
   632   1226    776    498
   633   1220    779    501
   634   1174    797    529
   635   1216    755    529
   636   1227    746    527
   637   1252    730    518
   638   1254    741    505
   639   1226    771    503
   640   1181    821    498
   641   1151    808    541
   642   1176    779    545
   643   1213    752    535
   644   1244    723    533
   645   1251    720    529
   646   1285    731    484
   647   1209    786    505
   648   1215    794    491
   649   1206    799    495
   650   1195    779    526
   651   1197    786    517
   652   1165    776    559
   653   1140    779    581
   654   1219    729    552
   655   1255    709    536
   656   1301    689    510
   657   1296    705    499
   658   1280    771    449
   659   1220    772    508
   660   1199    782    519
   661   1182    784    534
   662   1182    785    533
   663   1187    786    527
   664   1204    748    548
   665   1186    791    523
   666   1194    787    519
   667   1198    783    519
   668   1203    776    521
   669   1214    776    510
   670   1232    751    517
   671   1219    786    495
   672   1183    767    550
   673   1188    775    537
   674   1266    729    505
   675   1276    717    507
   676   1233    755    512
   677   1245    754    501
   678   1231    789    480
   679   1216    786    498
   680   1182    814    504
   681   1179    789    532
   682   1216    752    532
   683   1239    756    505
   684   1210    777    513
   685   1233    755    512
   686   1252    745    503
   687   1253    732    515
   688   1231    775    494
   689   1224    767    509
   690   1200    803    497
   691   1198    790    512
   692   1179    807    514
   693   1197    819    484
   694   1164    828    508
   695   1128    843    529
   696   1135    787    578
   697   1169    803    528
   698   1167    791    542
   699   1171    813    516
   700   1149    805    546
   701   1204    771    525
   702   1191    806    503
   703   1175    781    544
   704   1218    777    505
   705   1170    829    501
   706   1130    834    536
   707   1143    797    560
   708   1167    787    546
   709   1173    803    524
   710   1190    779    531
   711   1179    775    546
   712   1178    777    545
   713   1200    785    515
   714   1194    785    521
   715   1172    835    493
   716   1135    835    530
   717   1169    780    551
   718   1152    813    535
   719   1132    828    540
   720   1185    800    515
   721   1172    791    537
   722   1190    772    538
   723   1181    803    516
   724   1164    797    539
   725   1156    776    568
   726   1149    791    560
   727   1179    781    540
   728   1176    788    536
   729   1167    813    520
   730   1179    778    543
   731   1171    794    535
   732   1155    804    541
   733   1184    801    515
   734   1163    804    533
   735   1193    766    541
   736   1208    756    536
   737   1203    758    539
   738   1225    767    508
   739   1244    743    513
   740   1214    775    511
   741   1190    790    520
   742   1201    768    531
   743   1203    761    536
   744   1229    737    534
   745   1225    754    521
   746   1217    790    493
   747   1198    811    491
   748   1204    761    535
   749   1208    779    513
   750   1269    736    495
   751   1243    760    497
   752   1214    777    509
   753   1219    758    523
   754   1180    794    526
   755   1182    794    524
   756   1189    804    507
   757   1192    784    524
   758   1167    760    573
   759   1210    738    552
   760   1255    724    521
   761   1221    762    517
   762   1206    745    549
   763   1256    755    489
   764   1233    780    487
   765   1231    771    498
   766   1212    800    488
   767   1222    775    503
   768   1242    748    510
   769   1251    732    517
   770   1207    766    527
   771   1219    809    472
   772   1191    804    505
   773   1197    790    513
   774   1174    804    522
   775   1199    789    512
   776   1186    812    502
   777   1180    784    536
   778   1190    782    528
   779   1190    806    504
   780   1194    804    502
   781   1151    783    566
   782   1183    745    572
   783   1180    773    547
   784   1180    808    512
   785   1211    793    496
   786   1183    782    535
   787   1220    748    532
   788   1210    760    530
   789   1190    783    527
   790   1207    771    522
   791   1213    792    495
   792   1203    799    498
   793   1182    782    536
   794   1211    745    544
   795   1240    751    509
   796   1234    796    470
   797   1185    793    522
   798   1234    768    498
   799   1211    747    542
   800   1258    757    485
   801   1249    774    477
   802   1222    801    477
   803   1153    826    521
   804   1158    829    513
   805   1177    816    507
   806   1212    793    495
   807   1249    747    504
   808   1244    767    489
   809   1223    766    511
   810   1230    781    489
   811   1220    781    499
   812   1192    755    553
   813   1200    752    548
   814   1210    781    509
   815   1218    785    497
   816   1218    810    472
   817   1212    796    492
   818   1180    759    561
   819   1176    794    530
   820   1243    744    513
   821   1228    773    499
   822   1210    755    535
   823   1206    796    498
   824   1228    750    522
   825   1236    745    519
   826   1241    754    505
   827   1219    754    527
   828   1211    792    497
   829   1233    762    505
   830   1239    772    489
   831   1234    779    487
   832   1197    788    515
   833   1201    793    506
   834   1218    791    491
   835   1164    813    523
   836   1185    776    539
   837   1252    737    511
   838   1222    743    535
   839   1216    727    557
   840   1239    753    508
   841   1277    757    466
   842   1221    781    498
   843   1212    772    516
   844   1188    806    506
   845   1180    810    510
   846   1185    799    516
   847   1162    793    545
   848   1175    758    567
   849   1199    793    508
   850   1228    752    520
   851   1232    732    536
   852   1240    757    503
   853   1223    775    502
   854   1190    815    495
   855   1192    792    516
   856   1156    814    530
   857   1166    811    523
   858   1142    810    548
   859   1197    797    506
   860   1162    821    517
   861   1143    823    534
   862   1192    796    512
   863   1214    764    522
   864   1248    723    529
   865   1193    798    509
   866   1207    797    496
   867   1200    767    533
   868   1194    778    528
   869   1179    790    531
   870   1193    792    515
   871   1174    788    538
   872   1254    718    528
   873   1244    767    489
   874   1210    810    480
   875   1196    799    505
   876   1168    822    510
   877   1176    779    545
   878   1204    760    536
   879   1222    740    538
   880   1262    724    514
   881   1304    715    481
   882   1233    741    526
   883   1286    721    493
   884   1281    751    468
   885   1224    769    507
   886   1215    770    515
   887   1245    755    500
   888   1235    751    514
   889   1247    725    528
   890   1288    702    510
   891   1269    739    492
   892   1248    745    507
   893   1226    770    504
   894   1234    780    486
   895   1193    797    510
   896   1215    759    526
   897   1249    747    504
   898   1251    746    503
   899   1221    789    490
   900   1177    805    518
   901   1215    787    498
   902   1204    795    501
   903   1216    771    513
   904   1213    804    483
   905   1205    791    504
   906   1214    774    512
   907   1267    737    496
   908   1258    740    502
   909   1220    779    501
   910   1177    796    527
   911   1214    805    481
   912   1186    816    498
   913   1175    817    508
   914   1170    808    522
   915   1206    748    546
   916   1253    757    490
   917   1265    751    484
   918   1230    762    508
   919   1205    787    508
   920   1164    819    517
   921   1197    788    515
   922   1168    803    529
   923   1188    751    561
   924   1238    729    533
   925   1202    756    542
   926   1259    751    490
   927   1184    776    540
   928   1177    779    544
   929   1177    805    518
   930   1156    792    552
   931   1135    799    566
   932   1153    810    537
   933   1145    823    532
   934   1181    820    499
   935   1177    822    501
   936   1152    819    529
   937   1147    826    527
   938   1160    812    528
   939   1188    765    547
   940   1208    754    538
   941   1280    728    492
   942   1285    718    497
   943   1290    698    512
   944   1255    730    515
   945   1306    695    499
   946   1257    758    485
   947   1284    695    521
   948   1279    727    494
   949   1277    722    501
   950   1230    758    512
   951   1228    744    528
   952   1240    757    503
   953   1190    802    508
   954   1174    807    519
   955   1140    812    548
   956   1151    813    536
   957   1183    784    533
   958   1223    732    545
   959   1207    767    526
   960   1172    829    499
   961   1133    841    526
   962   1116    853    531
   963   1136    812    552
   964   1134    808    558
   965   1184    764    552
   966   1211    774    515
   967   1233    749    518
   968   1233    791    476
   969   1220    773    507
   970   1201    804    495
   971   1169    798    533
   972   1138    812    550
   973   1191    750    559
   974   1193    764    543
   975   1179    780    541
   976   1191    760    549
   977   1186    774    540
   978   1244    757    499
   979   1280    728    492
   980   1274    747    479
   981   1247    755    498
   982   1241    751    508
   983   1176    796    528
   984   1173    809    518
   985   1234    732    534
   986   1209    794    497
   987   1167    803    530
   988   1179    796    525
   989   1172    826    502
   990   1127    823    550
   991   1159    817    524
   992   1152    802    546
   993   1149    797    554
   994   1184    782    534
   995   1182    761    557
   996   1174    757    569
   997   1184    747    569
   998   1211    769    520
   999   1258    744    498
  1000   1253    749    498
