# time (sweeps) | Susceptible | Infected | Recovered
     0    687    943    870
     1    683    980    837
     2    722    930    848
     3    751    917    832
     4    742    968    790
     5    716    953    831
     6    731    924    845
     7    774    934    792
     8    733    935    832
     9    733    967    800
    10    708    951    841
    11    735    939    826
    12    756    943    801
    13    687    980    833
    14    754    936    810
    15    735    957    808
    16    689   1004    807
    17    729    942    829
    18    757    966    777
    19    704    982    814
    20    719    971    810
    21    730    941    829
    22    733    955    812
    23    741    908    851
    24    741    917    842
    25    709    973    818
    26    740    963    797
    27    698    984    818
    28    670    984    846
    29    719    947    834
    30    738    937    825
    31    750    897    853
    32    730    924    846
    33    743    939    818
    34    727    966    807
    35    708    973    819
    36    670    976    854
    37    670    955    875
    38    688    981    831
    39    674    966    860
    40    723    938    839
    41    743    955    802
    42    728    946    826
    43    729    941    830
    44    708    922    870
    45    740    917    843
    46    731    952    817
    47    714    926    860
    48    743    940    817
    49    702    991    807
    50    670   1004    826
    51    694    984    822
    52    679    952    869
    53    673    956    871
    54    719    973    808
    55    685    984    831
    56    659   1008    833
    57    726    920    854
    58    735    916    849
    59    718    931    851
    60    793    878    829
    61    732    977    791
    62    695    975    830
    63    700    929    871
    64    726    929    845
    65    694    952    854
    66    703    952    845
    67    671    971    858
    68    705    963    832
    69    701    936    863
    70    686    936    878
    71    748    912    840
    72    761    891    848
    73    729    936    835
    74    712    959    829
    75    730    941    829
    76    764    950    786
    77    684   1012    804
    78    719    945    836
    79    697    947    856
    80    747    914    839
    81    719    936    845
    82    720    952    828
    83    710    998    792
    84    694    974    832
    85    714    966    820
    86    687    980    833
    87    688    979    833
    88    715    967    818
    89    726    960    814
    90    718    914    868
    91    773    899    828
    92    765    961    774
    93    725    944    831
    94    723    994    783
    95    739    963    798
    96    678   1034    788
    97    653   1012    835
    98    723    942    835
    99    735    932    833
   100    736    961    803
   101    747    926    827
   102    727    942    831
   103    711    953    836
   104    704    965    831
   105    696    972    832
   106    714    950    836
   107    726    931    843
   108    695    926    879
   109    720    928    852
   110    699    930    871
   111    712    959    829
   112    674    970    856
   113    704    948    848
   114    697    974    829
   115    715    946    839
   116    725    963    812
   117    721    955    824
   118    712    950    838
   119    701    972    827
   120    700    964    836
   121    708    953    839
   122    713    936    851
   123    767    931    802
   124    747    954    799
   125    728    955    817
   126    727    983    790
   127    706    997    797
   128    706    952    842
   129    761    930    809
   130    736    936    828
   131    709    980    811
   132    711    937    852
   133    738    952    810
   134    726    923    851
   135    714    950    836
   136    750    913    837
   137    709    982    809
   138    710    969    821
   139    673    966    861
   140    711    952    837
   141    713    948    839
   142    685    981    834
   143    707    962    831
   144    705    953    842
   145    692    931    877
   146    709    944    847
   147    698    936    866
   148    733    903    864
   149    774    886    840
   150    769    929    802
   151    755    915    830
   152    706    963    831
   153    694    965    841
   154    705    949    846
   155    727    899    874
   156    716    898    886
   157    756    930    814
   158    726    968    806
   159    696    960    844
   160    721    944    835
   161    699    962    839
   162    684    970    846
   163    686    969    845
   164    765    926    809
   165    747    974    779
   166    701    974    825
   167    694    977    829
   168    730    966    804
   169    729    948    823
   170    699    922    879
   171    702    938    860
   172    720    899    881
   173    731    922    847
   174    739    936    825
   175    742    976    782
   176    715    994    791
   177    695    998    807
   178    692    996    812
   179    728    919    853
   180    737    941    822
   181    684   1003    813
   182    699    961    840
   183    682    969    849
   184    717    944    839
   185    696    957    847
   186    710    934    856
   187    713    943    844
   188    762    922    816
   189    663    983    854
   190    687    949    864
   191    699    949    852
   192    683    974    843
   193    642   1023    835
   194    668    993    839
   195    693    980    827
   196    677    945    878
   197    704    957    839
   198    739    918    843
   199    733    964    803
   200    699    955    846
   201    693    955    852
   202    727    932    841
   203    721    946    833
   204    731    944    825
   205    712    962    826
   206    689    984    827
   207    692    974    834
   208    688    944    868
   209    727    974    799
   210    753    939    808
   211    697    987    816
   212    675    989    836
   213    675   1011    814
   214    700    967    833
   215    737    941    822
   216    749    933    818
   217    719    961    820
   218    739    965    796
   219    718    985    797
   220    699    959    842
   221    708    966    826
   222    727    944    829
   223    718    951    831
   224    681    961    858
   225    676    964    860
   226    666   1001    833
   227    675    968    857
   228    695    933    872
   229    706    942    852
   230    733    932    835
   231    688    961    851
   232    696    958    846
   233    698    969    833
   234    685    962    853
   235    693    967    840
   236    669    967    864
   237    757    906    837
   238    761    938    801
   239    746    912    842
   240    710    929    861
   241    693    974    833
   242    726    947    827
   243    717    955    828
   244    688    975    837
   245    681    981    838
   246    727    919    854
   247    773    904    823
   248    769    922    809
   249    726    958    816
   250    678    992    830
   251    695    988    817
   252    688    952    860
   253    714    936    850
   254    716    939    845
   255    705    914    881
   256    752    897    851
   257    733    971    796
   258    719    964    817
   259    689    994    817
   260    686    975    839
   261    701    966    833
   262    709    964    827
   263    724    977    799
   264    705   1025    770
   265    705   1003    792
   266    695    972    833
   267    714    963    823
   268    717    969    814
   269    672    984    844
   270    649    963    888
   271    706    927    867
   272    717    946    837
   273    701    964    835
   274    683    943    874
   275    703    964    833
   276    762    924    814
   277    741    945    814
   278    726    956    818
   279    743    952    805
   280    706    972    822
   281    747    932    821
   282    757    918    825
   283    750    917    833
   284    730    924    846
   285    741    953    806
   286    729    976    795
   287    714    948    838
   288    726    967    807
   289    720    971    809
   290    699   1008    793
   291    672    970    858
   292    721    956    823
   293    712    972    816
   294    721    959    820
   295    699    963    838
   296    720    933    847
   297    770    937    793
   298    724    976    800
   299    694   1003    803
   300    706    915    879
   301    734    963    803
   302    751    972    777
   303    745    933    822
   304    749    917    834
   305    750    951    799
   306    775    938    787
   307    720    996    784
   308    731    988    781
   309    730    964    806
   310    690   1005    805
   311    665    961    874
   312    683    966    851
   313    685    990    825
   314    680    992    828
   315    693    947    860
   316    679    964    857
   317    741    941    818
   318    747    944    809
   319    724    950    826
   320    735    949    816
   321    684    999    817
   322    708    945    847
   323    698    973    829
   324    697    969    834
   325    682   1038    780
   326    723    971    806
   327    697    986    817
   328    706    997    797
   329    723    963    814
   330    685    953    862
   331    723    926    851
   332    769    951    780
   333    717    964    819
   334    746    941    813
   335    754    940    806
   336    750    919    831
   337    698    949    853
   338    703    937    860
   339    746    930    824
   340    750    932    818
   341    730    959    811
   342    683    991    826
   343    643    986    871
   344    725    921    854
   345    737    896    867
   346    774    911    815
   347    684    968    848
   348    726    948    826
   349    750    967    783
   350    710    967    823
   351    680    981    839
   352    698    963    839
   353    672   1017    811
   354    626    995    879
   355    678    960    862
   356    738    946    816
   357    724    941    835
   358    703    995    802
   359    698    979    823
   360    705    966    829
   361    738    942    820
   362    769    930    801
   363    733    961    806
   364    716    960    824
   365    757    933    810
   366    679    992    829
   367    708    970    822
   368    725    963    812
   369    684    977    839
   370    720    964    816
   371    733    939    828
   372    705    980    815
   373    678    993    829
   374    715    933    852
   375    714    901    885
   376    782    891    827
   377    712    963    825
   378    711    984    805
   379    736    979    785
   380    725    982    793
   381    702    990    808
   382    721    970    809
   383    705    969    826
   384    688    982    830
   385    702    936    862
   386    737    924    839
   387    694    966    840
   388    650    999    851
   389    682    941    877
   390    717    954    829
   391    700    972    828
   392    665   1006    829
   393    687    966    847
   394    717    949    834
   395    721    935    844
   396    728    925    847
   397    733    976    791
   398    653   1023    824
   399    630   1004    866
   400    676    933    891
   401    705    936    859
   402    713    924    863
   403    721    929    850
   404    764    902    834
   405    762    905    833
   406    713    948    839
   407    718    951    831
   408    681    981    838
   409    713    959    828
   410    687    977    836
   411    707    936    857
   412    703    990    807
   413    680    991    829
   414    697    974    829
   415    723    964    813
   416    670    954    876
   417    670    963    867
   418    684    976    840
   419    675    988    837
   420    683    956    861
   421    703    933    864
   422    759    921    820
   423    748    910    842
   424    772    907    821
   425    727    933    840
   426    743    912    845
   427    752    950    798
   428    753    933    814
   429    771    926    803
   430    717    984    799
   431    699    991    810
   432    694    985    821
   433    703    999    798
   434    708    985    807
   435    682    986    832
   436    681    971    848
   437    730    917    853
   438    735    942    823
   439    719    927    854
   440    723    939    838
   441    734    933    833
   442    689    975    836
   443    670    990    840
   444    719    961    820
   445    741    931    828
   446    722    956    822
   447    685    955    860
   448    715    922    863
   449    711    945    844
   450    718    965    817
   451    712    979    809
   452    686   1026    788
   453    687    950    863
   454    720    915    865
   455    732    928    840
   456    704    950    846
   457    671   1011    818
   458    669    961    870
   459    704    940    856
   460    736    931    833
   461    720    960    820
   462    705    988    807
   463    694    975    831
   464    712    961    827
   465    709    970    821
   466    696    948    856
   467    730    957    813
   468    700    948    852
   469    723    949    828
   470    676   1006    818
   471    671    996    833
   472    719    939    842
   473    726    943    831
   474    731    953    816
   475    729    933    838
   476    730    934    836
   477    764    917    819
   478    763    886    851
   479    768    932    800
   480    770    922    808
   481    719    981    800
   482    744    960    796
   483    731    976    793
   484    699    966    835
   485    699    933    868
   486    683    935    882
   487    732    921    847
   488    724    971    805
   489    715    959    826
   490    695    971    834
   491    723    980    797
   492    692    977    831
   493    680    951    869
   494    701    964    835
   495    747    909    844
   496    722    927    851
   497    766    913    821
   498    750    909    841
   499    774    910    816
   500    702    965    833
   501    767    907    826
   502    781    947    772
   503    725   1003    772
   504    744    962    794
   505    720    959    821
   506    684    981    835
   507    713    925    862
   508    717    929    854
   509    717    942    841
   510    680    991    829
   511    694    973    833
   512    711    978    811
   513    656    986    858
   514    650    987    863
   515    654    955    891
   516    711    911    878
   517    720    907    873
   518    713    940    847
   519    699    974    827
   520    733    957    810
   521    732    974    794
   522    741    979    780
   523    731    933    836
   524    729    928    843
   525    667    991    842
   526    714    943    843
   527    725    972    803
   528    698    988    814
   529    675    989    836
   530    686    988    826
   531    718    951    831
   532    721    964    815
   533    709    968    823
   534    741    938    821
   535    765    911    824
   536    738    956    806
   537    710    965    825
   538    698    982    820
   539    658   1017    825
   540    672   1003    825
   541    659   1006    835
   542    680    975    845
   543    658   1011    831
   544    733    955    812
   545    692    995    813
   546    688    985    827
   547    724    964    812
   548    716    987    797
   549    687   1010    803
   550    690    972    838
   551    655    982    863
   552    680    984    836
   553    698    968    834
   554    696    958    846
   555    711    955    834
   556    689    969    842
   557    708    967    825
   558    729    930    841
   559    741    943    816
   560    705    984    811
   561    717    962    821
   562    718    977    805
   563    707    981    812
   564    711    970    819
   565    706    970    824
   566    668    994    838
   567    649    981    870
   568    697    910    893
   569    690    938    872
   570    687    936    877
   571    736    929    835
   572    746    940    814
   573    754    957    789
   574    697    982    821
   575    704    971    825
   576    703    974    823
   577    684    963    853
   578    721    900    879
   579    737    915    848
   580    733    903    864
   581    740    927    833
   582    732    942    826
   583    744    975    781
   584    684   1013    803
   585    668    980    852
   586    650    986    864
   587    713    978    809
   588    703    989    808
   589    709    970    821
   590    769    924    807
   591    738    954    808
   592    694    994    812
   593    658    959    883
   594    724    922    854
   595    717    932    851
   596    712    956    832
   597    693   1002    805
   598    695   1015    790
   599    690    948    862
   600    692    976    832
   601    706    956    838
   602    754    911    835
   603    782    909    809
   604    737    936    827
   605    732    935    833
   606    742    969    789
   607    735    970    795
   608    751    956    793
   609    733    978    789
   610    719    958    823
   611    669   1004    827
   612    695    966    839
   613    718    930    852
   614    711    955    834
   615    696    970    834
   616    722    950    828
   617    773    928    799
   618    741    952    807
   619    738    948    814
   620    716    936    848
   621    687    943    870
   622    718    919    863
   623    739    952    809
   624    700    971    829
   625    694    995    811
   626    702   1004    794
   627    681   1001    818
   628    717    964    819
   629    683    962    855
   630    737    926    837
   631    714    939    847
   632    717    937    846
   633    703    959    838
   634    718    934    848
   635    697    951    852
   636    716    922    862
   637    697    970    833
   638    686    947    867
   639    689    964    847
   640    715    954    831
   641    710    943    847
   642    737    958    805
   643    735    986    779
   644    688    980    832
   645    725    935    840
   646    761    916    823
   647    728    942    830
   648    710    945    845
   649    726    952    822
   650    773    880    847
   651    752    922    826
   652    749    915    836
   653    764    902    834
   654    751    970    779
   655    685    960    855
   656    697    962    841
   657    670    975    855
   658    737    911    852
   659    710    963    827
   660    688    986    826
   661    708    955    837
   662    723    969    808
   663    706    994    800
   664    738    953    809
   665    722    987    791
   666    687    972    841
   667    724    959    817
   668    747    940    813
   669    742    948    810
   670    740    952    808
   671    701    988    811
   672    668    988    844
   673    707    911    882
   674    756    878    866
   675    762    915    823
   676    759    931    810
   677    768    945    787
   678    756    974    770
   679    729    984    787
   680    740    959    801
   681    710    966    824
   682    689    978    833
   683    713    944    843
   684    719    959    822
   685    664   1006    830
   686    718    960    822
   687    678    996    826
   688    685    985    830
   689    689    957    854
   690    702    975    823
   691    678   1016    806
   692    685    995    820
   693    702    973    825
   694    705    975    820
   695    697    961    842
   696    717    970    813
   697    689    966    845
   698    703    971    826
   699    701    956    843
   700    700    948    852
   701    701    990    809
   702    684   1019    797
   703    690   1002    808
   704    704    987    809
   705    662   1008    830
   706    709    943    848
   707    700    975    825
   708    714    968    818
   709    712   1001    787
   710    678   1010    812
   711    678   1000    822
   712    664   1017    819
   713    665    985    850
   714    684    937    879
   715    709    946    845
   716    726    952    822
   717    757    937    806
   718    737    985    778
   719    703   1016    781
   720    706    962    832
   721    672    994    834
   722    699    978    823
   723    683    957    860
   724    727    928    845
   725    731    930    839
   726    769    877    854
   727    760    865    875
   728    750    924    826
   729    749    939    812
   730    739    942    819
   731    695   1010    795
   732    691    970    839
   733    704    944    852
   734    687    961    852
   735    706    968    826
   736    690    992    818
   737    705   1017    778
   738    691   1021    788
   739    647   1010    843
   740    658    984    858
   741    751    937    812
   742    741    946    813
   743    693    994    813
   744    721    933    846
   745    739    940    821
   746    708    984    808
   747    683    975    842
   748    722    931    847
   749    727    945    828
   750    760    904    836
   751    724    925    851
   752    745    932    823
   753    723    952    825
   754    755    898    847
   755    749    912    839
   756    737    946    817
   757    719   1004    777
   758    739    957    804
   759    711    968    821
   760    723    954    823
   761    713    955    832
   762    720    934    846
   763    667    966    867
   764    656    994    850
   765    712    958    830
   766    691    936    873
   767    736    918    846
   768    738    949    813
   769    721    951    828
   770    720    914    866
   771    721    946    833
   772    761    947    792
   773    765    937    798
   774    718    971    811
   775    709    978    813
   776    687   1006    807
   777    717    966    817
   778    696   1004    800
   779    678    993    829
   780    659   1011    830
   781    693    963    844
   782    726    916    858
   783    716    959    825
   784    718    948    834
   785    758    910    832
   786    714    979    807
   787    712    952    836
   788    736    964    800
   789    690    969    841
   790    767    939    794
   791    708    969    823
   792    715    948    837
   793    730   1004    766
   794    702   1008    790
   795    671    983    846
   796    708    983    809
   797    700    953    847
   798    722    940    838
   799    726    981    793
   800    708    993    799
   801    695    975    830
   802    711    933    856
   803    720    936    844
   804    722    955    823
   805    720    955    825
   806    736    956    808
   807    705    956    839
   808    727    947    826
   809    682    999    819
   810    679    970    851
   811    698    970    832
   812    720    946    834
   813    718    935    847
   814    714    930    856
   815    736    957    807
   816    696    972    832
   817    697    951    852
   818    712    944    844
   819    726    950    824
   820    717    959    824
   821    678    976    846
   822    746    949    805
   823    729    959    812
   824    696    959    845
   825    743    952    805
   826    746    971    783
   827    682    985    833
   828    698    942    860
   829    722    893    885
   830    763    905    832
   831    778    922    800
   832    729    970    801
   833    680    991    829
   834    683    983    834
   835    696    957    847
   836    707    980    813
   837    695    944    861
   838    717    971    812
   839    698    989    813
   840    683    988    829
   841    708    992    800
   842    684    975    841
   843    711    970    819
   844    723    948    829
   845    753    898    849
   846    734    934    832
   847    727    959    814
   848    722    933    845
   849    716    955    829
   850    707    977    816
   851    711    986    803
   852    692    985    823
   853    670    982    848
   854    679   1008    813
   855    664    988    848
   856    681    969    850
   857    688    950    862
   858    742    946    812
   859    711    978    811
   860    712    968    820
   861    694    941    865
   862    716    946    838
   863    738    933    829
   864    736    936    828
   865    747    904    849
   866    783    898    819
   867    767    916    817
   868    774    898    828
   869    729    976    795
   870    673   1016    811
   871    710    972    818
   872    710    936    854
   873    702    938    860
   874    692    975    833
   875    720    957    823
   876    693    923    884
   877    766    867    867
   878    800    898    802
   879    763    922    815
   880    774    882    844
   881    735    900    865
   882    783    888    829
   883    765    930    805
   884    722    958    820
   885    736    942    822
   886    714   1002    784
   887    683   1003    814
   888    656    976    868
   889    705    952    843
   890    720    922    858
   891    737    928    835
   892    726    926    848
   893    739    978    783
   894    711    958    831
   895    695    986    819
   896    695    974    831
   897    698    981    821
   898    685    981    834
   899    669   1000    831
   900    724    964    812
   901    708    954    838
   902    706    938    856
   903    723    942    835
   904    727    906    867
   905    728    933    839
   906    707    934    859
   907    726    908    866
   908    731    959    810
   909    702   1013    785
   910    692   1007    801
   911    722    970    808
   912    683    980    837
   913    697    966    837
   914    730    902    868
   915    733    942    825
   916    745    965    790
   917    704    979    817
   918    659   1007    834
   919    688    980    832
   920    703    986    811
   921    641   1002    857
   922    721    899    880
   923    743    915    842
   924    747    908    845
   925    728    942    830
   926    682   1020    798
   927    661   1004    835
   928    673    962    865
   929    689    964    847
   930    726    962    812
   931    730    960    810
   932    712    989    799
   933    749    947    804
   934    717    972    811
   935    732    929    839
   936    671    979    850
   937    667    932    901
   938    749    894    857
   939    781    896    823
   940    714    938    848
   941    740    925    835
   942    747    941    812
   943    720    953    827
   944    720    934    846
   945    706    924    870
   946    715    935    850
   947    728    934    838
   948    693    961    846
   949    702    961    837
   950    710    961    829
   951    715    957    828
   952    732    942    826
   953    726    924    850
   954    727    948    825
   955    726    910    864
   956    734    922    844
   957    727    926    847
   958    729    926    845
   959    717    942    841
   960    656    971    873
   961    702    968    830
   962    696    999    805
   963    636    994    870
   964    678    985    837
   965    675   1012    813
   966    639   1012    849
   967    701    939    860
   968    716    967    817
   969    720    959    821
   970    715    954    831
   971    709    950    841
   972    712    968    820
   973    696    968    836
   974    717    994    789
   975    742    967    791
   976    716    971    813
   977    708   1016    776
   978    696   1002    802
   979    668    956    876
   980    716    921    863
   981    732    931    837
   982    706    928    866
   983    733    916    851
   984    738    910    852
   985    732    948    820
   986    743    933    824
   987    738    937    825
   988    732    972    796
   989    754    931    815
   990    741    912    847
   991    687    953    860
   992    739    910    851
   993    728    913    859
   994    699    954    847
   995    689    931    880
   996    700    949    851
   997    738    931    831
   998    734    919    847
   999    721    946    833
  1000    742    965    793
