# time (sweeps) | Susceptible | Infected | Recovered
     0   1404    719    377
     1   1420    711    369
     2   1408    719    373
     3   1385    743    372
     4   1404    710    386
     5   1461    667    372
     6   1471    678    351
     7   1455    689    356
     8   1433    692    375
     9   1408    722    370
    10   1392    768    340
    11   1343    760    397
    12   1356    764    380
    13   1347    751    402
    14   1382    722    396
    15   1395    730    375
    16   1355    759    386
    17   1347    773    380
    18   1384    739    377
    19   1340    763    397
    20   1373    748    379
    21   1371    741    388
    22   1367    777    356
    23   1372    755    373
    24   1345    776    379
    25   1375    734    391
    26   1347    789    364
    27   1367    757    376
    28   1395    757    348
    29   1356    758    386
    30   1413    728    359
    31   1362    768    370
    32   1313    774    413
    33   1370    761    369
    34   1366    778    356
    35   1364    728    408
    36   1359    753    388
    37   1345    771    384
    38   1359    758    383
    39   1358    745    397
    40   1362    755    383
    41   1393    711    396
    42   1387    715    398
    43   1378    724    398
    44   1395    760    345
    45   1358    763    379
    46   1336    760    404
    47   1377    711    412
    48   1366    755    379
    49   1373    732    395
    50   1388    728    384
    51   1337    767    396
    52   1382    721    397
    53   1446    698    356
    54   1417    740    343
    55   1390    760    350
    56   1329    784    387
    57   1349    772    379
    58   1336    773    391
    59   1368    738    394
    60   1336    769    395
    61   1346    782    372
    62   1351    765    384
    63   1342    820    338
    64   1301    821    378
    65   1329    778    393
    66   1402    729    369
    67   1450    717    333
    68   1432    731    337
    69   1418    704    378
    70   1435    711    354
    71   1419    715    366
    72   1442    680    378
    73   1418    706    376
    74   1395    727    378
    75   1389    737    374
    76   1411    735    354
    77   1370    763    367
    78   1358    770    372
    79   1348    778    374
    80   1353    760    387
    81   1349    748    403
    82   1367    750    383
    83   1374    756    370
    84   1365    749    386
    85   1374    713    413
    86   1403    720    377
    87   1419    742    339
    88   1403    739    358
    89   1384    742    374
    90   1348    752    400
    91   1400    735    365
    92   1403    727    370
    93   1368    767    365
    94   1348    739    413
    95   1414    727    359
    96   1399    746    355
    97   1375    727    398
    98   1347    760    393
    99   1355    778    367
   100   1361    735    404
   101   1360    749    391
   102   1397    715    388
   103   1394    733    373
   104   1375    760    365
   105   1394    755    351
   106   1380    769    351
   107   1343    769    388
   108   1378    745    377
   109   1378    732    390
   110   1372    752    376
   111   1335    773    392
   112   1314    780    406
   113   1340    757    403
   114   1333    768    399
   115   1361    758    381
   116   1319    799    382
   117   1333    787    380
   118   1367    741    392
   119   1382    732    386
   120   1376    752    372
   121   1363    757    380
   122   1382    761    357
   123   1375    714    411
   124   1398    716    386
   125   1377    730    393
   126   1387    701    412
   127   1380    722    398
   128   1391    733    376
   129   1403    732    365
   130   1426    691    383
   131   1416    723    361
   132   1398    735    367
   133   1383    768    349
   134   1376    769    355
   135   1367    760    373
   136   1343    781    376
   137   1321    800    379
   138   1301    800    399
   139   1318    767    415
   140   1321    784    395
   141   1325    771    404
   142   1375    728    397
   143   1387    737    376
   144   1359    762    379
   145   1359    762    379
   146   1334    781    385
   147   1351    746    403
   148   1349    759    392
   149   1342    764    394
   150   1360    772    368
   151   1327    785    388
   152   1371    715    414
   153   1373    735    392
   154   1334    760    406
   155   1304    814    382
   156   1382    743    375
   157   1377    750    373
   158   1350    768    382
   159   1366    757    377
   160   1369    754    377
   161   1312    777    411
   162   1300    799    401
   163   1329    791    380
   164   1334    758    408
   165   1387    728    385
   166   1432    706    362
   167   1412    723    365
   168   1384    738    378
   169   1406    728    366
   170   1418    719    363
   171   1417    703    380
   172   1441    727    332
   173   1375    753    372
   174   1370    752    378
   175   1340    750    410
   176   1344    730    426
   177   1358    716    426
   178   1391    722    387
   179   1405    710    385
   180   1419    734    347
   181   1391    754    355
   182   1378    758    364
   183   1390    741    369
   184   1373    747    380
   185   1364    740    396
   186   1391    705    404
   187   1423    746    331
   188   1417    694    389
   189   1433    710    357
   190   1437    707    356
   191   1422    730    348
   192   1413    729    358
   193   1383    762    355
   194   1357    793    350
   195   1342    752    406
   196   1330    773    397
   197   1338    774    388
   198   1416    689    395
   199   1440    685    375
   200   1492    682    326
   201   1468    688    344
   202   1411    698    391
   203   1413    733    354
   204   1388    735    377
   205   1402    728    370
   206   1383    736    381
   207   1384    738    378
   208   1359    747    394
   209   1322    779    399
   210   1344    775    381
   211   1321    804    375
   212   1295    802    403
   213   1298    824    378
   214   1277    822    401
   215   1329    774    397
   216   1310    807    383
   217   1311    800    389
   218   1285    843    372
   219   1283    777    440
   220   1334    728    438
   221   1387    738    375
   222   1410    676    414
   223   1428    690    382
   224   1404    735    361
   225   1406    752    342
   226   1381    727    392
   227   1378    754    368
   228   1380    746    374
   229   1372    750    378
   230   1396    740    364
   231   1446    691    363
   232   1446    699    355
   233   1397    721    382
   234   1435    681    384
   235   1437    717    346
   236   1432    707    361
   237   1452    686    362
   238   1460    683    357
   239   1440    714    346
   240   1438    685    377
   241   1478    655    367
   242   1461    666    373
   243   1471    663    366
   244   1443    698    359
   245   1439    684    377
   246   1451    663    386
   247   1457    683    360
   248   1454    695    351
   249   1425    735    340
   250   1403    730    367
   251   1403    692    405
   252   1419    671    410
   253   1416    699    385
   254   1423    709    368
   255   1429    718    353
   256   1422    677    401
   257   1441    680    379
   258   1463    641    396
   259   1475    682    343
   260   1451    702    347
   261   1465    683    352
   262   1427    711    362
   263   1400    716    384
   264   1430    726    344
   265   1398    740    362
   266   1374    755    371
   267   1361    742    397
   268   1391    746    363
   269   1381    742    377
   270   1391    744    365
   271   1381    733    386
   272   1430    693    377
   273   1450    682    368
   274   1456    656    388
   275   1478    686    336
   276   1448    677    375
   277   1454    667    379
   278   1468    664    368
   279   1545    607    348
   280   1499    675    326
   281   1468    668    364
   282   1427    693    380
   283   1442    686    372
   284   1429    698    373
   285   1395    730    375
   286   1379    741    380
   287   1403    725    372
   288   1431    727    342
   289   1391    749    360
   290   1379    760    361
   291   1407    707    386
   292   1390    749    361
   293   1381    752    367
   294   1443    689    368
   295   1447    678    375
   296   1389    695    416
   297   1405    715    380
   298   1426    691    383
   299   1444    666    390
   300   1404    713    383
   301   1417    743    340
   302   1359    765    376
   303   1355    754    391
   304   1361    742    397
   305   1347    749    404
   306   1361    734    405
   307   1376    732    392
   308   1383    751    366
   309   1369    738    393
   310   1394    747    359
   311   1403    737    360
   312   1363    752    385
   313   1363    773    364
   314   1352    757    391
   315   1333    792    375
   316   1362    767    371
   317   1368    754    378
   318   1366    746    388
   319   1371    734    395
   320   1368    692    440
   321   1410    714    376
   322   1448    695    357
   323   1415    722    363
   324   1432    693    375
   325   1458    687    355
   326   1469    682    349
   327   1454    688    358
   328   1480    690    330
   329   1460    713    327
   330   1403    726    371
   331   1433    709    358
   332   1409    739    352
   333   1411    736    353
   334   1420    706    374
   335   1442    673    385
   336   1446    711    343
   337   1453    699    348
   338   1400    733    367
   339   1433    705    362
   340   1447    684    369
   341   1421    703    376
   342   1403    737    360
   343   1413    698    389
   344   1411    718    371
   345   1421    723    356
   346   1433    722    345
   347   1407    708    385
   348   1419    716    365
   349   1414    724    362
   350   1435    710    355
   351   1418    716    366
   352   1424    707    369
   353   1408    708    384
   354   1403    718    379
   355   1389    754    357
   356   1370    759    371
   357   1345    759    396
   358   1345    750    405
   359   1358    740    402
   360   1364    754    382
   361   1328    770    402
   362   1345    765    390
   363   1326    784    390
   364   1346    759    395
   365   1370    734    396
   366   1328    779    393
   367   1327    786    387
   368   1326    770    404
   369   1351    751    398
   370   1393    703    404
   371   1392    726    382
   372   1390    721    389
   373   1437    682    381
   374   1478    682    340
   375   1466    668    366
   376   1462    668    370
   377   1435    713    352
   378   1420    707    373
   379   1397    733    370
   380   1439    710    351
   381   1415    702    383
   382   1427    707    366
   383   1410    733    357
   384   1355    758    387
   385   1390    704    406
   386   1389    739    372
   387   1353    752    395
   388   1363    767    370
   389   1323    793    384
   390   1329    765    406
   391   1315    811    374
   392   1294    829    377
   393   1294    835    371
   394   1313    792    395
   395   1311    778    411
   396   1362    755    383
   397   1385    733    382
   398   1444    711    345
   399   1413    731    356
   400   1412    751    337
   401   1354    762    384
   402   1371    749    380
   403   1363    756    381
   404   1366    734    400
   405   1402    711    387
   406   1403    726    371
   407   1421    703    376
   408   1419    710    371
   409   1442    687    371
   410   1429    689    382
   411   1412    713    375
   412   1448    693    359
   413   1437    733    330
   414   1363    770    367
   415   1354    758    388
   416   1359    749    392
   417   1368    755    377
   418   1342    734    424
   419   1420    718    362
   420   1410    713    377
   421   1390    729    381
   422   1397    749    354
   423   1276    809    415
   424   1301    793    406
   425   1358    727    415
   426   1392    718    390
   427   1399    722    379
   428   1356    755    389
   429   1345    747    408
   430   1363    728    409
   431   1379    713    408
   432   1414    669    417
   433   1444    682    374
   434   1438    694    368
   435   1411    722    367
   436   1427    705    368
   437   1372    732    396
   438   1400    739    361
   439   1403    726    371
   440   1384    759    357
   441   1377    765    358
   442   1340    773    387
   443   1330    763    407
   444   1375    725    400
   445   1436    712    352
   446   1459    706    335
   447   1388    745    367
   448   1373    751    376
   449   1374    754    372
   450   1370    776    354
   451   1369    771    360
   452   1350    735    415
   453   1331    735    434
   454   1369    707    424
   455   1383    712    405
   456   1436    732    332
   457   1402    764    334
   458   1398    724    378
   459   1375    748    377
   460   1328    804    368
   461   1341    794    365
   462   1311    783    406
   463   1334    772    394
   464   1333    780    387
   465   1361    766    373
   466   1363    736    401
   467   1384    732    384
   468   1379    729    392
   469   1412    711    377
   470   1469    686    345
   471   1423    712    365
   472   1482    678    340
   473   1487    695    318
   474   1416    729    355
   475   1400    724    376
   476   1400    730    370
   477   1375    747    378
   478   1408    735    357
   479   1407    751    342
   480   1383    770    347
   481   1334    754    412
   482   1334    767    399
   483   1385    700    415
   484   1401    724    375
   485   1366    723    411
   486   1388    722    390
   487   1385    734    381
   488   1406    716    378
   489   1408    709    383
   490   1434    711    355
   491   1445    689    366
   492   1386    726    388
   493   1411    696    393
   494   1403    730    367
   495   1356    793    351
   496   1348    767    385
   497   1324    785    391
   498   1344    771    385
   499   1346    732    422
   500   1346    804    350
   501   1349    744    407
   502   1386    726    388
   503   1372    733    395
   504   1401    726    373
   505   1413    692    395
   506   1403    742    355
   507   1386    751    363
   508   1349    755    396
   509   1354    743    403
   510   1365    723    412
   511   1381    723    396
   512   1361    737    402
   513   1367    730    403
   514   1409    705    386
   515   1421    699    380
   516   1457    665    378
   517   1442    701    357
   518   1458    709    333
   519   1400    748    352
   520   1374    777    349
   521   1382    718    400
   522   1392    745    363
   523   1348    772    380
   524   1330    771    399
   525   1337    771    392
   526   1381    763    356
   527   1367    750    383
   528   1361    751    388
   529   1388    717    395
   530   1414    732    354
   531   1385    758    357
   532   1415    704    381
   533   1437    687    376
   534   1421    741    338
   535   1399    741    360
   536   1357    780    363
   537   1374    760    366
   538   1341    774    385
   539   1336    792    372
   540   1343    788    369
   541   1336    774    390
   542   1360    748    392
   543   1377    742    381
   544   1397    726    377
   545   1360    762    378
   546   1347    767    386
   547   1299    813    388
   548   1296    779    425
   549   1351    719    430
   550   1361    754    385
   551   1347    752    401
   552   1352    735    413
   553   1380    704    416
   554   1380    736    384
   555   1413    710    377
   556   1404    725    371
   557   1416    706    378
   558   1393    713    394
   559   1408    706    386
   560   1435    695    370
   561   1415    698    387
   562   1422    713    365
   563   1375    738    387
   564   1394    725    381
   565   1385    737    378
   566   1374    749    377
   567   1431    682    387
   568   1411    721    368
   569   1374    768    358
   570   1381    745    374
   571   1352    758    390
   572   1334    764    402
   573   1353    730    417
   574   1376    720    404
   575   1401    735    364
   576   1382    753    365
   577   1343    795    362
   578   1325    775    400
   579   1327    765    408
   580   1347    754    399
   581   1354    732    414
   582   1372    732    396
   583   1418    721    361
   584   1373    754    373
   585   1393    748    359
   586   1377    745    378
   587   1396    743    361
   588   1410    763    327
   589   1315    808    377
   590   1326    762    412
   591   1330    775    395
   592   1310    798    392
   593   1334    755    411
   594   1376    717    407
   595   1398    732    370
   596   1403    711    386
   597   1428    725    347
   598   1363    713    424
   599   1391    714    395
   600   1398    744    358
   601   1360    762    378
   602   1343    768    389
   603   1342    760    398
   604   1383    750    367
   605   1362    728    410
   606   1369    769    362
   607   1348    760    392
   608   1342    764    394
   609   1371    753    376
   610   1392    733    375
   611   1368    742    390
   612   1438    679    383
   613   1442    678    380
   614   1445    683    372
   615   1435    665    400
   616   1458    682    360
   617   1468    690    342
   618   1436    720    344
   619   1416    736    348
   620   1421    718    361
   621   1405    735    360
   622   1430    709    361
   623   1435    712    353
   624   1388    737    375
   625   1332    798    370
   626   1350    783    367
   627   1365    750    385
   628   1392    740    368
   629   1392    746    362
   630   1399    721    380
   631   1342    771    387
   632   1364    744    392
   633   1368    763    369
   634   1351    776    373
   635   1370    740    390
   636   1369    776    355
   637   1359    756    385
   638   1369    766    365
   639   1347    782    371
   640   1362    761    377
   641   1341    775    384
   642   1389    701    410
   643   1423    728    349
   644   1425    722    353
   645   1399    712    389
   646   1442    686    372
   647   1420    715    365
   648   1420    711    369
   649   1428    687    385
   650   1426    669    405
   651   1476    649    375
   652   1485    635    380
   653   1524    629    347
   654   1496    678    326
   655   1450    718    332
   656   1373    752    375
   657   1390    730    380
   658   1386    738    376
   659   1418    733    349
   660   1411    754    335
   661   1376    755    369
   662   1379    725    396
   663   1375    745    380
   664   1338    744    418
   665   1382    754    364
   666   1389    739    372
   667   1414    708    378
   668   1416    688    396
   669   1382    754    364
   670   1360    752    388
   671   1349    768    383
   672   1364    775    361
   673   1365    740    395
   674   1319    782    399
   675   1335    776    389
   676   1310    809    381
   677   1285    837    378
   678   1309    769    422
   679   1348    748    404
   680   1340    750    410
   681   1379    745    376
   682   1402    719    379
   683   1398    736    366
   684   1393    715    392
   685   1404    712    384
   686   1417    733    350
   687   1412    732    356
   688   1430    687    383
   689   1414    691    395
   690   1413    695    392
   691   1402    715    383
   692   1390    719    391
   693   1436    720    344
   694   1386    727    387
   695   1426    691    383
   696   1421    716    363
   697   1419    700    381
   698   1386    717    397
   699   1353    748    399
   700   1387    731    382
   701   1385    721    394
   702   1373    736    391
   703   1377    735    388
   704   1412    706    382
   705   1427    709    364
   706   1385    743    372
   707   1393    717    390
   708   1390    736    374
   709   1390    763    347
   710   1357    788    355
   711   1380    757    363
   712   1313    805    382
   713   1335    796    369
   714   1309    816    375
   715   1276    808    416
   716   1325    781    394
   717   1367    740    393
   718   1381    766    353
   719   1352    769    379
   720   1394    758    348
   721   1377    747    376
   722   1390    738    372
   723   1359    771    370
   724   1391    731    378
   725   1369    762    369
   726   1390    730    380
   727   1400    715    385
   728   1416    715    369
   729   1346    755    399
   730   1371    752    377
   731   1357    783    360
   732   1366    765    369
   733   1363    732    405
   734   1404    687    409
   735   1436    667    397
   736   1466    657    377
   737   1462    691    347
   738   1436    695    369
   739   1398    753    349
   740   1402    715    383
   741   1377    730    393
   742   1389    735    376
   743   1404    722    374
   744   1415    722    363
   745   1405    718    377
   746   1418    717    365
   747   1390    730    380
   748   1366    734    400
   749   1363    744    393
   750   1340    747    413
   751   1383    731    386
   752   1389    722    389
   753   1377    747    376
   754   1375    727    398
   755   1405    699    396
   756   1402    693    405
   757   1411    713    376
   758   1457    680    363
   759   1423    718    359
   760   1391    744    365
   761   1356    763    381
   762   1351    779    370
   763   1371    757    372
   764   1367    755    378
   765   1354    768    378
   766   1371    761    368
   767   1369    742    389
   768   1356    735    409
   769   1378    722    400
   770   1411    703    386
   771   1429    697    374
   772   1442    689    369
   773   1447    687    366
   774   1398    733    369
   775   1409    727    364
   776   1395    710    395
   777   1384    717    399
   778   1378    724    398
   779   1428    719    353
   780   1405    732    363
   781   1397    756    347
   782   1372    770    358
   783   1351    756    393
   784   1374    749    377
   785   1358    743    399
   786   1402    717    381
   787   1377    737    386
   788   1360    736    404
   789   1376    726    398
   790   1354    766    380
   791   1383    747    370
   792   1379    755    366
   793   1347    754    399
   794   1360    750    390
   795   1386    726    388
   796   1414    704    382
   797   1447    700    353
   798   1396    719    385
   799   1461    675    364
   800   1428    713    359
   801   1416    725    359
   802   1413    738    349
   803   1405    713    382
   804   1406    738    356
   805   1339    783    378
   806   1351    757    392
   807   1354    772    374
   808   1331    762    407
   809   1363    740    397
   810   1372    742    386
   811   1386    751    363
   812   1368    759    373
   813   1343    763    394
   814   1351    748    401
   815   1386    734    380
   816   1337    780    383
   817   1327    795    378
   818   1317    786    397
   819   1331    756    413
   820   1367    744    389
   821   1358    774    368
   822   1350    779    371
   823   1384    727    389
   824   1411    703    386
   825   1421    698    381
   826   1451    697    352
   827   1447    699    354
   828   1431    701    368
   829   1463    670    367
   830   1471    677    352
   831   1448    721    331
   832   1422    694    384
   833   1426    706    368
   834   1388    736    376
   835   1424    675    401
   836   1383    736    381
   837   1386    744    370
   838   1401    749    350
   839   1376    751    373
   840   1412    717    371
   841   1430    711    359
   842   1391    749    360
   843   1395    735    370
   844   1390    742    368
   845   1365    713    422
   846   1396    714    390
   847   1389    729    382
   848   1394    716    390
   849   1420    717    363
   850   1413    734    353
   851   1404    712    384
   852   1415    691    394
   853   1403    733    364
   854   1436    712    352
   855   1438    688    374
   856   1415    721    364
   857   1408    710    382
   858   1403    723    374
   859   1403    716    381
   860   1424    683    393
   861   1474    685    341
   862   1450    683    367
   863   1447    675    378
   864   1468    697    335
   865   1455    703    342
   866   1449    657    394
   867   1476    696    328
   868   1470    691    339
   869   1472    683    345
   870   1463    710    327
   871   1376    735    389
   872   1396    726    378
   873   1379    762    359
   874   1382    741    377
   875   1340    768    392
   876   1357    744    399
   877   1350    740    410
   878   1369    740    391
   879   1320    769    411
   880   1326    767    407
   881   1356    727    417
   882   1396    746    358
   883   1378    764    358
   884   1353    785    362
   885   1326    776    398
   886   1381    727    392
   887   1381    698    421
   888   1363    734    403
   889   1379    716    405
   890   1387    738    375
   891   1363    768    369
   892   1378    734    388
   893   1391    729    380
   894   1392    710    398
   895   1399    703    398
   896   1410    734    356
   897   1414    728    358
   898   1388    734    378
   899   1463    666    371
   900   1450    678    372
   901   1448    693    359
   902   1456    705    339
   903   1454    692    354
   904   1460    680    360
   905   1459    673    368
   906   1429    693    378
   907   1428    699    373
   908   1385    729    386
   909   1343    755    402
   910   1346    734    420
   911   1368    721    411
   912   1390    727    383
   913   1382    751    367
   914   1304    796    400
   915   1324    779    397
   916   1356    786    358
   917   1361    749    390
   918   1393    718    389
   919   1336    774    390
   920   1373    764    363
   921   1387    753    360
   922   1349    758    393
   923   1360    748    392
   924   1369    708    423
   925   1366    724    410
   926   1398    697    405
   927   1368    754    378
   928   1396    733    371
   929   1359    766    375
   930   1360    737    403
   931   1418    711    371
   932   1435    707    358
   933   1450    725    325
   934   1409    719    372
   935   1401    714    385
   936   1392    734    374
   937   1413    735    352
   938   1399    740    361
   939   1426    711    363
   940   1464    681    355
   941   1445    703    352
   942   1488    670    342
   943   1414    726    360
   944   1402    705    393
   945   1403    750    347
   946   1374    753    373
   947   1379    787    334
   948   1360    785    355
   949   1366    746    388
   950   1365    745    390
   951   1357    728    415
   952   1371    734    395
   953   1390    735    375
   954   1377    742    381
   955   1403    728    369
   956   1380    737    383
   957   1358    754    388
   958   1390    712    398
   959   1424    722    354
   960   1413    720    367
   961   1390    747    363
   962   1366    737    397
   963   1375    748    377
   964   1334    811    355
   965   1335    789    376
   966   1332    805    363
   967   1333    768    399
   968   1354    747    399
   969   1371    759    370
   970   1374    743    383
   971   1354    777    369
   972   1372    726    402
   973   1412    725    363
   974   1411    722    367
   975   1404    719    377
   976   1368    738    394
   977   1395    706    399
   978   1364    747    389
   979   1354    719    427
   980   1366    743    391
   981   1380    741    379
   982   1373    722    405
   983   1386    731    383
   984   1402    754    344
   985   1397    737    366
   986   1393    755    352
   987   1349    772    379
   988   1343    773    384
   989   1341    783    376
   990   1330    776    394
   991   1397    732    371
   992   1403    701    396
   993   1490    680    330
   994   1467    694    339
   995   1455    678    367
   996   1433    703    364
   997   1427    721    352
   998   1385    746    369
   999   1416    719    365
  1000   1399    740    361
