# time (sweeps) | Susceptible | Infected | Recovered
     0   1195    381    924
     1   1217    381    902
     2   1193    399    908
     3   1201    351    948
     4   1192    350    958
     5   1255    314    931
     6   1305    308    887
     7   1333    313    854
     8   1285    352    863
     9   1290    333    877
    10   1294    346    860
    11   1277    359    864
    12   1270    372    858
    13   1297    345    858
    14   1273    363    864
    15   1243    380    877
    16   1280    346    874
    17   1283    321    896
    18   1328    300    872
    19   1304    335    861
    20   1296    351    853
    21   1270    349    881
    22   1290    323    887
    23   1245    376    879
    24   1202    382    916
    25   1239    346    915
    26   1247    342    911
    27   1261    324    915
    28   1268    324    908
    29   1307    327    866
    30   1290    342    868
    31   1224    395    881
    32   1225    390    885
    33   1179    408    913
    34   1172    402    926
    35   1202    360    938
    36   1250    332    918
    37   1238    344    918
    38   1248    353    899
    39   1221    393    886
    40   1192    409    899
    41   1181    427    892
    42   1161    418    921
    43   1119    430    951
    44   1130    393    977
    45   1145    366    989
    46   1194    353    953
    47   1223    358    919
    48   1212    364    924
    49   1216    382    902
    50   1214    381    905
    51   1191    381    928
    52   1187    386    927
    53   1196    386    918
    54   1137    431    932
    55   1119    421    960
    56   1058    439   1003
    57   1063    425   1012
    58   1052    422   1026
    59   1068    387   1045
    60   1104    361   1035
    61   1123    359   1018
    62   1165    363    972
    63   1198    365    937
    64   1207    359    934
    65   1210    360    930
    66   1219    379    902
    67   1191    367    942
    68   1183    382    935
    69   1193    373    934
    70   1155    391    954
    71   1163    389    948
    72   1135    431    934
    73   1144    390    966
    74   1158    356    986
    75   1212    344    944
    76   1234    329    937
    77   1267    315    918
    78   1287    328    885
    79   1321    307    872
    80   1317    317    866
    81   1321    318    861
    82   1365    326    809
    83   1399    302    799
    84   1362    315    823
    85   1378    303    819
    86   1385    321    794
    87   1377    342    781
    88   1322    373    805
    89   1278    377    845
    90   1226    403    871
    91   1216    408    876
    92   1192    403    905
    93   1147    416    937
    94   1160    387    953
    95   1148    418    934
    96   1091    450    959
    97   1064    462    974
    98   1053    427   1020
    99   1066    432   1002
   100   1064    421   1015
   101   1117    361   1022
   102   1162    351    987
   103   1217    344    939
   104   1212    357    931
   105   1238    370    892
   106   1250    363    887
   107   1231    358    911
   108   1213    370    917
   109   1220    374    906
   110   1175    390    935
   111   1195    365    940
   112   1195    389    916
   113   1191    365    944
   114   1209    358    933
   115   1183    389    928
   116   1167    375    958
   117   1162    408    930
   118   1124    400    976
   119   1133    357   1010
   120   1139    363    998
   121   1139    354   1007
   122   1179    363    958
   123   1193    380    927
   124   1205    355    940
   125   1191    357    952
   126   1219    355    926
   127   1214    356    930
   128   1235    354    911
   129   1230    350    920
   130   1270    329    901
   131   1257    357    886
   132   1272    349    879
   133   1238    364    898
   134   1223    375    902
   135   1191    378    931
   136   1207    366    927
   137   1205    368    927
   138   1238    332    930
   139   1276    322    902
   140   1278    334    888
   141   1292    330    878
   142   1288    355    857
   143   1268    385    847
   144   1220    399    881
   145   1217    378    905
   146   1199    364    937
   147   1197    364    939
   148   1212    349    939
   149   1219    339    942
   150   1240    330    930
   151   1251    348    901
   152   1247    348    905
   153   1273    291    936
   154   1311    306    883
   155   1329    328    843
   156   1311    340    849
   157   1321    327    852
   158   1312    339    849
   159   1336    340    824
   160   1351    341    808
   161   1321    331    848
   162   1324    325    851
   163   1342    330    828
   164   1314    387    799
   165   1254    407    839
   166   1230    394    876
   167   1262    371    867
   168   1265    379    856
   169   1247    385    868
   170   1252    366    882
   171   1237    378    885
   172   1225    388    887
   173   1186    396    918
   174   1173    400    927
   175   1150    410    940
   176   1149    403    948
   177   1170    376    954
   178   1214    341    945
   179   1201    372    927
   180   1205    358    937
   181   1218    354    928
   182   1226    364    910
   183   1209    360    931
   184   1195    386    919
   185   1192    366    942
   186   1213    380    907
   187   1225    364    911
   188   1249    347    904
   189   1238    347    915
   190   1220    346    934
   191   1236    343    921
   192   1246    331    923
   193   1240    357    903
   194   1249    352    899
   195   1240    364    896
   196   1267    321    912
   197   1289    315    896
   198   1286    337    877
   199   1298    331    871
   200   1264    365    871
   201   1278    346    876
   202   1256    369    875
   203   1222    377    901
   204   1210    386    904
   205   1192    379    929
   206   1202    374    924
   207   1232    373    895
   208   1200    410    890
   209   1172    436    892
   210   1165    391    944
   211   1174    408    918
   212   1139    415    946
   213   1136    408    956
   214   1120    400    980
   215   1119    425    956
   216   1091    406   1003
   217   1075    394   1031
   218   1110    384   1006
   219   1122    379    999
   220   1108    409    983
   221   1089    430    981
   222   1058    451    991
   223   1061    437   1002
   224   1054    390   1056
   225   1084    381   1035
   226   1097    386   1017
   227   1134    396    970
   228   1114    402    984
   229   1114    405    981
   230   1099    381   1020
   231   1113    387   1000
   232   1120    382    998
   233   1109    395    996
   234   1110    422    968
   235   1112    416    972
   236   1084    422    994
   237   1069    436    995
   238   1111    409    980
   239   1116    386    998
   240   1125    370   1005
   241   1153    353    994
   242   1134    397    969
   243   1089    447    964
   244   1047    480    973
   245   1023    495    982
   246   1031    468   1001
   247   1030    471    999
   248   1029    440   1031
   249   1052    411   1037
   250   1105    417    978
   251   1074    426   1000
   252   1085    408   1007
   253   1084    418    998
   254   1081    416   1003
   255   1119    391    990
   256   1128    389    983
   257   1165    357    978
   258   1169    364    967
   259   1198    347    955
   260   1236    325    939
   261   1244    318    938
   262   1259    333    908
   263   1254    349    897
   264   1234    384    882
   265   1236    390    874
   266   1205    370    925
   267   1177    355    968
   268   1175    378    947
   269   1187    345    968
   270   1180    370    950
   271   1202    363    935
   272   1219    354    927
   273   1219    371    910
   274   1241    328    931
   275   1264    342    894
   276   1283    336    881
   277   1296    325    879
   278   1317    326    857
   279   1326    302    872
   280   1342    302    856
   281   1323    319    858
   282   1306    301    893
   283   1302    324    874
   284   1314    323    863
   285   1287    363    850
   286   1286    394    820
   287   1270    351    879
   288   1262    379    859
   289   1211    397    892
   290   1214    384    902
   291   1184    408    908
   292   1148    412    940
   293   1132    407    961
   294   1093    442    965
   295   1087    425    988
   296   1102    415    983
   297   1059    417   1024
   298   1032    443   1025
   299   1036    397   1067
   300   1043    405   1052
   301   1049    410   1041
   302   1071    382   1047
   303   1113    371   1016
   304   1113    385   1002
   305   1154    385    961
   306   1161    388    951
   307   1188    361    951
   308   1237    328    935
   309   1248    333    919
   310   1236    346    918
   311   1239    375    886
   312   1212    371    917
   313   1218    363    919
   314   1216    360    924
   315   1224    328    948
   316   1233    338    929
   317   1247    363    890
   318   1249    374    877
   319   1257    325    918
   320   1273    328    899
   321   1270    333    897
   322   1266    342    892
   323   1258    363    879
   324   1269    336    895
   325   1262    315    923
   326   1281    321    898
   327   1342    288    870
   328   1342    314    844
   329   1344    327    829
   330   1317    333    850
   331   1328    336    836
   332   1333    340    827
   333   1317    335    848
   334   1320    357    823
   335   1300    348    852
   336   1294    363    843
   337   1296    344    860
   338   1269    365    866
   339   1263    342    895
   340   1304    318    878
   341   1310    279    911
   342   1323    311    866
   343   1315    303    882
   344   1323    331    846
   345   1315    339    846
   346   1320    352    828
   347   1310    345    845
   348   1294    352    854
   349   1307    339    854
   350   1280    377    843
   351   1267    378    855
   352   1272    363    865
   353   1256    358    886
   354   1227    380    893
   355   1239    363    898
   356   1253    351    896
   357   1235    368    897
   358   1242    369    889
   359   1278    350    872
   360   1289    353    858
   361   1270    352    878
   362   1240    392    868
   363   1255    362    883
   364   1244    380    876
   365   1207    375    918
   366   1207    362    931
   367   1192    369    939
   368   1200    366    934
   369   1150    414    936
   370   1166    380    954
   371   1160    390    950
   372   1169    370    961
   373   1173    398    929
   374   1160    394    946
   375   1138    423    939
   376   1132    411    957
   377   1116    417    967
   378   1129    390    981
   379   1142    370    988
   380   1158    364    978
   381   1149    381    970
   382   1151    406    943
   383   1115    432    953
   384   1097    423    980
   385   1083    411   1006
   386   1099    396   1005
   387   1117    385    998
   388   1153    366    981
   389   1172    363    965
   390   1187    344    969
   391   1208    341    951
   392   1247    320    933
   393   1263    315    922
   394   1266    350    884
   395   1220    404    876
   396   1223    398    879
   397   1217    381    902
   398   1227    368    905
   399   1235    378    887
   400   1222    345    933
   401   1229    359    912
   402   1231    344    925
   403   1259    336    905
   404   1281    344    875
   405   1242    391    867
   406   1230    369    901
   407   1220    381    899
   408   1210    375    915
   409   1205    367    928
   410   1177    377    946
   411   1177    385    938
   412   1159    396    945
   413   1215    350    935
   414   1227    332    941
   415   1248    314    938
   416   1284    326    890
   417   1284    327    889
   418   1287    336    877
   419   1296    332    872
   420   1307    346    847
   421   1312    360    828
   422   1281    359    860
   423   1260    379    861
   424   1239    374    887
   425   1242    348    910
   426   1238    370    892
   427   1210    400    890
   428   1216    367    917
   429   1224    351    925
   430   1242    351    907
   431   1258    339    903
   432   1283    320    897
   433   1273    348    879
   434   1247    365    888
   435   1221    380    899
   436   1236    362    902
   437   1246    349    905
   438   1224    358    918
   439   1202    375    923
   440   1184    387    929
   441   1183    366    951
   442   1203    365    932
   443   1199    363    938
   444   1232    349    919
   445   1215    372    913
   446   1193    395    912
   447   1195    379    926
   448   1198    361    941
   449   1168    366    966
   450   1178    360    962
   451   1205    377    918
   452   1186    362    952
   453   1179    371    950
   454   1174    364    962
   455   1176    354    970
   456   1194    337    969
   457   1182    365    953
   458   1215    352    933
   459   1216    372    912
   460   1197    352    951
   461   1226    349    925
   462   1218    343    939
   463   1225    349    926
   464   1236    360    904
   465   1249    337    914
   466   1262    351    887
   467   1228    385    887
   468   1229    369    902
   469   1230    374    896
   470   1213    395    892
   471   1238    350    912
   472   1238    351    911
   473   1227    344    929
   474   1198    347    955
   475   1234    332    934
   476   1238    329    933
   477   1270    312    918
   478   1247    353    900
   479   1210    385    905
   480   1198    388    914
   481   1196    391    913
   482   1194    376    930
   483   1202    336    962
   484   1210    334    956
   485   1207    369    924
   486   1209    353    938
   487   1252    328    920
   488   1270    333    897
   489   1331    315    854
   490   1331    307    862
   491   1351    306    843
   492   1343    319    838
   493   1299    363    838
   494   1220    416    864
   495   1212    407    881
   496   1188    384    928
   497   1198    396    906
   498   1163    404    933
   499   1172    403    925
   500   1132    410    958
   501   1093    431    976
   502   1079    426    995
   503   1095    390   1015
   504   1130    384    986
   505   1118    385    997
   506   1125    375   1000
   507   1163    373    964
   508   1168    381    951
   509   1150    358    992
   510   1134    380    986
   511   1145    375    980
   512   1190    345    965
   513   1197    358    945
   514   1229    349    922
   515   1231    345    924
   516   1231    352    917
   517   1267    300    933
   518   1303    303    894
   519   1323    308    869
   520   1310    306    884
   521   1321    310    869
   522   1315    355    830
   523   1311    357    832
   524   1314    333    853
   525   1303    371    826
   526   1252    385    863
   527   1233    388    879
   528   1198    414    888
   529   1196    392    912
   530   1148    433    919
   531   1150    400    950
   532   1161    378    961
   533   1161    344    995
   534   1158    343    999
   535   1137    371    992
   536   1142    367    991
   537   1139    376    985
   538   1165    367    968
   539   1218    320    962
   540   1246    312    942
   541   1268    329    903
   542   1300    319    881
   543   1313    317    870
   544   1327    315    858
   545   1347    295    858
   546   1396    312    792
   547   1417    329    754
   548   1368    348    784
   549   1323    389    788
   550   1308    391    801
   551   1300    375    825
   552   1292    378    830
   553   1312    321    867
   554   1250    357    893
   555   1214    361    925
   556   1225    373    902
   557   1206    394    900
   558   1182    425    893
   559   1166    435    899
   560   1127    410    963
   561   1178    373    949
   562   1202    332    966
   563   1255    318    927
   564   1254    322    924
   565   1247    344    909
   566   1246    374    880
   567   1247    359    894
   568   1259    365    876
   569   1246    377    877
   570   1266    322    912
   571   1292    315    893
   572   1319    335    846
   573   1337    319    844
   574   1312    344    844
   575   1323    346    831
   576   1330    346    824
   577   1301    359    840
   578   1301    347    852
   579   1292    332    876
   580   1303    345    852
   581   1307    345    848
   582   1280    384    836
   583   1233    401    866
   584   1171    428    901
   585   1112    447    941
   586   1093    440    967
   587   1129    404    967
   588   1112    401    987
   589   1117    409    974
   590   1155    374    971
   591   1162    360    978
   592   1187    333    980
   593   1216    324    960
   594   1257    322    921
   595   1289    312    899
   596   1344    289    867
   597   1355    313    832
   598   1347    328    825
   599   1330    342    828
   600   1313    335    852
   601   1327    351    822
   602   1286    373    841
   603   1245    394    861
   604   1207    411    882
   605   1189    390    921
   606   1191    380    929
   607   1222    349    929
   608   1227    357    916
   609   1238    364    898
   610   1210    378    912
   611   1182    399    919
   612   1182    378    940
   613   1206    367    927
   614   1192    391    917
   615   1179    393    928
   616   1194    392    914
   617   1222    389    889
   618   1197    370    933
   619   1207    367    926
   620   1180    389    931
   621   1177    366    957
   622   1193    389    918
   623   1205    412    883
   624   1222    376    902
   625   1242    351    907
   626   1289    318    893
   627   1299    334    867
   628   1317    319    864
   629   1323    321    856
   630   1320    335    845
   631   1329    326    845
   632   1296    344    860
   633   1305    329    866
   634   1334    301    865
   635   1338    326    836
   636   1349    337    814
   637   1350    359    791
   638   1340    363    797
   639   1288    369    843
   640   1300    361    839
   641   1297    351    852
   642   1312    331    857
   643   1340    310    850
   644   1339    323    838
   645   1338    325    837
   646   1337    321    842
   647   1328    335    837
   648   1297    354    849
   649   1283    358    859
   650   1246    387    867
   651   1277    343    880
   652   1272    324    904
   653   1282    303    915
   654   1278    348    874
   655   1294    338    868
   656   1298    318    884
   657   1296    318    886
   658   1311    312    877
   659   1335    318    847
   660   1376    305    819
   661   1356    324    820
   662   1377    323    800
   663   1374    325    801
   664   1405    320    775
   665   1347    390    763
   666   1300    414    786
   667   1235    436    829
   668   1160    464    876
   669   1092    491    917
   670   1081    442    977
   671   1090    441    969
   672   1036    445   1019
   673   1089    411   1000
   674   1090    375   1035
   675   1110    369   1021
   676   1114    368   1018
   677   1109    373   1018
   678   1114    394    992
   679   1113    381   1006
   680   1114    387    999
   681   1150    385    965
   682   1168    378    954
   683   1186    385    929
   684   1164    383    953
   685   1167    383    950
   686   1175    346    979
   687   1196    367    937
   688   1181    374    945
   689   1213    345    942
   690   1228    338    934
   691   1232    356    912
   692   1245    340    915
   693   1252    357    891
   694   1250    381    869
   695   1222    403    875
   696   1168    425    907
   697   1121    438    941
   698   1118    410    972
   699   1121    373   1006
   700   1125    379    996
   701   1161    373    966
   702   1174    352    974
   703   1217    343    940
   704   1195    372    933
   705   1216    370    914
   706   1230    380    890
   707   1206    393    901
   708   1195    379    926
   709   1184    395    921
   710   1178    385    937
   711   1190    399    911
   712   1149    433    918
   713   1094    462    944
   714   1078    442    980
   715   1061    454    985
   716   1076    437    987
   717   1077    417   1006
   718   1079    396   1025
   719   1087    391   1022
   720   1065    392   1043
   721   1110    351   1039
   722   1138    375    987
   723   1117    381   1002
   724   1133    398    969
   725   1130    394    976
   726   1131    405    964
   727   1162    373    965
   728   1180    361    959
   729   1144    381    975
   730   1150    401    949
   731   1123    405    972
   732   1105    407    988
   733   1113    394    993
   734   1110    389   1001
   735   1138    385    977
   736   1140    378    982
   737   1135    390    975
   738   1150    381    969
   739   1166    377    957
   740   1182    354    964
   741   1168    355    977
   742   1219    324    957
   743   1228    325    947
   744   1243    344    913
   745   1259    345    896
   746   1262    330    908
   747   1264    353    883
   748   1246    355    899
   749   1237    364    899
   750   1242    362    896
   751   1221    388    891
   752   1217    407    876
   753   1179    434    887
   754   1124    432    944
   755   1100    406    994
   756   1082    407   1011
   757   1091    371   1038
   758   1139    357   1004
   759   1167    372    961
   760   1173    367    960
   761   1196    369    935
   762   1212    353    935
   763   1199    376    925
   764   1238    345    917
   765   1237    345    918
   766   1236    339    925
   767   1257    348    895
   768   1252    349    899
   769   1247    385    868
   770   1233    365    902
   771   1222    368    910
   772   1267    329    904
   773   1291    310    899
   774   1308    296    896
   775   1332    304    864
   776   1322    320    858
   777   1330    302    868
   778   1378    292    830
   779   1355    320    825
   780   1330    339    831
   781   1310    343    847
   782   1302    356    842
   783   1314    359    827
   784   1296    367    837
   785   1298    354    848
   786   1278    358    864
   787   1281    352    867
   788   1255    354    891
   789   1255    346    899
   790   1274    335    891
   791   1282    344    874
   792   1257    367    876
   793   1213    398    889
   794   1198    411    891
   795   1169    398    933
   796   1168    396    936
   797   1164    413    923
   798   1161    393    946
   799   1193    344    963
   800   1228    321    951
   801   1261    310    929
   802   1265    343    892
   803   1249    360    891
   804   1257    339    904
   805   1267    317    916
   806   1291    316    893
   807   1298    306    896
   808   1308    292    900
   809   1341    277    882
   810   1366    283    851
   811   1380    276    844
   812   1392    293    815
   813   1395    305    800
   814   1404    297    799
   815   1429    259    812
   816   1436    273    791
   817   1441    295    764
   818   1438    318    744
   819   1355    344    801
   820   1337    357    806
   821   1326    341    833
   822   1323    356    821
   823   1294    368    838
   824   1230    396    874
   825   1193    407    900
   826   1168    404    928
   827   1154    416    930
   828   1120    444    936
   829   1095    457    948
   830   1103    412    985
   831   1114    395    991
   832   1118    395    987
   833   1144    385    971
   834   1142    386    972
   835   1095    416    989
   836   1112    388   1000
   837   1111    393    996
   838   1127    403    970
   839   1096    421    983
   840   1079    449    972
   841   1071    429   1000
   842   1099    391   1010
   843   1136    388    976
   844   1162    343    995
   845   1210    332    958
   846   1166    366    968
   847   1169    361    970
   848   1188    357    955
   849   1221    345    934
   850   1270    339    891
   851   1247    390    863
   852   1237    374    889
   853   1241    372    887
   854   1211    420    869
   855   1191    390    919
   856   1206    359    935
   857   1234    352    914
   858   1251    345    904
   859   1292    318    890
   860   1286    360    854
   861   1231    437    832
   862   1175    475    850
   863   1153    446    901
   864   1107    455    938
   865   1079    437    984
   866   1100    412    988
   867   1131    408    961
   868   1126    380    994
   869   1096    414    990
   870   1096    377   1027
   871   1137    370    993
   872   1156    398    946
   873   1141    424    935
   874   1147    379    974
   875   1165    383    952
   876   1140    396    964
   877   1142    399    959
   878   1136    404    960
   879   1139    384    977
   880   1121    388    991
   881   1108    428    964
   882   1076    427    997
   883   1066    415   1019
   884   1084    392   1024
   885   1095    380   1025
   886   1138    373    989
   887   1140    390    970
   888   1094    426    980
   889   1117    385    998
   890   1143    376    981
   891   1156    360    984
   892   1194    326    980
   893   1209    323    968
   894   1222    336    942
   895   1269    298    933
   896   1274    320    906
   897   1311    304    885
   898   1318    311    871
   899   1344    324    832
   900   1324    355    821
   901   1293    367    840
   902   1285    345    870
   903   1292    301    907
   904   1306    319    875
   905   1328    326    846
   906   1310    343    847
   907   1296    332    872
   908   1275    328    897
   909   1282    339    879
   910   1297    339    864
   911   1300    340    860
   912   1286    351    863
   913   1282    338    880
   914   1317    323    860
   915   1299    327    874
   916   1275    346    879
   917   1263    367    870
   918   1268    338    894
   919   1241    361    898
   920   1209    403    888
   921   1195    394    911
   922   1183    373    944
   923   1185    372    943
   924   1161    399    940
   925   1141    427    932
   926   1180    384    936
   927   1209    345    946
   928   1234    347    919
   929   1235    381    884
   930   1218    395    887
   931   1183    408    909
   932   1165    415    920
   933   1134    428    938
   934   1139    398    963
   935   1134    387    979
   936   1153    371    976
   937   1152    385    963
   938   1142    394    964
   939   1152    390    958
   940   1134    382    984
   941   1138    380    982
   942   1171    352    977
   943   1219    312    969
   944   1222    315    963
   945   1265    306    929
   946   1268    335    897
   947   1291    346    863
   948   1301    334    865
   949   1276    339    885
   950   1267    329    904
   951   1260    348    892
   952   1235    367    898
   953   1226    382    892
   954   1218    385    897
   955   1202    383    915
   956   1183    405    912
   957   1142    415    943
   958   1128    402    970
   959   1156    392    952
   960   1159    380    961
   961   1150    405    945
   962   1132    398    970
   963   1160    381    959
   964   1146    372    982
   965   1185    336    979
   966   1196    360    944
   967   1218    370    912
   968   1264    328    908
   969   1265    335    900
   970   1246    353    901
   971   1262    371    867
   972   1214    388    898
   973   1229    366    905
   974   1247    339    914
   975   1257    345    898
   976   1248    341    911
   977   1297    352    851
   978   1264    357    879
   979   1228    387    885
   980   1161    406    933
   981   1166    364    970
   982   1177    361    962
   983   1175    365    960
   984   1176    352    972
   985   1193    350    957
   986   1186    362    952
   987   1183    377    940
   988   1184    413    903
   989   1223    360    917
   990   1222    357    921
   991   1219    365    916
   992   1218    350    932
   993   1212    361    927
   994   1197    384    919
   995   1180    363    957
   996   1211    344    945
   997   1212    361    927
   998   1236    366    898
   999   1234    385    881
  1000   1231    376    893
