# time (sweeps) | Susceptible | Infected | Recovered
     0    933    992    575
     1    908   1024    568
     2    892   1014    594
     3    939    998    563
     4    941    978    581
     5    968    995    537
     6    946    979    575
     7    952    984    564
     8    949   1019    532
     9    956   1027    517
    10    915   1025    560
    11    919   1010    571
    12    863   1041    596
    13    864   1043    593
    14    951    996    553
    15    953    992    555
    16    892   1066    542
    17    904   1034    562
    18    919   1045    536
    19    929   1037    534
    20    912   1055    533
    21    900   1035    565
    22    941   1009    550
    23    949   1004    547
    24    945    955    600
    25    946   1001    553
    26    929    997    574
    27    884   1010    606
    28    874   1002    624
    29    988    935    577
    30    958    982    560
    31    976    976    548
    32    961    984    555
    33    967    989    544
    34    913   1051    536
    35    922   1013    565
    36    900    996    604
    37    927    983    590
    38    945    994    561
    39    949    977    574
    40    966   1007    527
    41    965    983    552
    42    914   1010    576
    43    960    942    598
    44    952    984    564
    45    989    963    548
    46    934    993    573
    47    914   1024    562
    48    954    969    577
    49    991    979    530
    50    979    987    534
    51    964    992    544
    52    961    959    580
    53    957    996    547
    54    956    996    548
    55    974    966    560
    56    939    969    592
    57    965    961    574
    58    982   1004    514
    59    956   1008    536
    60    957    992    551
    61    929   1019    552
    62    951   1013    536
    63    917   1000    583
    64    925   1011    564
    65    920   1013    567
    66    955   1041    504
    67    901   1055    544
    68    897   1019    584
    69    920    988    592
    70    940    996    564
    71    949   1021    530
    72    902   1060    538
    73    852   1082    566
    74    861   1071    568
    75    894   1023    583
    76    970   1012    518
    77    953   1027    520
    78    923   1009    568
    79    943   1012    545
    80    947    999    554
    81    972    960    568
    82    993    943    564
    83    974    982    544
    84    961    984    555
    85    993    987    520
    86    953   1007    540
    87    936   1003    561
    88    951   1005    544
    89    978    960    562
    90    977    956    567
    91    950   1022    528
    92    915   1019    566
    93    936   1018    546
    94    936    979    585
    95    927    964    609
    96    954    967    579
    97    954   1019    527
    98    884   1057    559
    99    951    999    550
   100    966    992    542
   101    932   1008    560
   102    927   1005    568
   103    922   1004    574
   104    920   1008    572
   105    959    979    562
   106    959   1034    507
   107    912   1035    553
   108    918    977    605
   109    973    962    565
   110    978    974    548
   111    948    975    577
   112    998    947    555
   113    939   1029    532
   114    917   1043    540
   115    870   1080    550
   116    873   1039    588
   117    908   1029    563
   118    926   1023    551
   119    932    986    582
   120    931    990    579
   121    935    980    585
   122    963   1000    537
   123    918   1048    534
   124    932    995    573
   125    936   1000    564
   126    934   1001    565
   127    961   1010    529
   128    941   1002    557
   129    954    956    590
   130    932   1013    555
   131    931    990    579
   132    956    972    572
   133    965    972    563
   134    956    976    568
   135    935   1008    557
   136    915   1022    563
   137    914    997    589
   138    885   1027    588
   139    918    994    588
   140    920   1017    563
   141    943   1030    527
   142    940   1022    538
   143    896   1033    571
   144    907   1026    567
   145    897   1035    568
   146    887   1035    578
   147    904   1026    570
   148    911   1009    580
   149    934    991    575
   150    931   1008    561
   151    914   1033    553
   152    894   1032    574
   153    908   1028    564
   154    907   1042    551
   155    896   1042    562
   156    955    995    550
   157    985    990    525
   158    977    975    548
   159    972    991    537
   160    972    967    561
   161   1013    959    528
   162   1008    978    514
   163    992    985    523
   164   1006    974    520
   165   1016    952    532
   166   1020    961    519
   167    976   1007    517
   168    964    984    552
   169    974    973    553
   170    916   1010    574
   171    934    987    579
   172    936   1016    548
   173    941   1038    521
   174    903   1044    553
   175    902   1026    572
   176    984    973    543
   177    963   1000    537
   178    910    997    593
   179    918   1009    573
   180    907   1043    550
   181    877   1077    546
   182    887   1050    563
   183    924    998    578
   184    962    992    546
   185    949   1005    546
   186    964    990    546
   187    928   1050    522
   188    934   1021    545
   189    936   1023    541
   190    981    983    536
   191    952    993    555
   192    971    992    537
   193    929    996    575
   194    948    982    570
   195    967    970    563
   196    890   1059    551
   197    916   1019    565
   198    943    994    563
   199    976   1012    512
   200    975    986    539
   201    947   1005    548
   202    919   1036    545
   203    902   1056    542
   204    922   1014    564
   205    915   1026    559
   206    905   1039    556
   207    904   1030    566
   208    914   1031    555
   209    915   1011    574
   210    952   1012    536
   211    943   1008    549
   212    887   1032    581
   213    957    971    572
   214    952    963    585
   215    941   1003    556
   216    964   1032    504
   217    943   1049    508
   218    925   1000    575
   219    911   1008    581
   220    874   1054    572
   221    888   1052    560
   222    910   1034    556
   223    948   1011    541
   224    956    999    545
   225    910   1019    571
   226    914   1022    564
   227    897   1021    582
   228    957   1000    543
   229    936   1018    546
   230    949   1003    548
   231    952   1028    520
   232    867    996    637
   233    931    995    574
   234    961    970    569
   235    977    996    527
   236    987    969    544
   237    975   1000    525
   238    953   1004    543
   239    933    983    584
   240    953    988    559
   241    931   1011    558
   242    923   1039    538
   243    914   1017    569
   244    955    987    558
   245    957   1015    528
   246    927   1037    536
   247    890   1034    576
   248    929    994    577
   249    956    950    594
   250    960    973    567
   251    961   1011    528
   252    994    968    538
   253    970    999    531
   254    931   1004    565
   255    944   1012    544
   256    909   1039    552
   257    926   1007    567
   258    932    994    574
   259   1006    925    569
   260    958   1006    536
   261    939   1019    542
   262    927   1038    535
   263    874   1069    557
   264    912   1020    568
   265    924   1008    568
   266    927   1032    541
   267    902   1048    550
   268    901    997    602
   269    940    987    573
   270    950   1005    545
   271    979    990    531
   272    952    987    561
   273    998    980    522
   274    961   1014    525
   275    922   1014    564
   276    913   1022    565
   277    914   1003    583
   278    911   1002    587
   279    950    971    579
   280    991    949    560
   281    955   1025    520
   282    936   1002    562
   283    932   1009    559
   284    909   1045    546
   285    896   1026    578
   286    911   1003    586
   287    929    987    584
   288    922   1028    550
   289    904   1057    539
   290    889   1044    567
   291    948    980    572
   292    971    994    535
   293   1016    950    534
   294    974    994    532
   295    973    986    541
   296    962   1015    523
   297    931   1033    536
   298    925   1039    536
   299    897   1054    549
   300    890   1043    567
   301    902   1034    564
   302    900   1020    580
   303    886   1032    582
   304    948    992    560
   305    916    992    592
   306    902    998    600
   307    926   1001    573
   308    920   1041    539
   309    900   1039    561
   310    939    981    580
   311    946    992    562
   312    959    981    560
   313    974    953    573
   314    989    983    528
   315    915   1036    549
   316    914   1018    568
   317    928   1008    564
   318    932   1002    566
   319    926    986    588
   320    940    987    573
   321    923    985    592
   322    951    999    550
   323    956    979    565
   324    940   1025    535
   325    933   1042    525
   326    932   1025    543
   327    907   1019    574
   328    871   1040    589
   329    921   1006    573
   330    867   1009    624
   331    942    976    582
   332    939    986    575
   333    945    980    575
   334    968    955    577
   335    955    995    550
   336    930   1013    557
   337    936    992    572
   338    941   1028    531
   339    919   1051    530
   340    874   1040    586
   341    938   1017    545
   342    954    993    553
   343    963   1024    513
   344    955   1012    533
   345    966   1009    525
   346    934   1013    553
   347    926   1046    528
   348    906   1040    554
   349    892   1100    508
   350    886   1040    574
   351    923    971    606
   352   1002    966    532
   353    952    965    583
   354    935    997    568
   355    949    964    587
   356   1001    911    588
   357   1019    921    560
   358   1030    967    503
   359    978    955    567
   360    980   1011    509
   361    967    987    546
   362    962   1002    536
   363    942   1009    549
   364    886   1064    550
   365    899   1027    574
   366    870   1029    601
   367    939    983    578
   368    978    971    551
   369    954   1015    531
   370    895   1057    548
   371    902   1055    543
   372    880   1058    562
   373    892   1025    583
   374    886   1052    562
   375    884   1043    573
   376    922   1028    550
   377    939    964    597
   378    943   1006    551
   379    931   1012    557
   380    972    962    566
   381    910    965    625
   382    917   1023    560
   383    891   1019    590
   384    950    987    563
   385    917   1043    540
   386    941    989    570
   387    945    961    594
   388    991    975    534
   389    947   1048    505
   390    911   1072    517
   391    864   1083    553
   392    894    987    619
   393    942   1010    548
   394    923   1009    568
   395    976    967    557
   396    987    954    559
   397    954    990    556
   398    946   1012    542
   399    901   1013    586
   400    852   1027    621
   401    933    975    592
   402    943    994    563
   403    944    997    559
   404    911   1013    576
   405    967    979    554
   406    943    975    582
   407    959   1005    536
   408    884   1035    581
   409    924    992    584
   410    923    985    592
   411    948    989    563
   412    978    984    538
   413    979    986    535
   414    951   1018    531
   415    933   1023    544
   416    933   1035    532
   417    885   1011    604
   418    920   1003    577
   419    915   1043    542
   420    924   1005    571
   421    920    999    581
   422    942   1028    530
   423    931   1055    514
   424    883   1072    545
   425    879   1037    584
   426    891   1044    565
   427    890   1050    560
   428    923   1043    534
   429    908   1038    554
   430    883   1041    576
   431    883   1016    601
   432    934    972    594
   433    959    966    575
   434    921   1002    577
   435    881   1061    558
   436    912    983    605
   437    930    974    596
   438    949    961    590
   439    998    965    537
   440    992    955    553
   441    975    987    538
   442    948    975    577
   443    927    953    620
   444    976    929    595
   445    993    931    576
   446    964    981    555
   447    959    989    552
   448    928   1054    518
   449    928   1040    532
   450    916   1034    550
   451    918    997    585
   452    959    981    560
   453    920   1002    578
   454    971    959    570
   455    985    968    547
   456    930   1032    538
   457    943   1012    545
   458    938   1008    554
   459    947   1004    549
   460    918   1005    577
   461    933    993    574
   462    985    957    558
   463   1000    975    525
   464    965   1009    526
   465    961   1023    516
   466    959   1024    517
   467    909   1036    555
   468    935    972    593
   469    969    960    571
   470    959    980    561
   471    976    974    550
   472    891   1031    578
   473    924    984    592
   474    909   1011    580
   475    929   1020    551
   476    954   1001    545
   477    921    998    581
   478    903    994    603
   479    911    985    604
   480    948    995    557
   481    912   1012    576
   482    942   1027    531
   483    914    988    598
   484    981    993    526
   485    948   1005    547
   486    954    994    552
   487    959    984    557
   488    913   1026    561
   489    897   1012    591
   490    902   1032    566
   491    949   1010    541
   492    906   1022    572
   493    982    991    527
   494    968    985    547
   495    966   1022    512
   496    928   1035    537
   497    915   1000    585
   498    952   1005    543
   499    988    976    536
   500    995    963    542
   501    979    947    574
   502    983    976    541
   503    973    993    534
   504    960    983    557
   505    946   1015    539
   506    948    964    588
   507    984    987    529
   508    958   1017    525
   509    947   1005    548
   510    896   1018    586
   511    897   1000    603
   512    938   1005    557
   513    924   1002    574
   514    946    982    572
   515    932    997    571
   516    910   1028    562
   517    936    991    573
   518    944    981    575
   519    985    977    538
   520    930   1016    554
   521    875   1023    602
   522    881   1012    607
   523    934   1008    558
   524    944   1013    543
   525    976    992    532
   526    945   1004    551
   527    965   1004    531
   528    946   1007    547
   529    939   1020    541
   530    942   1014    544
   531    936    979    585
   532    965   1004    531
   533    935   1033    532
   534    950   1005    545
   535    919   1037    544
   536    900   1036    564
   537    902   1017    581
   538    942   1019    539
   539    945    996    559
   540    951    990    559
   541    932   1010    558
   542    945    996    559
   543    918   1024    558
   544    926    986    588
   545    949    991    560
   546    924   1017    559
   547    914   1054    532
   548    968    979    553
   549    973    971    556
   550    974    975    551
   551    955    980    565
   552    982    997    521
   553    981    989    530
   554    929    992    579
   555    905   1049    546
   556    901   1029    570
   557    891   1064    545
   558    865   1058    577
   559    899   1003    598
   560    936    988    576
   561    992    964    544
   562    970    972    558
   563    933    985    582
   564    973    960    567
   565    951   1027    522
   566    920   1026    554
   567    928   1046    526
   568    912   1043    545
   569    927   1019    554
   570    915   1004    581
   571    942    990    568
   572    965    976    559
   573   1018    952    530
   574   1034    939    527
   575    971    995    534
   576    980    971    549
   577    933   1007    560
   578    903   1039    558
   579    914   1040    546
   580    913   1024    563
   581    937   1030    533
   582    923   1059    518
   583    880   1077    543
   584    901   1025    574
   585    924   1031    545
   586    922   1008    570
   587    928   1002    570
   588    966    991    543
   589    969    983    548
   590    946   1041    513
   591    861   1049    590
   592    896   1039    565
   593    982    994    524
   594    971    975    554
   595    930   1003    567
   596    915   1003    582
   597    955    954    591
   598   1025    918    557
   599    997    965    538
   600   1002    989    509
   601    967    949    584
   602    943    976    581
   603    986    978    536
   604    975   1034    491
   605    907   1039    554
   606    954    971    575
   607    980    974    546
   608    961    985    554
   609    976    953    571
   610   1001    978    521
   611    943    987    570
   612    913    974    613
   613    929   1004    567
   614    946    999    555
   615    926    999    575
   616    971    989    540
   617    924   1045    531
   618    904   1036    560
   619    933   1038    529
   620    923   1018    559
   621    907   1044    549
   622    892   1010    598
   623    883   1050    567
   624    966    989    545
   625    950    982    568
   626    923   1013    564
   627    934    984    582
   628    933   1018    549
   629    938   1019    543
   630    945   1021    534
   631    903   1026    571
   632    934    938    628
   633    960    939    601
   634    974    941    585
   635   1019    952    529
   636    987    988    525
   637   1007    933    560
   638   1013    967    520
   639    950    991    559
   640    910   1009    581
   641    973    957    570
   642    982    942    576
   643   1024    940    536
   644    993    983    524
   645    937   1003    560
   646    959   1012    529
   647    921   1008    571
   648    930   1034    536
   649    964   1032    504
   650    894   1058    548
   651    902   1030    568
   652    970    980    550
   653    958    976    566
   654    980    991    529
   655    930   1023    547
   656    954    997    549
   657    930   1032    538
   658    906   1041    553
   659    941   1032    527
   660    925   1029    546
   661    946    989    565
   662    941    978    581
   663    976    966    558
   664    970   1004    526
   665   1013    952    535
   666    969    985    546
   667    934    956    610
   668    937   1000    563
   669    965   1013    522
   670    917   1068    515
   671    923   1026    551
   672    914   1011    575
   673    941    968    591
   674    980    984    536
   675    943   1000    557
   676    902   1034    564
   677    921   1001    578
   678    913    993    594
   679    965    972    563
   680    906   1055    539
   681    922   1014    564
   682    968    956    576
   683    994    968    538
   684    979    961    560
   685    957    982    561
   686    995    987    518
   687    964   1000    536
   688    963   1008    529
   689    928   1014    558
   690    926   1001    573
   691    953    996    551
   692    968    991    541
   693    924   1026    550
   694    906   1019    575
   695    932   1007    561
   696    952   1027    521
   697    914   1011    575
   698    927   1031    542
   699    918   1008    574
   700    949    996    555
   701    955   1024    521
   702    931   1047    522
   703    938   1013    549
   704    937   1026    537
   705    964    965    571
   706    988    950    562
   707    947   1007    546
   708    928   1015    557
   709    931    993    576
   710    993    953    554
   711   1013    972    515
   712   1011    988    501
   713    965    993    542
   714    939   1010    551
   715    967    997    536
   716    992    980    528
   717   1000   1003    497
   718    966    979    555
   719    976    967    557
   720    966    993    541
   721    929    997    574
   722    942    996    562
   723    920   1010    570
   724    949   1003    548
   725    949   1007    544
   726    949    994    557
   727    959   1021    520
   728    920   1012    568
   729    891   1061    548
   730    890   1051    559
   731    927   1016    557
   732    919   1029    552
   733    889   1031    580
   734    876   1027    597
   735    936    980    584
   736    968    961    571
   737    973   1008    519
   738    941   1002    557
   739    927   1014    559
   740    881   1056    563
   741    912   1018    570
   742    920    995    585
   743    897   1040    563
   744    952    983    565
   745    961   1013    526
   746    929   1031    540
   747    968    970    562
   748    960    992    548
   749    959    987    554
   750    957    989    554
   751    939    981    580
   752    937    985    578
   753    925   1011    564
   754    909   1025    566
   755    942    988    570
   756    912   1020    568
   757    967    989    544
   758    977    979    544
   759    951    978    571
   760    978    959    563
   761   1000    953    547
   762    957   1001    542
   763    942   1029    529
   764    922    992    586
   765    930   1007    563
   766    938   1019    543
   767    920   1010    570
   768    948    980    572
   769    967   1009    524
   770    970    981    549
   771    925   1009    566
   772    951    992    557
   773    902   1069    529
   774    878   1055    567
   775    876   1003    621
   776    929   1004    567
   777    930   1016    554
   778    912   1027    561
   779    913   1035    552
   780    912   1013    575
   781    929    997    574
   782    952    975    573
   783    942    980    578
   784    988    982    530
   785   1000    935    565
   786   1018    957    525
   787   1013    981    506
   788    965   1002    533
   789    947   1000    553
   790    961    997    542
   791    956   1000    544
   792    946   1008    546
   793    919   1007    574
   794    936   1023    541
   795    949   1015    536
   796    905   1051    544
   797    891   1020    589
   798    899   1033    568
   799    895   1039    566
   800    899   1036    565
   801    920   1043    537
   802    956    994    550
   803    933   1018    549
   804    924   1000    576
   805    931   1018    551
   806    922    996    582
   807    948    973    579
   808    939    990    571
   809    953   1005    542
   810    945   1014    541
   811    956   1001    543
   812    952   1021    527
   813    971   1005    524
   814    881   1068    551
   815    870   1082    548
   816    883   1086    531
   817    870   1072    558
   818    901   1036    563
   819    909   1010    581
   820    958   1003    539
   821    936   1004    560
   822    963   1003    534
   823    941   1028    531
   824    958    988    554
   825    926   1016    558
   826    942   1015    543
   827    936   1001    563
   828    867   1032    601
   829    916   1006    578
   830    889   1071    540
   831    946   1006    548
   832    899   1036    565
   833    962    973    565
   834    960    992    548
   835    925   1027    548
   836    893   1033    574
   837    943    989    568
   838    974   1007    519
   839    940   1007    553
   840    869   1056    575
   841    903   1018    579
   842    960    932    608
   843    988    956    556
   844    984    995    521
   845    949   1020    531
   846    945   1019    536
   847    933   1017    550
   848    930   1019    551
   849    913   1004    583
   850    900   1052    548
   851    946    979    575
   852    890   1044    566
   853    958    991    551
   854    911   1040    549
   855    952    986    562
   856    936   1011    553
   857    951    976    573
   858    992    930    578
   859    946    981    573
   860    926   1002    572
   861    956    980    564
   862    960   1000    540
   863    926   1002    572
   864    940    974    586
   865    994    953    553
   866    964    962    574
   867    974    996    530
   868    989    982    529
   869    970   1002    528
   870    922   1023    555
   871    974    979    547
   872    952    997    551
   873    934   1024    542
   874    928   1036    536
   875    929   1002    569
   876    954    983    563
   877    964    960    576
   878    976    999    525
   879    959    997    544
   880    915   1012    573
   881    963    961    576
   882    984    944    572
   883    997    958    545
   884   1002    985    513
   885    953    990    557
   886    961    977    562
   887    953    975    572
   888    978    960    562
   889    956   1014    530
   890    929   1007    564
   891    943    979    578
   892    964    952    584
   893    964    972    564
   894    950    984    566
   895    948    988    564
   896    920   1034    546
   897    925   1013    562
   898    884   1056    560
   899    873   1050    577
   900    876   1040    584
   901    893   1025    582
   902    907   1040    553
   903    922   1004    574
   904    932    989    579
   905    932   1000    568
   906    956    998    546
   907    936    972    592
   908    922   1001    577
   909    916    975    609
   910    968   1004    528
   911    997   1011    492
   912    985    960    555
   913    938    984    578
   914    963    993    544
   915    947   1014    539
   916    934   1018    548
   917    904   1056    540
   918    983    946    571
   919   1003    952    545
   920    984    973    543
   921    953   1028    519
   922    914   1004    582
   923    910   1016    574
   924    909   1018    573
   925    892   1055    553
   926    865   1097    538
   927    862   1100    538
   928    897   1047    556
   929    882   1039    579
   930    909   1030    561
   931    897   1015    588
   932    925   1008    567
   933    928   1006    566
   934    902    991    607
   935    958    986    556
   936    976    994    530
   937    957   1020    523
   938    960   1019    521
   939    932   1046    522
   940    928   1010    562
   941    949    999    552
   942    910   1024    566
   943    950    999    551
   944    934   1015    551
   945    933   1009    558
   946    933   1021    546
   947    897   1043    560
   948    931   1009    560
   949    952   1003    545
   950    949   1003    548
   951    966    991    543
   952    963   1009    528
   953    940   1021    539
   954    964    998    538
   955    959    969    572
   956    952   1006    542
   957    970    993    537
   958    936    997    567
   959    982    959    559
   960    968   1014    518
   961    935   1031    534
   962    892   1015    593
   963    921   1024    555
   964    908   1023    569
   965    955    957    588
   966    964    994    542
   967    942   1012    546
   968    914   1053    533
   969    928   1025    547
   970    941   1035    524
   971    924   1043    533
   972    951    986    563
   973    974    999    527
   974    945   1015    540
   975    900   1062    538
   976    907   1061    532
   977    902   1055    543
   978    866   1072    562
   979    872   1063    565
   980    899   1033    568
   981    882   1065    553
   982    883   1067    550
   983    908   1038    554
   984    902   1006    592
   985    909   1000    591
   986    900   1004    596
   987    927   1001    572
   988    902   1038    560
   989    937   1003    560
   990    914   1034    552
   991    920   1031    549
   992    939   1021    540
   993    963    979    558
   994    920   1004    576
   995    937    968    595
   996    956    964    580
   997    979    963    558
   998    955    995    550
   999    993    941    566
  1000   1024    946    530
