# time (sweeps) | Susceptible | Infected | Recovered
     0    734   1085    681
     1    760   1082    658
     2    767   1125    608
     3    751   1111    638
     4    712   1134    654
     5    711   1122    667
     6    733   1130    637
     7    735   1144    621
     8    739   1101    660
     9    741   1115    644
    10    745   1107    648
    11    749   1130    621
    12    695   1164    641
    13    707   1147    646
    14    688   1164    648
    15    714   1110    676
    16    734   1131    635
    17    741   1127    632
    18    717   1149    634
    19    741   1127    632
    20    738   1151    611
    21    733   1124    643
    22    737   1190    573
    23    682   1187    631
    24    728   1181    591
    25    740   1123    637
    26    760   1117    623
    27    731   1113    656
    28    733   1146    621
    29    744   1158    598
    30    753   1153    594
    31    724   1159    617
    32    706   1185    609
    33    716   1113    671
    34    771   1099    630
    35    724   1113    663
    36    782   1072    646
    37    763   1129    608
    38    732   1122    646
    39    726   1149    625
    40    714   1151    635
    41    738   1114    648
    42    732   1121    647
    43    777   1125    598
    44    747   1162    591
    45    697   1231    572
    46    688   1212    600
    47    698   1177    625
    48    687   1120    693
    49    720   1109    671
    50    739   1093    668
    51    743   1148    609
    52    744   1127    629
    53    735   1129    636
    54    706   1104    690
    55    774   1108    618
    56    778   1066    656
    57    743   1111    646
    58    731   1112    657
    59    730   1116    654
    60    738   1089    673
    61    745   1110    645
    62    769   1081    650
    63    756   1111    633
    64    763   1125    612
    65    771   1127    602
    66    684   1164    652
    67    722   1173    605
    68    717   1183    600
    69    713   1150    637
    70    720   1128    652
    71    761   1089    650
    72    755   1099    646
    73    757   1131    612
    74    711   1192    597
    75    684   1197    619
    76    692   1161    647
    77    689   1166    645
    78    707   1166    627
    79    720   1169    611
    80    743   1152    605
    81    754   1112    634
    82    781   1104    615
    83    746   1149    605
    84    731   1156    613
    85    698   1154    648
    86    684   1162    654
    87    719   1125    656
    88    735   1111    654
    89    740   1126    634
    90    730   1127    643
    91    738   1127    635
    92    758   1116    626
    93    723   1126    651
    94    748   1093    659
    95    742   1125    633
    96    722   1156    622
    97    702   1164    634
    98    725   1150    625
    99    716   1157    627
   100    694   1173    633
   101    715   1149    636
   102    762   1131    607
   103    759   1107    634
   104    764   1122    614
   105    777   1107    616
   106    713   1147    640
   107    735   1082    683
   108    746   1090    664
   109    759   1095    646
   110    745   1146    609
   111    719   1150    631
   112    737   1110    653
   113    760   1117    623
   114    732   1139    629
   115    749   1098    653
   116    753   1140    607
   117    709   1140    651
   118    750   1126    624
   119    727   1154    619
   120    729   1134    637
   121    750   1105    645
   122    774   1093    633
   123    751   1147    602
   124    736   1128    636
   125    757   1126    617
   126    770   1099    631
   127    760   1109    631
   128    776   1147    577
   129    762   1131    607
   130    732   1150    618
   131    747   1125    628
   132    718   1159    623
   133    721   1143    636
   134    721   1117    662
   135    750   1102    648
   136    754   1111    635
   137    749   1131    620
   138    744   1137    619
   139    724   1121    655
   140    738   1114    648
   141    729   1176    595
   142    719   1161    620
   143    750   1131    619
   144    766   1141    593
   145    744   1162    594
   146    765   1129    606
   147    734   1159    607
   148    721   1172    607
   149    765   1115    620
   150    741   1159    600
   151    680   1168    652
   152    711   1142    647
   153    776   1129    595
   154    716   1124    660
   155    727   1154    619
   156    730   1178    592
   157    787   1105    608
   158    773   1142    585
   159    696   1176    628
   160    726   1131    643
   161    730   1136    634
   162    760   1128    612
   163    743   1087    670
   164    765   1105    630
   165    788   1132    580
   166    753   1095    652
   167    776   1078    646
   168    774   1121    605
   169    746   1098    656
   170    715   1134    651
   171    692   1160    648
   172    696   1169    635
   173    717   1140    643
   174    725   1138    637
   175    737   1132    631
   176    756   1110    634
   177    755   1148    597
   178    734   1145    621
   179    746   1146    608
   180    722   1178    600
   181    717   1170    613
   182    725   1138    637
   183    736   1107    657
   184    719   1125    656
   185    702   1152    646
   186    713   1145    642
   187    764   1100    636
   188    751   1098    651
   189    750   1136    614
   190    777   1080    643
   191    727   1149    624
   192    725   1140    635
   193    730   1117    653
   194    732   1127    641
   195    732   1105    663
   196    736   1128    636
   197    733   1094    673
   198    797   1085    618
   199    748   1167    585
   200    699   1127    674
   201    765   1110    625
   202    761   1111    628
   203    745   1115    640
   204    738   1106    656
   205    762   1095    643
   206    749   1125    626
   207    739   1162    599
   208    714   1176    610
   209    685   1195    620
   210    668   1175    657
   211    682   1174    644
   212    696   1145    659
   213    694   1145    661
   214    756   1101    643
   215    745   1167    588
   216    730   1121    649
   217    759   1110    631
   218    728   1145    627
   219    739   1125    636
   220    741   1148    611
   221    725   1157    618
   222    752   1101    647
   223    730   1167    603
   224    725   1151    624
   225    741   1104    655
   226    744   1122    634
   227    742   1117    641
   228    721   1160    619
   229    710   1162    628
   230    675   1156    669
   231    721   1158    621
   232    736   1151    613
   233    739   1135    626
   234    707   1188    605
   235    727   1155    618
   236    720   1196    584
   237    713   1176    611
   238    694   1165    641
   239    708   1171    621
   240    693   1163    644
   241    735   1111    654
   242    741   1142    617
   243    729   1112    659
   244    737   1144    619
   245    765   1150    585
   246    755   1151    594
   247    728   1136    636
   248    719   1151    630
   249    694   1159    647
   250    697   1137    666
   251    752   1121    627
   252    761   1113    626
   253    774   1177    549
   254    749   1188    563
   255    715   1161    624
   256    730   1149    621
   257    740   1094    666
   258    754   1121    625
   259    725   1158    617
   260    720   1145    635
   261    742   1119    639
   262    797   1100    603
   263    759   1156    585
   264    680   1196    624
   265    658   1181    661
   266    705   1121    674
   267    730   1129    641
   268    700   1134    666
   269    746   1076    678
   270    769   1063    668
   271    806   1091    603
   272    721   1155    624
   273    763   1130    607
   274    739   1124    637
   275    718   1139    643
   276    704   1155    641
   277    723   1128    649
   278    710   1148    642
   279    737   1142    621
   280    708   1171    621
   281    709   1189    602
   282    720   1147    633
   283    752   1114    634
   284    776   1083    641
   285    717   1132    651
   286    758   1121    621
   287    743   1128    629
   288    761   1119    620
   289    745   1105    650
   290    792   1098    610
   291    722   1152    626
   292    763   1105    632
   293    765   1117    618
   294    798   1088    614
   295    810   1103    587
   296    769   1109    622
   297    760   1152    588
   298    735   1152    613
   299    726   1176    598
   300    731   1142    627
   301    725   1145    630
   302    761   1139    600
   303    726   1125    649
   304    704   1135    661
   305    764   1112    624
   306    763   1144    593
   307    716   1166    618
   308    735   1134    631
   309    724   1177    599
   310    694   1193    613
   311    672   1196    632
   312    727   1135    638
   313    724   1148    628
   314    688   1181    631
   315    749   1120    631
   316    682   1157    661
   317    730   1115    655
   318    722   1146    632
   319    738   1128    634
   320    766   1106    628
   321    769   1100    631
   322    759   1096    645
   323    771   1103    626
   324    736   1134    630
   325    765   1138    597
   326    771   1108    621
   327    785   1135    580
   328    801   1113    586
   329    741   1154    605
   330    710   1142    648
   331    725   1156    619
   332    706   1155    639
   333    718   1124    658
   334    751   1167    582
   335    716   1172    612
   336    687   1143    670
   337    759   1139    602
   338    762   1133    605
   339    725   1136    639
   340    736   1131    633
   341    779   1103    618
   342    742   1144    614
   343    681   1159    660
   344    726   1150    624
   345    755   1096    649
   346    783   1091    626
   347    799   1108    593
   348    757   1137    606
   349    751   1138    611
   350    753   1111    636
   351    765   1106    629
   352    736   1113    651
   353    744   1081    675
   354    771   1118    611
   355    756   1136    608
   356    776   1111    613
   357    730   1149    621
   358    715   1130    655
   359    733   1166    601
   360    722   1144    634
   361    724   1125    651
   362    703   1165    632
   363    744   1148    608
   364    769   1123    608
   365    754   1109    637
   366    727   1144    629
   367    743   1146    611
   368    773   1095    632
   369    750   1111    639
   370    737   1152    611
   371    715   1139    646
   372    721   1124    655
   373    728   1165    607
   374    729   1127    644
   375    736   1182    582
   376    731   1169    600
   377    748   1149    603
   378    704   1154    642
   379    727   1163    610
   380    696   1241    563
   381    687   1198    615
   382    691   1170    639
   383    718   1120    662
   384    765   1084    651
   385    765   1102    633
   386    743   1144    613
   387    747   1141    612
   388    727   1160    613
   389    705   1145    650
   390    755   1132    613
   391    703   1176    621
   392    745   1119    636
   393    730   1139    631
   394    755   1142    603
   395    734   1157    609
   396    680   1143    677
   397    728   1099    673
   398    764   1079    657
   399    753   1134    613
   400    751   1119    630
   401    739   1136    625
   402    722   1130    648
   403    733   1153    614
   404    714   1143    643
   405    754   1101    645
   406    760   1129    611
   407    746   1151    603
   408    709   1161    630
   409    767   1108    625
   410    772   1131    597
   411    728   1113    659
   412    766   1089    645
   413    767   1093    640
   414    731   1098    671
   415    750   1102    648
   416    782   1112    606
   417    719   1118    663
   418    768   1116    616
   419    717   1115    668
   420    758   1103    639
   421    784   1092    624
   422    761   1138    601
   423    700   1148    652
   424    714   1135    651
   425    702   1147    651
   426    725   1169    606
   427    703   1145    652
   428    716   1134    650
   429    761   1123    616
   430    745   1134    621
   431    752   1126    622
   432    762   1112    626
   433    725   1136    639
   434    702   1181    617
   435    728   1134    638
   436    721   1123    656
   437    712   1191    597
   438    734   1148    618
   439    749   1118    633
   440    731   1114    655
   441    719   1136    645
   442    763   1124    613
   443    793   1101    606
   444    782   1115    603
   445    748   1123    629
   446    752   1151    597
   447    727   1158    615
   448    757   1167    576
   449    725   1169    606
   450    725   1129    646
   451    732   1125    643
   452    715   1139    646
   453    723   1113    664
   454    751   1111    638
   455    729   1163    608
   456    735   1124    641
   457    732   1165    603
   458    700   1164    636
   459    745   1124    631
   460    752   1109    639
   461    748   1144    608
   462    773   1129    598
   463    732   1159    609
   464    719   1167    614
   465    709   1157    634
   466    719   1155    626
   467    736   1112    652
   468    773   1091    636
   469    806   1057    637
   470    790   1068    642
   471    802   1082    616
   472    740   1125    635
   473    758   1094    648
   474    721   1148    631
   475    732   1087    681
   476    768   1098    634
   477    747   1134    619
   478    718   1135    647
   479    752   1095    653
   480    751   1122    627
   481    746   1126    628
   482    752   1142    606
   483    732   1171    597
   484    701   1187    612
   485    710   1162    628
   486    731   1111    658
   487    750   1133    617
   488    707   1139    654
   489    712   1105    683
   490    780   1077    643
   491    762   1128    610
   492    758   1107    635
   493    773   1087    640
   494    785   1106    609
   495    758   1121    621
   496    758   1124    618
   497    741   1141    618
   498    715   1120    665
   499    764   1094    642
   500    708   1163    629
   501    754   1147    599
   502    739   1141    620
   503    691   1145    664
   504    710   1151    639
   505    765   1099    636
   506    749   1136    615
   507    698   1194    608
   508    709   1148    643
   509    720   1145    635
   510    748   1112    640
   511    707   1170    623
   512    734   1102    664
   513    771   1109    620
   514    755   1138    607
   515    769   1109    622
   516    736   1138    626
   517    731   1147    622
   518    710   1170    620
   519    719   1134    647
   520    713   1136    651
   521    683   1158    659
   522    718   1161    621
   523    728   1169    603
   524    729   1160    611
   525    752   1110    638
   526    783   1104    613
   527    741   1100    659
   528    716   1127    657
   529    749   1084    667
   530    719   1172    609
   531    730   1121    649
   532    705   1145    650
   533    740   1120    640
   534    766   1117    617
   535    733   1157    610
   536    758   1100    642
   537    788   1080    632
   538    773   1098    629
   539    796   1118    586
   540    759   1160    581
   541    758   1161    581
   542    740   1150    610
   543    702   1174    624
   544    687   1180    633
   545    740   1129    631
   546    743   1137    620
   547    730   1143    627
   548    703   1162    635
   549    714   1160    626
   550    703   1124    673
   551    768   1108    624
   552    717   1152    631
   553    750   1140    610
   554    723   1128    649
   555    711   1168    621
   556    717   1182    601
   557    751   1139    610
   558    740   1130    630
   559    767   1149    584
   560    769   1140    591
   561    708   1193    599
   562    696   1210    594
   563    701   1132    667
   564    725   1168    607
   565    681   1206    613
   566    675   1169    656
   567    693   1143    664
   568    693   1129    678
   569    760   1070    670
   570    762   1102    636
   571    738   1132    630
   572    752   1141    607
   573    722   1140    638
   574    746   1100    654
   575    761   1131    608
   576    682   1207    611
   577    715   1143    642
   578    727   1140    633
   579    734   1140    626
   580    703   1182    615
   581    710   1179    611
   582    721   1128    651
   583    787   1085    628
   584    737   1130    633
   585    793   1087    620
   586    797   1088    615
   587    776   1111    613
   588    731   1120    649
   589    756   1094    650
   590    779   1144    577
   591    735   1180    585
   592    691   1166    643
   593    746   1105    649
   594    701   1138    661
   595    805   1075    620
   596    761   1095    644
   597    731   1153    616
   598    707   1175    618
   599    729   1146    625
   600    724   1121    655
   601    765   1128    607
   602    742   1139    619
   603    715   1140    645
   604    747   1111    642
   605    744   1084    672
   606    780   1091    629
   607    713   1118    669
   608    733   1135    632
   609    743   1090    667
   610    746   1123    631
   611    735   1130    635
   612    754   1097    649
   613    687   1172    641
   614    750   1124    626
   615    741   1146    613
   616    702   1145    653
   617    774   1087    639
   618    768   1092    640
   619    744   1128    628
   620    697   1188    615
   621    747   1118    635
   622    710   1128    662
   623    712   1156    632
   624    736   1144    620
   625    761   1157    582
   626    713   1152    635
   627    726   1148    626
   628    713   1154    633
   629    701   1158    641
   630    730   1135    635
   631    714   1140    646
   632    716   1123    661
   633    718   1133    649
   634    698   1144    658
   635    724   1103    673
   636    772   1106    622
   637    764   1122    614
   638    721   1134    645
   639    706   1140    654
   640    748   1132    620
   641    784   1117    599
   642    777   1091    632
   643    791   1097    612
   644    770   1144    586
   645    717   1168    615
   646    696   1160    644
   647    684   1149    667
   648    742   1068    690
   649    779   1064    657
   650    786   1083    631
   651    728   1129    643
   652    712   1151    637
   653    676   1125    699
   654    694   1139    667
   655    757   1114    629
   656    752   1160    588
   657    753   1134    613
   658    749   1114    637
   659    785   1072    643
   660    779   1103    618
   661    704   1135    661
   662    719   1112    669
   663    682   1149    669
   664    759   1114    627
   665    731   1108    661
   666    750   1127    623
   667    724   1141    635
   668    742   1115    643
   669    750   1142    608
   670    741   1139    620
   671    747   1155    598
   672    717   1166    617
   673    734   1122    644
   674    697   1145    658
   675    731   1086    683
   676    758   1102    640
   677    738   1129    633
   678    771   1114    615
   679    731   1154    615
   680    695   1181    624
   681    695   1175    630
   682    711   1180    609
   683    752   1136    612
   684    739   1117    644
   685    735   1166    599
   686    724   1170    606
   687    708   1177    615
   688    682   1172    646
   689    747   1140    613
   690    735   1154    611
   691    740   1062    698
   692    737   1100    663
   693    743   1134    623
   694    767   1148    585
   695    745   1171    584
   696    709   1158    633
   697    784   1104    612
   698    735   1169    596
   699    713   1168    619
   700    720   1170    610
   701    717   1140    643
   702    721   1159    620
   703    706   1170    624
   704    741   1133    626
   705    755   1119    626
   706    773   1115    612
   707    731   1136    633
   708    727   1131    642
   709    751   1137    612
   710    775   1127    598
   711    773   1131    596
   712    741   1125    634
   713    723   1156    621
   714    718   1133    649
   715    723   1111    666
   716    755   1071    674
   717    723   1114    663
   718    716   1148    636
   719    720   1165    615
   720    733   1107    660
   721    786   1106    608
   722    736   1157    607
   723    713   1137    650
   724    764   1116    620
   725    754   1143    603
   726    731   1145    624
   727    728   1132    640
   728    752   1156    592
   729    725   1142    633
   730    709   1157    634
   731    736   1130    634
   732    725   1153    622
   733    722   1181    597
   734    722   1134    644
   735    758   1114    628
   736    724   1138    638
   737    729   1126    645
   738    753   1106    641
   739    713   1122    665
   740    751   1129    620
   741    738   1140    622
   742    696   1153    651
   743    740   1089    671
   744    799   1064    637
   745    799   1070    631
   746    780   1106    614
   747    789   1065    646
   748    724   1153    623
   749    754   1121    625
   750    762   1147    591
   751    720   1183    597
   752    718   1188    594
   753    713   1177    610
   754    692   1165    643
   755    746   1099    655
   756    772   1083    645
   757    745   1099    656
   758    740   1143    617
   759    713   1152    635
   760    710   1168    622
   761    699   1198    603
   762    725   1146    629
   763    714   1154    632
   764    706   1130    664
   765    768   1094    638
   766    708   1166    626
   767    713   1132    655
   768    712   1142    646
   769    729   1147    624
   770    738   1158    604
   771    738   1181    581
   772    675   1193    632
   773    726   1154    620
   774    772   1101    627
   775    802   1087    611
   776    768   1106    626
   777    741   1133    626
   778    708   1160    632
   779    748   1098    654
   780    757   1129    614
   781    723   1163    614
   782    713   1112    675
   783    768   1094    638
   784    752   1102    646
   785    749   1127    624
   786    711   1173    616
   787    723   1152    625
   788    736   1122    642
   789    779   1102    619
   790    758   1102    640
   791    800   1097    603
   792    769   1133    598
   793    756   1134    610
   794    778   1095    627
   795    779   1089    632
   796    801   1130    569
   797    734   1167    599
   798    720   1162    618
   799    725   1135    640
   800    738   1114    648
   801    728   1139    633
   802    772   1091    637
   803    712   1165    623
   804    699   1119    682
   805    710   1111    679
   806    769   1073    658
   807    741   1152    607
   808    710   1132    658
   809    744   1124    632
   810    716   1154    630
   811    773   1115    612
   812    763   1135    602
   813    709   1136    655
   814    757   1090    653
   815    732   1160    608
   816    756   1133    611
   817    794   1092    614
   818    788   1116    596
   819    788   1086    626
   820    733   1143    624
   821    738   1136    626
   822    745   1139    616
   823    727   1147    626
   824    683   1191    626
   825    699   1168    633
   826    708   1184    608
   827    701   1171    628
   828    704   1156    640
   829    685   1177    638
   830    724   1134    642
   831    700   1146    654
   832    732   1109    659
   833    727   1119    654
   834    774   1081    645
   835    758   1167    575
   836    727   1162    611
   837    708   1159    633
   838    735   1138    627
   839    724   1174    602
   840    726   1152    622
   841    723   1144    633
   842    748   1109    643
   843    719   1123    658
   844    772   1100    628
   845    752   1085    663
   846    745   1124    631
   847    745   1109    646
   848    753   1102    645
   849    762   1112    626
   850    773   1133    594
   851    723   1176    601
   852    730   1130    640
   853    764   1087    649
   854    750   1119    631
   855    728   1154    618
   856    757   1089    654
   857    733   1131    636
   858    758   1165    577
   859    700   1170    630
   860    710   1156    634
   861    701   1161    638
   862    719   1113    668
   863    781   1089    630
   864    786   1140    574
   865    770   1110    620
   866    764   1152    584
   867    740   1130    630
   868    738   1111    651
   869    743   1115    642
   870    748   1117    635
   871    769   1120    611
   872    743   1159    598
   873    750   1122    628
   874    745   1116    639
   875    735   1131    634
   876    755   1113    632
   877    804   1088    608
   878    765   1120    615
   879    701   1173    626
   880    733   1131    636
   881    709   1132    659
   882    699   1145    656
   883    714   1166    620
   884    716   1142    642
   885    729   1149    622
   886    740   1147    613
   887    724   1131    645
   888    736   1155    609
   889    760   1137    603
   890    733   1109    658
   891    757   1126    617
   892    768   1120    612
   893    750   1108    642
   894    749   1135    616
   895    734   1119    647
   896    747   1116    637
   897    745   1118    637
   898    716   1129    655
   899    725   1184    591
   900    743   1116    641
   901    731   1164    605
   902    763   1127    610
   903    725   1149    626
   904    754   1117    629
   905    711   1141    648
   906    727   1140    633
   907    752   1141    607
   908    753   1104    643
   909    735   1136    629
   910    704   1144    652
   911    693   1138    669
   912    731   1132    637
   913    712   1141    647
   914    730   1131    639
   915    765   1118    617
   916    782   1084    634
   917    746   1121    633
   918    751   1122    627
   919    762   1127    611
   920    744   1132    624
   921    740   1123    637
   922    744   1142    614
   923    726   1156    618
   924    728   1139    633
   925    718   1131    651
   926    703   1127    670
   927    733   1150    617
   928    747   1144    609
   929    752   1133    615
   930    781   1115    604
   931    721   1144    635
   932    803   1091    606
   933    785   1133    582
   934    790   1087    623
   935    778   1124    598
   936    755   1128    617
   937    722   1134    644
   938    725   1103    672
   939    710   1157    633
   940    754   1126    620
   941    754   1102    644
   942    743   1118    639
   943    705   1131    664
   944    732   1115    653
   945    788   1127    585
   946    719   1133    648
   947    761   1119    620
   948    719   1136    645
   949    750   1137    613
   950    736   1174    590
   951    699   1134    667
   952    734   1119    647
   953    733   1136    631
   954    697   1165    638
   955    696   1169    635
   956    732   1129    639
   957    790   1127    583
   958    726   1167    607
   959    716   1164    620
   960    758   1109    633
   961    738   1174    588
   962    692   1176    632
   963    706   1123    671
   964    769   1099    632
   965    723   1127    650
   966    768   1157    575
   967    734   1196    570
   968    710   1178    612
   969    703   1176    621
   970    698   1158    644
   971    735   1143    622
   972    744   1134    622
   973    740   1156    604
   974    723   1165    612
   975    712   1152    636
   976    736   1184    580
   977    721   1162    617
   978    715   1139    646
   979    780   1071    649
   980    768   1112    620
   981    755   1147    598
   982    720   1153    627
   983    755   1101    644
   984    798   1089    613
   985    779   1087    634
   986    715   1146    639
   987    729   1118    653
   988    739   1105    656
   989    735   1128    637
   990    793   1094    613
   991    764   1104    632
   992    762   1107    631
   993    783   1118    599
   994    702   1123    675
   995    741   1128    631
   996    752   1150    598
   997    722   1157    621
   998    694   1163    643
   999    718   1133    649
  1000    724   1122    654
