# time (sweeps) | Susceptible | Infected | Recovered
     0    700   1136    664
     1    761   1090    649
     2    747   1129    624
     3    740   1129    631
     4    723   1136    641
     5    704   1147    649
     6    727   1100    673
     7    758   1064    678
     8    751   1084    665
     9    765   1072    663
    10    757   1077    666
    11    766   1085    649
    12    711   1110    679
    13    711   1087    702
    14    735   1074    691
    15    772   1049    679
    16    787   1068    645
    17    772   1100    628
    18    769   1076    655
    19    748   1096    656
    20    753   1094    653
    21    745   1120    635
    22    709   1171    620
    23    735   1136    629
    24    719   1112    669
    25    716   1117    667
    26    743   1115    642
    27    717   1142    641
    28    747   1105    648
    29    754   1116    630
    30    712   1159    629
    31    683   1145    672
    32    706   1124    670
    33    740   1112    648
    34    741   1101    658
    35    702   1130    668
    36    728   1123    649
    37    733   1127    640
    38    735   1103    662
    39    761   1084    655
    40    723   1137    640
    41    736   1095    669
    42    711   1128    661
    43    749   1116    635
    44    740   1100    660
    45    740   1096    664
    46    729   1144    627
    47    706   1129    665
    48    725   1140    635
    49    729   1122    649
    50    762   1109    629
    51    764   1100    636
    52    742   1110    648
    53    757   1089    654
    54    745   1081    674
    55    760   1067    673
    56    776   1058    666
    57    761   1096    643
    58    753   1085    662
    59    760   1106    634
    60    744   1093    663
    61    751   1099    650
    62    772   1093    635
    63    749   1150    601
    64    760   1126    614
    65    717   1138    645
    66    709   1142    649
    67    732   1107    661
    68    737   1125    638
    69    741   1074    685
    70    739   1139    622
    71    710   1129    661
    72    730   1101    669
    73    721   1094    685
    74    747   1109    644
    75    753   1100    647
    76    740   1088    672
    77    764   1101    635
    78    761   1068    671
    79    753   1076    671
    80    726   1149    625
    81    691   1133    676
    82    742   1077    681
    83    729   1114    657
    84    719   1106    675
    85    723   1111    666
    86    730   1100    670
    87    715   1130    655
    88    690   1155    655
    89    669   1138    693
    90    730   1102    668
    91    773   1105    622
    92    727   1152    621
    93    705   1135    660
    94    745   1112    643
    95    767   1079    654
    96    722   1114    664
    97    683   1162    655
    98    715   1125    660
    99    717   1117    666
   100    720   1120    660
   101    706   1171    623
   102    738   1112    650
   103    753   1112    635
   104    753   1093    654
   105    759   1050    691
   106    745   1097    658
   107    768   1077    655
   108    788   1084    628
   109    785   1089    626
   110    747   1093    660
   111    746   1064    690
   112    770   1075    655
   113    755   1052    693
   114    772   1056    672
   115    725   1151    624
   116    726   1114    660
   117    734   1120    646
   118    719   1134    647
   119    705   1130    665
   120    728   1095    677
   121    712   1110    678
   122    750   1099    651
   123    708   1141    651
   124    721   1125    654
   125    739   1153    608
   126    703   1141    656
   127    721   1091    688
   128    760   1079    661
   129    754   1113    633
   130    760   1100    640
   131    730   1131    639
   132    802   1025    673
   133    765   1083    652
   134    736   1142    622
   135    742   1118    640
   136    729   1133    638
   137    702   1135    663
   138    725   1068    707
   139    732   1085    683
   140    731   1129    640
   141    707   1144    649
   142    760   1124    616
   143    714   1145    641
   144    719   1099    682
   145    725   1125    650
   146    728   1138    634
   147    724   1152    624
   148    724   1117    659
   149    718   1118    664
   150    728   1116    656
   151    716   1137    647
   152    722   1114    664
   153    783   1052    665
   154    761   1084    655
   155    773   1091    636
   156    748   1091    661
   157    698   1156    646
   158    720   1097    683
   159    762   1067    671
   160    748   1117    635
   161    736   1165    599
   162    695   1157    648
   163    736   1114    650
   164    761   1074    665
   165    746   1107    647
   166    774   1094    632
   167    750   1096    654
   168    732   1130    638
   169    744   1135    621
   170    711   1158    631
   171    699   1129    672
   172    719   1126    655
   173    725   1106    669
   174    716   1114    670
   175    714   1116    670
   176    732   1092    676
   177    728   1147    625
   178    714   1121    665
   179    752   1122    626
   180    774   1099    627
   181    763   1098    639
   182    753   1098    649
   183    713   1137    650
   184    721   1124    655
   185    744   1078    678
   186    728   1130    642
   187    692   1130    678
   188    753   1091    656
   189    763   1098    639
   190    763   1134    603
   191    730   1140    630
   192    748   1127    625
   193    733   1139    628
   194    721   1111    668
   195    713   1155    632
   196    699   1137    664
   197    708   1128    664
   198    761   1062    677
   199    760   1075    665
   200    753   1118    629
   201    712   1135    653
   202    716   1137    647
   203    722   1119    659
   204    718   1124    658
   205    759   1113    628
   206    731   1094    675
   207    741   1111    648
   208    728   1105    667
   209    755   1137    608
   210    709   1152    639
   211    697   1133    670
   212    727   1143    630
   213    738   1104    658
   214    779   1051    670
   215    791   1076    633
   216    826   1077    597
   217    759   1120    621
   218    761   1115    624
   219    707   1196    597
   220    684   1179    637
   221    692   1127    681
   222    711   1122    667
   223    720   1129    651
   224    716   1102    682
   225    754   1095    651
   226    726   1146    628
   227    691   1174    635
   228    703   1126    671
   229    700   1147    653
   230    714   1154    632
   231    719   1128    653
   232    735   1102    663
   233    762   1097    641
   234    805   1057    638
   235    746   1130    624
   236    779   1098    623
   237    771   1125    604
   238    661   1207    632
   239    679   1182    639
   240    713   1125    662
   241    724   1109    667
   242    774   1091    635
   243    711   1119    670
   244    742   1123    635
   245    739   1132    629
   246    728   1087    685
   247    731   1118    651
   248    760   1102    638
   249    765   1114    621
   250    758   1086    656
   251    735   1098    667
   252    721   1124    655
   253    755   1063    682
   254    739   1108    653
   255    723   1147    630
   256    717   1141    642
   257    738   1119    643
   258    716   1110    674
   259    776   1065    659
   260    721   1137    642
   261    701   1123    676
   262    737   1108    655
   263    715   1093    692
   264    719   1135    646
   265    717   1110    673
   266    717   1082    701
   267    793   1035    672
   268    760   1072    668
   269    744   1103    653
   270    781   1085    634
   271    805   1077    618
   272    786   1071    643
   273    722   1146    632
   274    702   1110    688
   275    773   1073    654
   276    757   1065    678
   277    781   1092    627
   278    736   1098    666
   279    757   1103    640
   280    707   1119    674
   281    718   1102    680
   282    742   1106    652
   283    717   1134    649
   284    725   1115    660
   285    732   1088    680
   286    745   1069    686
   287    760   1047    693
   288    778   1074    648
   289    778   1079    643
   290    758   1079    663
   291    751   1077    672
   292    731   1102    667
   293    743   1080    677
   294    728   1139    633
   295    709   1139    652
   296    699   1118    683
   297    696   1161    643
   298    727   1153    620
   299    699   1142    659
   300    692   1124    684
   301    702   1156    642
   302    739   1122    639
   303    745   1114    641
   304    748   1136    616
   305    708   1140    652
   306    689   1149    662
   307    754   1100    646
   308    692   1169    639
   309    681   1157    662
   310    748   1111    641
   311    744   1115    641
   312    644   1137    719
   313    717   1084    699
   314    752   1078    670
   315    773   1065    662
   316    728   1123    649
   317    733   1103    664
   318    720   1099    681
   319    770   1061    669
   320    745   1089    666
   321    742   1115    643
   322    722   1142    636
   323    781   1095    624
   324    691   1161    648
   325    745   1127    628
   326    713   1160    627
   327    733   1114    653
   328    698   1125    677
   329    727   1089    684
   330    688   1131    681
   331    703   1148    649
   332    711   1126    663
   333    749   1079    672
   334    760   1089    651
   335    749   1106    645
   336    714   1153    633
   337    706   1140    654
   338    702   1106    692
   339    756   1088    656
   340    759   1099    642
   341    750   1130    620
   342    727   1086    687
   343    763   1080    657
   344    755   1083    662
   345    764   1112    624
   346    717   1183    600
   347    681   1149    670
   348    731   1067    702
   349    811   1033    656
   350    782   1089    629
   351    782   1068    650
   352    773   1083    644
   353    763   1123    614
   354    761   1083    656
   355    771   1104    625
   356    728   1146    626
   357    712   1163    625
   358    679   1164    657
   359    701   1143    656
   360    734   1129    637
   361    664   1137    699
   362    685   1131    684
   363    719   1098    683
   364    727   1097    676
   365    704   1169    627
   366    725   1125    650
   367    753   1103    644
   368    758   1129    613
   369    733   1126    641
   370    733   1160    607
   371    722   1140    638
   372    704   1148    648
   373    711   1127    662
   374    728   1119    653
   375    736   1129    635
   376    731   1144    625
   377    644   1199    657
   378    687   1120    693
   379    719   1091    690
   380    748   1097    655
   381    717   1123    660
   382    744   1125    631
   383    728   1118    654
   384    703   1104    693
   385    733   1088    679
   386    756   1078    666
   387    750   1113    637
   388    658   1158    684
   389    705   1107    688
   390    711   1154    635
   391    741   1077    682
   392    690   1124    686
   393    740   1102    658
   394    774   1107    619
   395    758   1122    620
   396    727   1141    632
   397    738   1115    647
   398    721   1128    651
   399    695   1164    641
   400    683   1155    662
   401    712   1112    676
   402    717   1122    661
   403    745   1119    636
   404    765   1094    641
   405    753   1102    645
   406    759   1079    662
   407    765   1103    632
   408    737   1146    617
   409    716   1159    625
   410    741   1101    658
   411    729   1109    662
   412    688   1131    681
   413    711   1076    713
   414    749   1125    626
   415    689   1144    667
   416    690   1117    693
   417    708   1107    685
   418    737   1083    680
   419    683   1126    691
   420    752   1108    640
   421    731   1125    644
   422    719   1121    660
   423    710   1137    653
   424    719   1101    680
   425    717   1135    648
   426    697   1162    641
   427    669   1184    647
   428    669   1173    658
   429    693   1084    723
   430    763   1103    634
   431    740   1139    621
   432    697   1151    652
   433    688   1130    682
   434    688   1105    707
   435    700   1109    691
   436    712   1083    705
   437    737   1117    646
   438    737   1141    622
   439    760   1108    632
   440    727   1121    652
   441    740   1119    641
   442    742   1074    684
   443    762   1121    617
   444    713   1177    610
   445    689   1180    631
   446    701   1124    675
   447    780   1050    670
   448    753   1130    617
   449    693   1140    667
   450    740   1116    644
   451    767   1104    629
   452    737   1122    641
   453    683   1136    681
   454    722   1079    699
   455    779   1057    664
   456    784   1097    619
   457    744   1121    635
   458    725   1111    664
   459    784   1033    683
   460    745   1130    625
   461    726   1124    650
   462    746   1127    627
   463    747   1087    666
   464    708   1144    648
   465    664   1153    683
   466    751   1091    658
   467    737   1106    657
   468    742   1110    648
   469    737   1123    640
   470    715   1131    654
   471    687   1104    709
   472    762   1095    643
   473    744   1124    632
   474    751   1096    653
   475    751   1093    656
   476    722   1118    660
   477    687   1170    643
   478    688   1146    666
   479    720   1119    661
   480    724   1147    629
   481    730   1131    639
   482    731   1133    636
   483    747   1107    646
   484    717   1158    625
   485    693   1149    658
   486    686   1115    699
   487    752   1091    657
   488    727   1079    694
   489    760   1085    655
   490    740   1086    674
   491    713   1110    677
   492    786   1070    644
   493    738   1123    639
   494    784   1073    643
   495    729   1094    677
   496    748   1087    665
   497    736   1114    650
   498    767   1095    638
   499    777   1110    613
   500    720   1165    615
   501    723   1142    635
   502    770   1115    615
   503    790   1127    583
   504    774   1145    581
   505    718   1121    661
   506    722   1121    657
   507    692   1109    699
   508    738   1051    711
   509    762   1069    669
   510    786   1063    651
   511    789   1061    650
   512    755   1089    656
   513    706   1106    688
   514    784   1045    671
   515    787   1069    644
   516    737   1132    631
   517    743   1100    657
   518    753   1068    679
   519    720   1123    657
   520    736   1150    614
   521    692   1165    643
   522    710   1156    634
   523    721   1126    653
   524    731   1099    670
   525    746   1086    668
   526    782   1079    639
   527    723   1117    660
   528    671   1134    695
   529    779   1056    665
   530    778   1081    641
   531    760   1092    648
   532    736   1093    671
   533    782   1084    634
   534    771   1112    617
   535    706   1161    633
   536    709   1154    637
   537    731   1154    615
   538    724   1118    658
   539    736   1126    638
   540    710   1139    651
   541    718   1126    656
   542    740   1095    665
   543    746   1088    666
   544    737   1107    656
   545    745   1102    653
   546    774   1104    622
   547    699   1146    655
   548    659   1178    663
   549    715   1123    662
   550    732   1105    663
   551    721   1104    675
   552    757   1085    658
   553    749   1115    636
   554    751   1112    637
   555    750   1157    593
   556    720   1133    647
   557    677   1121    702
   558    729   1110    661
   559    731   1107    662
   560    712   1104    684
   561    738   1106    656
   562    717   1136    647
   563    733   1086    681
   564    792   1035    673
   565    758   1089    653
   566    718   1116    666
   567    692   1128    680
   568    741   1103    656
   569    714   1098    688
   570    744   1094    662
   571    757   1054    689
   572    762   1068    670
   573    752   1118    630
   574    711   1088    701
   575    762   1108    630
   576    732   1081    687
   577    731   1100    669
   578    724   1112    664
   579    737   1074    689
   580    745   1103    652
   581    742   1083    675
   582    762   1113    625
   583    760   1065    675
   584    776   1088    636
   585    764   1106    630
   586    729   1175    596
   587    704   1147    649
   588    756   1079    665
   589    754   1094    652
   590    763   1076    661
   591    753   1118    629
   592    738   1137    625
   593    707   1135    658
   594    698   1161    641
   595    710   1157    633
   596    710   1145    645
   597    710   1140    650
   598    700   1135    665
   599    693   1099    708
   600    766   1067    667
   601    775   1076    649
   602    763   1086    651
   603    742   1067    691
   604    757   1107    636
   605    732   1138    630
   606    765   1109    626
   607    755   1119    626
   608    747   1061    692
   609    744   1125    631
   610    774   1115    611
   611    722   1115    663
   612    687   1149    664
   613    707   1166    627
   614    727   1136    637
   615    735   1115    650
   616    704   1165    631
   617    683   1137    680
   618    726   1144    630
   619    760   1121    619
   620    759   1126    615
   621    713   1136    651
   622    686   1145    669
   623    717   1096    687
   624    761   1122    617
   625    705   1139    656
   626    736   1111    653
   627    720   1145    635
   628    676   1149    675
   629    687   1120    693
   630    781   1097    622
   631    732   1105    663
   632    756   1061    683
   633    769   1088    643
   634    787   1065    648
   635    706   1160    634
   636    732   1114    654
   637    720   1134    646
   638    712   1138    650
   639    677   1171    652
   640    687   1182    631
   641    705   1166    629
   642    690   1150    660
   643    678   1134    688
   644    689   1150    661
   645    673   1104    723
   646    727   1098    675
   647    765   1099    636
   648    747   1121    632
   649    691   1152    657
   650    734   1125    641
   651    711   1130    659
   652    725   1103    672
   653    746   1097    657
   654    789   1063    648
   655    716   1109    675
   656    727   1128    645
   657    719   1122    659
   658    709   1109    682
   659    754   1085    661
   660    735   1106    659
   661    758   1115    627
   662    735   1140    625
   663    723   1105    672
   664    743   1111    646
   665    751   1126    623
   666    702   1138    660
   667    762   1089    649
   668    769   1061    670
   669    730   1095    675
   670    724   1099    677
   671    733   1132    635
   672    690   1163    647
   673    726   1129    645
   674    710   1145    645
   675    709   1155    636
   676    688   1103    709
   677    706   1166    628
   678    663   1209    628
   679    667   1128    705
   680    739   1088    673
   681    730   1135    635
   682    719   1093    688
   683    738   1065    697
   684    725   1079    696
   685    763   1067    670
   686    745   1129    626
   687    742   1139    619
   688    717   1129    654
   689    728   1097    675
   690    785   1072    643
   691    752   1085    663
   692    750   1103    647
   693    739   1146    615
   694    761   1126    613
   695    771   1106    623
   696    731   1132    637
   697    771   1087    642
   698    735   1121    644
   699    701   1157    642
   700    749   1105    646
   701    773   1058    669
   702    786   1060    654
   703    744   1082    674
   704    746   1083    671
   705    748   1102    650
   706    741   1087    672
   707    745   1120    635
   708    720   1108    672
   709    751   1123    626
   710    737   1128    635
   711    708   1133    659
   712    685   1144    671
   713    690   1110    700
   714    756   1106    638
   715    731   1149    620
   716    698   1156    646
   717    683   1116    701
   718    712   1126    662
   719    729   1133    638
   720    743   1081    676
   721    740   1101    659
   722    767   1070    663
   723    722   1122    656
   724    713   1127    660
   725    751   1075    674
   726    708   1154    638
   727    713   1126    661
   728    695   1154    651
   729    708   1138    654
   730    696   1104    700
   731    724   1114    662
   732    725   1105    670
   733    731   1140    629
   734    697   1168    635
   735    717   1134    649
   736    732   1128    640
   737    748   1104    648
   738    741   1092    667
   739    725   1123    652
   740    726   1119    655
   741    693   1139    668
   742    685   1146    669
   743    697   1137    666
   744    717   1142    641
   745    704   1140    656
   746    700   1103    697
   747    738   1079    683
   748    771   1098    631
   749    705   1144    651
   750    717   1115    668
   751    721   1133    646
   752    753   1086    661
   753    715   1132    653
   754    748   1068    684
   755    735   1105    660
   756    737   1092    671
   757    748   1090    662
   758    702   1164    634
   759    691   1155    654
   760    689   1140    671
   761    710   1109    681
   762    738   1110    652
   763    721   1117    662
   764    749   1089    662
   765    802   1068    630
   766    785   1099    616
   767    756   1108    636
   768    771   1104    625
   769    746   1135    619
   770    710   1154    636
   771    766   1113    621
   772    740   1103    657
   773    740   1146    614
   774    721   1153    626
   775    699   1173    628
   776    696   1153    651
   777    703   1134    663
   778    749   1125    626
   779    716   1147    637
   780    713   1133    654
   781    717   1124    659
   782    725   1128    647
   783    735   1094    671
   784    725   1107    668
   785    735   1101    664
   786    674   1168    658
   787    713   1153    634
   788    696   1138    666
   789    727   1126    647
   790    785   1077    638
   791    721   1130    649
   792    726   1131    643
   793    723   1108    669
   794    774   1066    660
   795    767   1091    642
   796    720   1115    665
   797    719   1133    648
   798    702   1111    687
   799    710   1143    647
   800    696   1135    669
   801    684   1136    680
   802    747   1057    696
   803    784   1054    662
   804    795   1069    636
   805    758   1090    652
   806    816   1037    647
   807    764   1075    661
   808    765   1089    646
   809    741   1103    656
   810    750   1097    653
   811    781   1089    630
   812    733   1109    658
   813    710   1134    656
   814    719   1101    680
   815    730   1116    654
   816    674   1153    673
   817    707   1123    670
   818    749   1138    613
   819    701   1166    633
   820    710   1137    653
   821    734   1135    631
   822    766   1113    621
   823    735   1104    661
   824    707   1107    686
   825    738   1051    711
   826    726   1087    687
   827    722   1134    644
   828    708   1163    629
   829    703   1121    676
   830    766   1089    645
   831    727   1108    665
   832    736   1092    672
   833    773   1102    625
   834    735   1120    645
   835    698   1119    683
   836    705   1084    711
   837    768   1106    626
   838    752   1127    621
   839    712   1159    629
   840    694   1154    652
   841    692   1136    672
   842    771   1093    636
   843    757   1089    654
   844    694   1091    715
   845    791   1023    686
   846    776   1089    635
   847    728   1131    641
   848    703   1143    654
   849    699   1143    658
   850    725   1111    664
   851    702   1145    653
   852    679   1164    657
   853    666   1145    689
   854    722   1104    674
   855    713   1132    655
   856    704   1131    665
   857    710   1102    688
   858    727   1103    670
   859    723   1097    680
   860    751   1098    651
   861    753   1079    668
   862    747   1101    652
   863    774   1078    648
   864    768   1070    662
   865    775   1079    646
   866    727   1121    652
   867    737   1091    672
   868    730   1086    684
   869    737   1092    671
   870    710   1109    681
   871    739   1073    688
   872    801   1059    640
   873    765   1104    631
   874    744   1111    645
   875    734   1116    650
   876    707   1143    650
   877    698   1161    641
   878    729   1120    651
   879    738   1112    650
   880    709   1117    674
   881    783   1104    613
   882    737   1140    623
   883    753   1101    646
   884    760   1108    632
   885    737   1108    655
   886    770   1088    642
   887    778   1082    640
   888    784   1089    627
   889    741   1123    636
   890    760   1082    658
   891    728   1088    684
   892    712   1100    688
   893    723   1106    671
   894    695   1142    663
   895    711   1105    684
   896    775   1065    660
   897    741   1062    697
   898    743   1100    657
   899    777   1063    660
   900    730   1134    636
   901    703   1129    668
   902    703   1112    685
   903    722   1118    660
   904    772   1076    652
   905    732   1099    669
   906    778   1090    632
   907    743   1139    618
   908    713   1184    603
   909    719   1112    669
   910    701   1150    649
   911    744   1128    628
   912    714   1158    628
   913    683   1171    646
   914    714   1150    636
   915    759   1106    635
   916    752   1115    633
   917    752   1139    609
   918    731   1100    669
   919    738   1122    640
   920    706   1148    646
   921    692   1159    649
   922    724   1126    650
   923    724   1133    643
   924    717   1129    654
   925    761   1106    633
   926    753   1098    649
   927    730   1116    654
   928    734   1123    643
   929    729   1121    650
   930    741   1085    674
   931    740   1117    643
   932    725   1146    629
   933    707   1147    646
   934    689   1155    656
   935    736   1090    674
   936    775   1056    669
   937    774   1077    649
   938    761   1083    656
   939    755   1093    652
   940    746   1114    640
   941    731   1118    651
   942    755   1079    666
   943    719   1123    658
   944    726   1109    665
   945    690   1146    664
   946    693   1132    675
   947    720   1097    683
   948    739   1103    658
   949    736   1105    659
   950    733   1106    661
   951    755   1100    645
   952    749   1101    650
   953    763   1128    609
   954    734   1109    657
   955    736   1135    629
   956    720   1138    642
   957    710   1136    654
   958    748   1087    665
   959    770   1069    661
   960    755   1100    645
   961    715   1113    672
   962    725   1109    666
   963    752   1102    646
   964    755   1095    650
   965    751   1122    627
   966    673   1183    644
   967    704   1133    663
   968    702   1146    652
   969    700   1131    669
   970    717   1125    658
   971    745   1104    651
   972    738   1108    654
   973    756   1096    648
   974    714   1107    679
   975    724   1095    681
   976    711   1151    638
   977    739   1124    637
   978    727   1087    686
   979    754   1064    682
   980    712   1114    674
   981    747   1077    676
   982    724   1091    685
   983    736   1067    697
   984    754   1079    667
   985    787   1076    637
   986    754   1053    693
   987    747   1082    671
   988    755   1087    658
   989    776   1080    644
   990    758   1118    624
   991    745   1088    667
   992    744   1105    651
   993    738   1161    601
   994    711   1138    651
   995    705   1128    667
   996    734   1088    678
   997    774   1102    624
   998    766   1112    622
   999    708   1114    678
  1000    700   1108    692
