# time (sweeps) | Susceptible | Infected | Recovered
     0   1409      3   1088
     1   1409      3   1088
     2   1409      3   1088
     3   1409      3   1088
     4   1409      3   1088
     5   1409      3   1088
     6   1409      3   1088
     7   1409      3   1088
     8   1409      3   1088
     9   1409      3   1088
    10   1409      3   1088
    11   1409      3   1088
    12   1409      3   1088
    13   1409      3   1088
    14   1409      3   1088
    15   1409      3   1088
    16   1409      3   1088
    17   1409      3   1088
    18   1409      3   1088
    19   1409      3   1088
    20   1409      3   1088
    21   1409      3   1088
    22   1409      3   1088
    23   1409      3   1088
    24   1409      3   1088
    25   1409      3   1088
    26   1409      3   1088
    27   1409      3   1088
    28   1409      3   1088
    29   1409      3   1088
    30   1409      3   1088
    31   1409      3   1088
    32   1409      3   1088
    33   1409      3   1088
    34   1409      3   1088
    35   1409      3   1088
    36   1409      3   1088
    37   1409      3   1088
    38   1409      3   1088
    39   1409      3   1088
    40   1409      3   1088
    41   1409      3   1088
    42   1409      3   1088
    43   1409      3   1088
    44   1409      3   1088
    45   1409      3   1088
    46   1409      3   1088
    47   1409      3   1088
    48   1409      3   1088
    49   1409      3   1088
    50   1409      3   1088
    51   1409      3   1088
    52   1409      3   1088
    53   1409      3   1088
    54   1409      3   1088
    55   1409      3   1088
    56   1409      3   1088
    57   1409      3   1088
    58   1409      3   1088
    59   1409      3   1088
    60   1409      3   1088
    61   1409      3   1088
    62   1409      3   1088
    63   1409      3   1088
    64   1409      3   1088
    65   1409      3   1088
    66   1409      3   1088
    67   1409      3   1088
    68   1409      3   1088
    69   1409      3   1088
    70   1409      3   1088
    71   1409      3   1088
    72   1409      3   1088
    73   1409      3   1088
    74   1409      3   1088
    75   1409      3   1088
    76   1409      3   1088
    77   1409      3   1088
    78   1409      3   1088
    79   1409      3   1088
    80   1409      3   1088
    81   1409      3   1088
    82   1409      3   1088
    83   1409      3   1088
    84   1409      3   1088
    85   1409      3   1088
    86   1409      3   1088
    87   1409      3   1088
    88   1409      3   1088
    89   1409      3   1088
    90   1409      3   1088
    91   1409      3   1088
    92   1409      3   1088
    93   1409      3   1088
    94   1409      3   1088
    95   1409      3   1088
    96   1409      3   1088
    97   1409      3   1088
    98   1409      3   1088
    99   1409      3   1088
   100   1409      3   1088
   101   1409      3   1088
   102   1409      3   1088
   103   1409      3   1088
   104   1409      3   1088
   105   1409      3   1088
   106   1409      3   1088
   107   1409      3   1088
   108   1409      3   1088
   109   1409      3   1088
   110   1409      3   1088
   111   1409      3   1088
   112   1409      3   1088
   113   1409      3   1088
   114   1409      3   1088
   115   1409      3   1088
   116   1409      3   1088
   117   1409      3   1088
   118   1409      3   1088
   119   1409      3   1088
   120   1409      3   1088
   121   1409      3   1088
   122   1409      3   1088
   123   1409      3   1088
   124   1409      3   1088
   125   1409      3   1088
   126   1409      3   1088
   127   1409      3   1088
   128   1409      3   1088
   129   1409      3   1088
   130   1409      3   1088
   131   1409      3   1088
   132   1409      3   1088
   133   1409      3   1088
   134   1409      3   1088
   135   1409      3   1088
   136   1409      3   1088
   137   1409      3   1088
   138   1409      3   1088
   139   1409      3   1088
   140   1409      3   1088
   141   1409      3   1088
   142   1409      3   1088
   143   1409      3   1088
   144   1409      3   1088
   145   1409      3   1088
   146   1409      3   1088
   147   1409      3   1088
   148   1409      3   1088
   149   1409      3   1088
   150   1409      3   1088
   151   1409      3   1088
   152   1409      3   1088
   153   1409      3   1088
   154   1409      3   1088
   155   1409      3   1088
   156   1409      3   1088
   157   1409      3   1088
   158   1409      3   1088
   159   1409      3   1088
   160   1409      3   1088
   161   1409      3   1088
   162   1409      3   1088
   163   1409      3   1088
   164   1409      3   1088
   165   1409      3   1088
   166   1409      3   1088
   167   1409      3   1088
   168   1409      3   1088
   169   1409      3   1088
   170   1409      3   1088
   171   1409      3   1088
   172   1409      3   1088
   173   1409      3   1088
   174   1409      3   1088
   175   1409      3   1088
   176   1409      3   1088
   177   1409      3   1088
   178   1409      3   1088
   179   1409      3   1088
   180   1409      3   1088
   181   1409      3   1088
   182   1409      3   1088
   183   1409      3   1088
   184   1409      3   1088
   185   1409      3   1088
   186   1409      3   1088
   187   1409      3   1088
   188   1409      3   1088
   189   1409      3   1088
   190   1409      3   1088
   191   1409      3   1088
   192   1409      3   1088
   193   1409      3   1088
   194   1409      3   1088
   195   1409      3   1088
   196   1409      3   1088
   197   1409      3   1088
   198   1409      3   1088
   199   1409      3   1088
   200   1409      3   1088
   201   1409      3   1088
   202   1409      3   1088
   203   1409      3   1088
   204   1409      3   1088
   205   1409      3   1088
   206   1409      3   1088
   207   1409      3   1088
   208   1409      3   1088
   209   1409      3   1088
   210   1409      3   1088
   211   1409      3   1088
   212   1409      3   1088
   213   1409      3   1088
   214   1409      3   1088
   215   1409      3   1088
   216   1409      3   1088
   217   1409      3   1088
   218   1409      3   1088
   219   1409      3   1088
   220   1409      3   1088
   221   1409      3   1088
   222   1409      3   1088
   223   1409      3   1088
   224   1409      3   1088
   225   1409      3   1088
   226   1409      3   1088
   227   1409      3   1088
   228   1409      3   1088
   229   1409      3   1088
   230   1409      3   1088
   231   1409      3   1088
   232   1409      3   1088
   233   1409      3   1088
   234   1409      3   1088
   235   1409      3   1088
   236   1409      3   1088
   237   1409      3   1088
   238   1409      3   1088
   239   1409      3   1088
   240   1409      3   1088
   241   1409      3   1088
   242   1409      3   1088
   243   1409      3   1088
   244   1409      3   1088
   245   1409      3   1088
   246   1409      3   1088
   247   1409      3   1088
   248   1409      3   1088
   249   1409      3   1088
   250   1409      3   1088
   251   1409      3   1088
   252   1409      3   1088
   253   1409      3   1088
   254   1409      3   1088
   255   1409      3   1088
   256   1409      3   1088
   257   1409      3   1088
   258   1409      3   1088
   259   1409      3   1088
   260   1409      3   1088
   261   1409      3   1088
   262   1409      3   1088
   263   1409      3   1088
   264   1409      3   1088
   265   1409      3   1088
   266   1409      3   1088
   267   1409      3   1088
   268   1409      3   1088
   269   1409      3   1088
   270   1409      3   1088
   271   1409      3   1088
   272   1409      3   1088
   273   1409      3   1088
   274   1409      3   1088
   275   1409      3   1088
   276   1409      3   1088
   277   1409      3   1088
   278   1409      3   1088
   279   1409      3   1088
   280   1409      3   1088
   281   1409      3   1088
   282   1409      3   1088
   283   1409      3   1088
   284   1409      3   1088
   285   1409      3   1088
   286   1409      3   1088
   287   1409      3   1088
   288   1409      3   1088
   289   1409      3   1088
   290   1409      3   1088
   291   1409      3   1088
   292   1409      3   1088
   293   1409      3   1088
   294   1409      3   1088
   295   1409      3   1088
   296   1409      3   1088
   297   1409      3   1088
   298   1409      3   1088
   299   1409      3   1088
   300   1409      3   1088
   301   1409      3   1088
   302   1409      3   1088
   303   1409      3   1088
   304   1409      3   1088
   305   1409      3   1088
   306   1409      3   1088
   307   1409      3   1088
   308   1409      3   1088
   309   1409      3   1088
   310   1409      3   1088
   311   1409      3   1088
   312   1409      3   1088
   313   1409      3   1088
   314   1409      3   1088
   315   1409      3   1088
   316   1409      3   1088
   317   1409      3   1088
   318   1409      3   1088
   319   1409      3   1088
   320   1409      3   1088
   321   1409      3   1088
   322   1409      3   1088
   323   1409      3   1088
   324   1409      3   1088
   325   1409      3   1088
   326   1409      3   1088
   327   1409      3   1088
   328   1409      3   1088
   329   1409      3   1088
   330   1409      3   1088
   331   1409      3   1088
   332   1409      3   1088
   333   1409      3   1088
   334   1409      3   1088
   335   1409      3   1088
   336   1409      3   1088
   337   1409      3   1088
   338   1409      3   1088
   339   1409      3   1088
   340   1409      3   1088
   341   1409      3   1088
   342   1409      3   1088
   343   1409      3   1088
   344   1409      3   1088
   345   1409      3   1088
   346   1409      3   1088
   347   1409      3   1088
   348   1409      3   1088
   349   1409      3   1088
   350   1409      3   1088
   351   1409      3   1088
   352   1409      3   1088
   353   1409      3   1088
   354   1409      3   1088
   355   1409      3   1088
   356   1409      3   1088
   357   1409      3   1088
   358   1409      3   1088
   359   1409      3   1088
   360   1409      3   1088
   361   1409      3   1088
   362   1409      3   1088
   363   1409      3   1088
   364   1409      3   1088
   365   1409      3   1088
   366   1409      3   1088
   367   1409      3   1088
   368   1409      3   1088
   369   1409      3   1088
   370   1409      3   1088
   371   1409      3   1088
   372   1409      3   1088
   373   1409      3   1088
   374   1409      3   1088
   375   1409      3   1088
   376   1409      3   1088
   377   1409      3   1088
   378   1409      3   1088
   379   1409      3   1088
   380   1409      3   1088
   381   1409      3   1088
   382   1409      3   1088
   383   1409      3   1088
   384   1409      3   1088
   385   1409      3   1088
   386   1409      3   1088
   387   1409      3   1088
   388   1409      3   1088
   389   1409      3   1088
   390   1409      3   1088
   391   1409      3   1088
   392   1409      3   1088
   393   1409      3   1088
   394   1409      3   1088
   395   1409      3   1088
   396   1409      3   1088
   397   1409      3   1088
   398   1409      3   1088
   399   1409      3   1088
   400   1409      3   1088
   401   1409      3   1088
   402   1409      3   1088
   403   1409      3   1088
   404   1409      3   1088
   405   1409      3   1088
   406   1409      3   1088
   407   1409      3   1088
   408   1409      3   1088
   409   1409      3   1088
   410   1409      3   1088
   411   1409      3   1088
   412   1409      3   1088
   413   1409      3   1088
   414   1409      3   1088
   415   1409      3   1088
   416   1409      3   1088
   417   1409      3   1088
   418   1409      3   1088
   419   1409      3   1088
   420   1409      3   1088
   421   1409      3   1088
   422   1409      3   1088
   423   1409      3   1088
   424   1409      3   1088
   425   1409      3   1088
   426   1409      3   1088
   427   1409      3   1088
   428   1409      3   1088
   429   1409      3   1088
   430   1409      3   1088
   431   1409      3   1088
   432   1409      3   1088
   433   1409      3   1088
   434   1409      3   1088
   435   1409      3   1088
   436   1409      3   1088
   437   1409      3   1088
   438   1409      3   1088
   439   1409      3   1088
   440   1409      3   1088
   441   1409      3   1088
   442   1409      3   1088
   443   1409      3   1088
   444   1409      3   1088
   445   1409      3   1088
   446   1409      3   1088
   447   1409      3   1088
   448   1409      3   1088
   449   1409      3   1088
   450   1409      3   1088
   451   1409      3   1088
   452   1409      3   1088
   453   1409      3   1088
   454   1409      3   1088
   455   1409      3   1088
   456   1409      3   1088
   457   1409      3   1088
   458   1409      3   1088
   459   1409      3   1088
   460   1409      3   1088
   461   1409      3   1088
   462   1409      3   1088
   463   1409      3   1088
   464   1409      3   1088
   465   1409      3   1088
   466   1409      3   1088
   467   1409      3   1088
   468   1409      3   1088
   469   1409      3   1088
   470   1409      3   1088
   471   1409      3   1088
   472   1409      3   1088
   473   1409      3   1088
   474   1409      3   1088
   475   1409      3   1088
   476   1409      3   1088
   477   1409      3   1088
   478   1409      3   1088
   479   1409      3   1088
   480   1409      3   1088
   481   1409      3   1088
   482   1409      3   1088
   483   1409      3   1088
   484   1409      3   1088
   485   1409      3   1088
   486   1409      3   1088
   487   1409      3   1088
   488   1409      3   1088
   489   1409      3   1088
   490   1409      3   1088
   491   1409      3   1088
   492   1409      3   1088
   493   1409      3   1088
   494   1409      3   1088
   495   1409      3   1088
   496   1409      3   1088
   497   1409      3   1088
   498   1409      3   1088
   499   1409      3   1088
   500   1409      3   1088
   501   1409      3   1088
   502   1409      3   1088
   503   1409      3   1088
   504   1409      3   1088
   505   1409      3   1088
   506   1409      3   1088
   507   1409      3   1088
   508   1409      3   1088
   509   1409      3   1088
   510   1409      3   1088
   511   1409      3   1088
   512   1409      3   1088
   513   1409      3   1088
   514   1409      3   1088
   515   1409      3   1088
   516   1409      3   1088
   517   1409      3   1088
   518   1409      3   1088
   519   1409      3   1088
   520   1409      3   1088
   521   1409      3   1088
   522   1409      3   1088
   523   1409      3   1088
   524   1409      3   1088
   525   1409      3   1088
   526   1409      3   1088
   527   1409      3   1088
   528   1409      3   1088
   529   1409      3   1088
   530   1409      3   1088
   531   1409      3   1088
   532   1409      3   1088
   533   1409      3   1088
   534   1409      3   1088
   535   1409      3   1088
   536   1409      3   1088
   537   1409      3   1088
   538   1409      3   1088
   539   1409      3   1088
   540   1409      3   1088
   541   1409      3   1088
   542   1409      3   1088
   543   1409      3   1088
   544   1409      3   1088
   545   1409      3   1088
   546   1409      3   1088
   547   1409      3   1088
   548   1409      3   1088
   549   1409      3   1088
   550   1409      3   1088
   551   1409      3   1088
   552   1409      3   1088
   553   1409      3   1088
   554   1409      3   1088
   555   1409      3   1088
   556   1409      3   1088
   557   1409      3   1088
   558   1409      3   1088
   559   1409      3   1088
   560   1409      3   1088
   561   1409      3   1088
   562   1409      3   1088
   563   1409      3   1088
   564   1409      3   1088
   565   1409      3   1088
   566   1409      3   1088
   567   1409      3   1088
   568   1409      3   1088
   569   1409      3   1088
   570   1409      3   1088
   571   1409      3   1088
   572   1409      3   1088
   573   1409      3   1088
   574   1409      3   1088
   575   1409      3   1088
   576   1409      3   1088
   577   1409      3   1088
   578   1409      3   1088
   579   1409      3   1088
   580   1409      3   1088
   581   1409      3   1088
   582   1409      3   1088
   583   1409      3   1088
   584   1409      3   1088
   585   1409      3   1088
   586   1409      3   1088
   587   1409      3   1088
   588   1409      3   1088
   589   1409      3   1088
   590   1409      3   1088
   591   1409      3   1088
   592   1409      3   1088
   593   1409      3   1088
   594   1409      3   1088
   595   1409      3   1088
   596   1409      3   1088
   597   1409      3   1088
   598   1409      3   1088
   599   1409      3   1088
   600   1409      3   1088
   601   1409      3   1088
   602   1409      3   1088
   603   1409      3   1088
   604   1409      3   1088
   605   1409      3   1088
   606   1409      3   1088
   607   1409      3   1088
   608   1409      3   1088
   609   1409      3   1088
   610   1409      3   1088
   611   1409      3   1088
   612   1409      3   1088
   613   1409      3   1088
   614   1409      3   1088
   615   1409      3   1088
   616   1409      3   1088
   617   1409      3   1088
   618   1409      3   1088
   619   1409      3   1088
   620   1409      3   1088
   621   1409      3   1088
   622   1409      3   1088
   623   1409      3   1088
   624   1409      3   1088
   625   1409      3   1088
   626   1409      3   1088
   627   1409      3   1088
   628   1409      3   1088
   629   1409      3   1088
   630   1409      3   1088
   631   1409      3   1088
   632   1409      3   1088
   633   1409      3   1088
   634   1409      3   1088
   635   1409      3   1088
   636   1409      3   1088
   637   1409      3   1088
   638   1409      3   1088
   639   1409      3   1088
   640   1409      3   1088
   641   1409      3   1088
   642   1409      3   1088
   643   1409      3   1088
   644   1409      3   1088
   645   1409      3   1088
   646   1409      3   1088
   647   1409      3   1088
   648   1409      3   1088
   649   1409      3   1088
   650   1409      3   1088
   651   1409      3   1088
   652   1409      3   1088
   653   1409      3   1088
   654   1409      3   1088
   655   1409      3   1088
   656   1409      3   1088
   657   1409      3   1088
   658   1409      3   1088
   659   1409      3   1088
   660   1409      3   1088
   661   1409      3   1088
   662   1409      3   1088
   663   1409      3   1088
   664   1409      3   1088
   665   1409      3   1088
   666   1409      3   1088
   667   1409      3   1088
   668   1409      3   1088
   669   1409      3   1088
   670   1409      3   1088
   671   1409      3   1088
   672   1409      3   1088
   673   1409      3   1088
   674   1409      3   1088
   675   1409      3   1088
   676   1409      3   1088
   677   1409      3   1088
   678   1409      3   1088
   679   1409      3   1088
   680   1409      3   1088
   681   1409      3   1088
   682   1409      3   1088
   683   1409      3   1088
   684   1409      3   1088
   685   1409      3   1088
   686   1409      3   1088
   687   1409      3   1088
   688   1409      3   1088
   689   1409      3   1088
   690   1409      3   1088
   691   1409      3   1088
   692   1409      3   1088
   693   1409      3   1088
   694   1409      3   1088
   695   1409      3   1088
   696   1409      3   1088
   697   1409      3   1088
   698   1409      3   1088
   699   1409      3   1088
   700   1409      3   1088
   701   1409      3   1088
   702   1409      3   1088
   703   1409      3   1088
   704   1409      3   1088
   705   1409      3   1088
   706   1409      3   1088
   707   1409      3   1088
   708   1409      3   1088
   709   1409      3   1088
   710   1409      3   1088
   711   1409      3   1088
   712   1409      3   1088
   713   1409      3   1088
   714   1409      3   1088
   715   1409      3   1088
   716   1409      3   1088
   717   1409      3   1088
   718   1409      3   1088
   719   1409      3   1088
   720   1409      3   1088
   721   1409      3   1088
   722   1409      3   1088
   723   1409      3   1088
   724   1409      3   1088
   725   1409      3   1088
   726   1409      3   1088
   727   1409      3   1088
   728   1409      3   1088
   729   1409      3   1088
   730   1409      3   1088
   731   1409      3   1088
   732   1409      3   1088
   733   1409      3   1088
   734   1409      3   1088
   735   1409      3   1088
   736   1409      3   1088
   737   1409      3   1088
   738   1409      3   1088
   739   1409      3   1088
   740   1409      3   1088
   741   1409      3   1088
   742   1409      3   1088
   743   1409      3   1088
   744   1409      3   1088
   745   1409      3   1088
   746   1409      3   1088
   747   1409      3   1088
   748   1409      3   1088
   749   1409      3   1088
   750   1409      3   1088
   751   1409      3   1088
   752   1409      3   1088
   753   1409      3   1088
   754   1409      3   1088
   755   1409      3   1088
   756   1409      3   1088
   757   1409      3   1088
   758   1409      3   1088
   759   1409      3   1088
   760   1409      3   1088
   761   1409      3   1088
   762   1409      3   1088
   763   1409      3   1088
   764   1409      3   1088
   765   1409      3   1088
   766   1409      3   1088
   767   1409      3   1088
   768   1409      3   1088
   769   1409      3   1088
   770   1409      3   1088
   771   1409      3   1088
   772   1409      3   1088
   773   1409      3   1088
   774   1409      3   1088
   775   1409      3   1088
   776   1409      3   1088
   777   1409      3   1088
   778   1409      3   1088
   779   1409      3   1088
   780   1409      3   1088
   781   1409      3   1088
   782   1409      3   1088
   783   1409      3   1088
   784   1409      3   1088
   785   1409      3   1088
   786   1409      3   1088
   787   1409      3   1088
   788   1409      3   1088
   789   1409      3   1088
   790   1409      3   1088
   791   1409      3   1088
   792   1409      3   1088
   793   1409      3   1088
   794   1409      3   1088
   795   1409      3   1088
   796   1409      3   1088
   797   1409      3   1088
   798   1409      3   1088
   799   1409      3   1088
   800   1409      3   1088
   801   1409      3   1088
   802   1409      3   1088
   803   1409      3   1088
   804   1409      3   1088
   805   1409      3   1088
   806   1409      3   1088
   807   1409      3   1088
   808   1409      3   1088
   809   1409      3   1088
   810   1409      3   1088
   811   1409      3   1088
   812   1409      3   1088
   813   1409      3   1088
   814   1409      3   1088
   815   1409      3   1088
   816   1409      3   1088
   817   1409      3   1088
   818   1409      3   1088
   819   1409      3   1088
   820   1409      3   1088
   821   1409      3   1088
   822   1409      3   1088
   823   1409      3   1088
   824   1409      3   1088
   825   1409      3   1088
   826   1409      3   1088
   827   1409      3   1088
   828   1409      3   1088
   829   1409      3   1088
   830   1409      3   1088
   831   1409      3   1088
   832   1409      3   1088
   833   1409      3   1088
   834   1409      3   1088
   835   1409      3   1088
   836   1409      3   1088
   837   1409      3   1088
   838   1409      3   1088
   839   1409      3   1088
   840   1409      3   1088
   841   1409      3   1088
   842   1409      3   1088
   843   1409      3   1088
   844   1409      3   1088
   845   1409      3   1088
   846   1409      3   1088
   847   1409      3   1088
   848   1409      3   1088
   849   1409      3   1088
   850   1409      3   1088
   851   1409      3   1088
   852   1409      3   1088
   853   1409      3   1088
   854   1409      3   1088
   855   1409      3   1088
   856   1409      3   1088
   857   1409      3   1088
   858   1409      3   1088
   859   1409      3   1088
   860   1409      3   1088
   861   1409      3   1088
   862   1409      3   1088
   863   1409      3   1088
   864   1409      3   1088
   865   1409      3   1088
   866   1409      3   1088
   867   1409      3   1088
   868   1409      3   1088
   869   1409      3   1088
   870   1409      3   1088
   871   1409      3   1088
   872   1409      3   1088
   873   1409      3   1088
   874   1409      3   1088
   875   1409      3   1088
   876   1409      3   1088
   877   1409      3   1088
   878   1409      3   1088
   879   1409      3   1088
   880   1409      3   1088
   881   1409      3   1088
   882   1409      3   1088
   883   1409      3   1088
   884   1409      3   1088
   885   1409      3   1088
   886   1409      3   1088
   887   1409      3   1088
   888   1409      3   1088
   889   1409      3   1088
   890   1409      3   1088
   891   1409      3   1088
   892   1409      3   1088
   893   1409      3   1088
   894   1409      3   1088
   895   1409      3   1088
   896   1409      3   1088
   897   1409      3   1088
   898   1409      3   1088
   899   1409      3   1088
   900   1409      3   1088
   901   1409      3   1088
   902   1409      3   1088
   903   1409      3   1088
   904   1409      3   1088
   905   1409      3   1088
   906   1409      3   1088
   907   1409      3   1088
   908   1409      3   1088
   909   1409      3   1088
   910   1409      3   1088
   911   1409      3   1088
   912   1409      3   1088
   913   1409      3   1088
   914   1409      3   1088
   915   1409      3   1088
   916   1409      3   1088
   917   1409      3   1088
   918   1409      3   1088
   919   1409      3   1088
   920   1409      3   1088
   921   1409      3   1088
   922   1409      3   1088
   923   1409      3   1088
   924   1409      3   1088
   925   1409      3   1088
   926   1409      3   1088
   927   1409      3   1088
   928   1409      3   1088
   929   1409      3   1088
   930   1409      3   1088
   931   1409      3   1088
   932   1409      3   1088
   933   1409      3   1088
   934   1409      3   1088
   935   1409      3   1088
   936   1409      3   1088
   937   1409      3   1088
   938   1409      3   1088
   939   1409      3   1088
   940   1409      3   1088
   941   1409      3   1088
   942   1409      3   1088
   943   1409      3   1088
   944   1409      3   1088
   945   1409      3   1088
   946   1409      3   1088
   947   1409      3   1088
   948   1409      3   1088
   949   1409      3   1088
   950   1409      3   1088
   951   1409      3   1088
   952   1409      3   1088
   953   1409      3   1088
   954   1409      3   1088
   955   1409      3   1088
   956   1409      3   1088
   957   1409      3   1088
   958   1409      3   1088
   959   1409      3   1088
   960   1409      3   1088
   961   1409      3   1088
   962   1409      3   1088
   963   1409      3   1088
   964   1409      3   1088
   965   1409      3   1088
   966   1409      3   1088
   967   1409      3   1088
   968   1409      3   1088
   969   1409      3   1088
   970   1409      3   1088
   971   1409      3   1088
   972   1409      3   1088
   973   1409      3   1088
   974   1409      3   1088
   975   1409      3   1088
   976   1409      3   1088
   977   1409      3   1088
   978   1409      3   1088
   979   1409      3   1088
   980   1409      3   1088
   981   1409      3   1088
   982   1409      3   1088
   983   1409      3   1088
   984   1409      3   1088
   985   1409      3   1088
   986   1409      3   1088
   987   1409      3   1088
   988   1409      3   1088
   989   1409      3   1088
   990   1409      3   1088
   991   1409      3   1088
   992   1409      3   1088
   993   1409      3   1088
   994   1409      3   1088
   995   1409      3   1088
   996   1409      3   1088
   997   1409      3   1088
   998   1409      3   1088
   999   1409      3   1088
  1000   1409      3   1088
