# time (sweeps) | Susceptible | Infected | Recovered
     0    686   1015    799
     1    731    996    773
     2    737   1013    750
     3    715    999    786
     4    691   1035    774
     5    674   1044    782
     6    694   1018    788
     7    708   1020    772
     8    728    994    778
     9    714   1020    766
    10    700   1045    755
    11    701   1032    767
    12    717   1022    761
    13    700   1017    783
    14    720   1000    780
    15    665   1040    795
    16    726    980    794
    17    718    989    793
    18    713    986    801
    19    724    978    798
    20    710   1016    774
    21    690   1029    781
    22    667    998    835
    23    710    985    805
    24    747   1004    749
    25    768    985    747
    26    727   1015    758
    27    718   1017    765
    28    708    980    812
    29    740   1000    760
    30    727   1002    771
    31    750   1008    742
    32    733   1014    753
    33    717   1030    753
    34    716   1025    759
    35    706   1009    785
    36    749    984    767
    37    736   1015    749
    38    727   1006    767
    39    681   1046    773
    40    689    998    813
    41    696    993    811
    42    762    958    780
    43    691   1032    777
    44    700   1039    761
    45    713    991    796
    46    728    991    781
    47    688   1039    773
    48    667   1043    790
    49    688   1006    806
    50    704    995    801
    51    713   1015    772
    52    720    984    796
    53    710   1028    762
    54    700    994    806
    55    696   1001    803
    56    681    985    834
    57    738   1008    754
    58    742    998    760
    59    730   1020    750
    60    739   1018    743
    61    719   1041    740
    62    756   1018    726
    63    730    995    775
    64    753    965    782
    65    745    969    786
    66    706   1001    793
    67    711   1002    787
    68    725   1021    754
    69    732   1005    763
    70    721   1011    768
    71    704   1028    768
    72    699   1003    798
    73    752    963    785
    74    766    969    765
    75    718    983    799
    76    723    980    797
    77    728   1015    757
    78    719   1036    745
    79    718   1021    761
    80    701   1031    768
    81    695   1013    792
    82    692   1026    782
    83    671   1036    793
    84    683   1001    816
    85    693   1009    798
    86    739    967    794
    87    752    979    769
    88    729   1004    767
    89    708   1011    781
    90    697   1023    780
    91    709   1044    747
    92    694   1027    779
    93    729    990    781
    94    733    975    792
    95    764    957    779
    96    743    974    783
    97    727   1036    737
    98    727   1013    760
    99    686    997    817
   100    692   1014    794
   101    734    982    784
   102    757    992    751
   103    770    964    766
   104    772    948    780
   105    751   1007    742
   106    728   1023    749
   107    684   1044    772
   108    722   1038    740
   109    663   1065    772
   110    685   1019    796
   111    730    985    785
   112    732   1005    763
   113    779    938    783
   114    787    995    718
   115    723   1038    739
   116    715   1037    748
   117    725   1016    759
   118    717   1012    771
   119    696   1022    782
   120    702   1025    773
   121    682   1041    777
   122    703    981    816
   123    751   1002    747
   124    734    993    773
   125    703   1024    773
   126    689   1042    769
   127    681   1071    748
   128    667   1099    734
   129    636   1067    797
   130    625   1063    812
   131    690   1039    771
   132    686   1039    775
   133    712   1030    758
   134    734   1006    760
   135    740    972    788
   136    738   1023    739
   137    688   1065    747
   138    726   1020    754
   139    740   1007    753
   140    726   1017    757
   141    688   1060    752
   142    655   1051    794
   143    663   1023    814
   144    706   1010    784
   145    691   1035    774
   146    702   1047    751
   147    685   1050    765
   148    730    974    796
   149    733   1005    762
   150    679   1017    804
   151    727   1013    760
   152    756   1009    735
   153    695   1065    740
   154    704   1057    739
   155    700   1047    753
   156    702   1062    736
   157    681   1058    761
   158    688   1055    757
   159    646   1065    789
   160    657   1024    819
   161    704    996    800
   162    717   1012    771
   163    722   1009    769
   164    749    975    776
   165    741    988    771
   166    701   1031    768
   167    700   1003    797
   168    674    984    842
   169    716    970    814
   170    709    963    828
   171    786    993    721
   172    730   1032    738
   173    744    986    770
   174    690   1036    774
   175    695    993    812
   176    706   1010    784
   177    714    996    790
   178    715   1025    760
   179    694   1063    743
   180    702   1045    753
   181    694   1046    760
   182    683   1033    784
   183    728   1012    760
   184    740   1000    760
   185    724    996    780
   186    710   1026    764
   187    710    984    806
   188    713   1001    786
   189    683   1037    780
   190    714   1015    771
   191    714    967    819
   192    735   1000    765
   193    713    997    790
   194    725    969    806
   195    717    990    793
   196    740    971    789
   197    715   1026    759
   198    724    984    792
   199    736   1005    759
   200    754    992    754
   201    743    974    783
   202    721   1010    769
   203    743    984    773
   204    731   1018    751
   205    695   1009    796
   206    726    963    811
   207    717   1007    776
   208    727    984    789
   209    701   1011    788
   210    702    999    799
   211    745   1000    755
   212    736   1047    717
   213    656   1065    779
   214    701   1023    776
   215    699   1016    785
   216    699    985    816
   217    694   1000    806
   218    715   1009    776
   219    701   1013    786
   220    662   1014    824
   221    745    983    772
   222    701   1017    782
   223    701   1033    766
   224    697   1007    796
   225    676   1043    781
   226    705   1027    768
   227    670   1055    775
   228    715   1013    772
   229    715   1045    740
   230    713   1046    741
   231    710   1026    764
   232    702   1035    763
   233    729   1001    770
   234    736    966    798
   235    717   1036    747
   236    713   1027    760
   237    698   1023    779
   238    690   1036    774
   239    683   1014    803
   240    743    972    785
   241    774    949    777
   242    749    962    789
   243    744    977    779
   244    774    978    748
   245    761    992    747
   246    699   1024    777
   247    713   1010    777
   248    708    973    819
   249    709   1008    783
   250    700   1006    794
   251    692    991    817
   252    745    961    794
   253    714    991    795
   254    687   1014    799
   255    730    998    772
   256    709   1036    755
   257    703   1039    758
   258    707   1027    766
   259    687   1054    759
   260    724    992    784
   261    717   1010    773
   262    715   1032    753
   263    734   1019    747
   264    678   1083    739
   265    656   1061    783
   266    702   1035    763
   267    695   1060    745
   268    670   1054    776
   269    677   1043    780
   270    719    985    796
   271    766    963    771
   272    771    958    771
   273    771    980    749
   274    772    972    756
   275    708   1023    769
   276    682   1022    796
   277    734    986    780
   278    727    971    802
   279    766    928    806
   280    784    940    776
   281    769    969    762
   282    710    995    795
   283    749    965    786
   284    736    997    767
   285    748    977    775
   286    708   1005    787
   287    714    988    798
   288    746    963    791
   289    750    992    758
   290    693    977    830
   291    695    970    835
   292    717    973    810
   293    711   1028    761
   294    683   1070    747
   295    677   1031    792
   296    711   1019    770
   297    741   1032    727
   298    694   1045    761
   299    677   1078    745
   300    658   1031    811
   301    735    957    808
   302    750    981    769
   303    741    996    763
   304    764    991    745
   305    735   1032    733
   306    674   1053    773
   307    693   1009    798
   308    698   1012    790
   309    743   1019    738
   310    720   1026    754
   311    671   1052    777
   312    713   1022    765
   313    695   1022    783
   314    697   1031    772
   315    737   1017    746
   316    702   1015    783
   317    686   1063    751
   318    672   1029    799
   319    723    971    806
   320    739    995    766
   321    790    984    726
   322    777    996    727
   323    790    958    752
   324    752   1009    739
   325    733   1040    727
   326    763    987    750
   327    700   1034    766
   328    709    999    792
   329    672   1063    765
   330    656   1107    737
   331    672   1067    761
   332    683   1043    774
   333    685   1003    812
   334    728   1018    754
   335    701   1026    773
   336    708   1035    757
   337    682   1032    786
   338    673   1025    802
   339    737   1034    729
   340    730   1034    736
   341    689   1083    728
   342    675   1058    767
   343    673   1049    778
   344    691   1033    776
   345    673   1044    783
   346    705   1009    786
   347    721   1000    779
   348    702   1048    750
   349    681   1042    777
   350    685   1044    771
   351    690   1028    782
   352    729    943    828
   353    744   1006    750
   354    754    998    748
   355    710   1009    781
   356    687   1010    803
   357    683    979    838
   358    739    964    797
   359    726   1014    760
   360    738    997    765
   361    730    958    812
   362    731    995    774
   363    739    999    762
   364    727   1008    765
   365    759    977    764
   366    753    993    754
   367    726    998    776
   368    709    978    813
   369    700   1002    798
   370    729   1028    743
   371    724   1047    729
   372    717   1036    747
   373    706   1054    740
   374    680   1063    757
   375    671   1040    789
   376    692   1023    785
   377    687   1017    796
   378    750    983    767
   379    701   1035    764
   380    721    985    794
   381    747    970    783
   382    782    962    756
   383    714   1048    738
   384    686   1036    778
   385    665   1049    786
   386    684   1031    785
   387    731    989    780
   388    751    982    767
   389    735   1005    760
   390    786   1007    707
   391    721   1043    736
   392    685   1043    772
   393    723    997    780
   394    700   1005    795
   395    714   1005    781
   396    736   1012    752
   397    747    995    758
   398    730   1019    751
   399    722   1004    774
   400    690   1050    760
   401    715   1041    744
   402    701   1035    764
   403    723   1014    763
   404    738    970    792
   405    678   1012    810
   406    722    978    800
   407    701   1018    781
   408    709    986    805
   409    722   1006    772
   410    721    994    785
   411    694   1012    794
   412    732   1013    755
   413    753    982    765
   414    759   1025    716
   415    735   1009    756
   416    674   1038    788
   417    722    996    782
   418    788    940    772
   419    765    960    775
   420    724   1021    755
   421    716   1019    765
   422    701   1023    776
   423    716   1030    754
   424    744    987    769
   425    731    985    784
   426    735   1006    759
   427    760   1012    728
   428    703   1039    758
   429    673   1078    749
   430    652   1062    786
   431    684   1017    799
   432    697    969    834
   433    758    974    768
   434    692   1029    779
   435    732   1001    767
   436    749    965    786
   437    754    986    760
   438    714   1016    770
   439    728   1021    751
   440    737   1020    743
   441    756    992    752
   442    691   1044    765
   443    703   1033    764
   444    695   1050    755
   445    723   1013    764
   446    731    985    784
   447    764    971    765
   448    713   1010    777
   449    708   1023    769
   450    711   1004    785
   451    715    997    788
   452    722   1015    763
   453    678    981    841
   454    737    951    812
   455    757    968    775
   456    714    984    802
   457    726    993    781
   458    743   1009    748
   459    728   1016    756
   460    682   1039    779
   461    676   1015    809
   462    719   1005    776
   463    721    979    800
   464    755    989    756
   465    701   1044    755
   466    664   1020    816
   467    709    987    804
   468    705   1010    785
   469    703   1029    768
   470    710   1002    788
   471    709    983    808
   472    682   1031    787
   473    713   1007    780
   474    745    966    789
   475    764   1016    720
   476    744   1017    739
   477    719    995    786
   478    740   1010    750
   479    745    991    764
   480    748    955    797
   481    779    975    746
   482    740    958    802
   483    772    971    757
   484    720   1002    778
   485    719    986    795
   486    735    938    827
   487    732   1003    765
   488    712   1020    768
   489    728    983    789
   490    738    967    795
   491    762    988    750
   492    767    988    745
   493    729   1005    766
   494    735   1024    741
   495    677   1043    780
   496    694   1039    767
   497    735   1026    739
   498    732   1015    753
   499    749   1016    735
   500    760    997    743
   501    734    998    768
   502    749   1008    743
   503    727   1029    744
   504    704   1026    770
   505    720    998    782
   506    733    969    798
   507    727   1039    734
   508    680   1004    816
   509    725   1001    774
   510    713    979    808
   511    714    999    787
   512    716    995    789
   513    719    975    806
   514    725   1009    766
   515    722    965    813
   516    746    960    794
   517    713   1010    777
   518    713   1022    765
   519    709   1025    766
   520    740   1003    757
   521    738   1001    761
   522    734   1006    760
   523    702   1035    763
   524    715    994    791
   525    692    988    820
   526    724    964    812
   527    747    958    795
   528    779    947    774
   529    771    956    773
   530    731   1004    765
   531    695   1067    738
   532    694   1027    779
   533    711   1003    786
   534    732    983    785
   535    711   1027    762
   536    738    983    779
   537    748    959    793
   538    693   1024    783
   539    722   1000    778
   540    768    967    765
   541    747   1034    719
   542    696   1036    768
   543    689   1015    796
   544    683   1036    781
   545    738    998    764
   546    764    979    757
   547    685   1047    768
   548    717   1022    761
   549    678   1037    785
   550    737    997    766
   551    731   1023    746
   552    724    993    783
   553    727    994    779
   554    688   1021    791
   555    716   1015    769
   556    752   1015    733
   557    722   1033    745
   558    744    995    761
   559    723   1026    751
   560    693   1034    773
   561    682   1023    795
   562    703   1035    762
   563    714   1023    763
   564    684   1024    792
   565    705   1023    772
   566    740    975    785
   567    741    998    761
   568    725   1013    762
   569    766    988    746
   570    743   1024    733
   571    720   1036    744
   572    696   1058    746
   573    692   1055    753
   574    627   1052    821
   575    643   1029    828
   576    671   1031    798
   577    664   1036    800
   578    682   1016    802
   579    669   1030    801
   580    753    967    780
   581    740   1005    755
   582    754    977    769
   583    736    986    778
   584    721   1010    769
   585    735    998    767
   586    722    993    785
   587    731   1001    768
   588    688   1039    773
   589    724    983    793
   590    728   1006    766
   591    767    982    751
   592    751    989    760
   593    739    991    770
   594    743   1019    738
   595    722   1033    745
   596    688   1045    767
   597    664   1022    814
   598    711    994    795
   599    701   1039    760
   600    661   1058    781
   601    667   1014    819
   602    707    984    809
   603    727    990    783
   604    691   1019    790
   605    741    962    797
   606    752    980    768
   607    722    999    779
   608    698    996    806
   609    717    982    801
   610    695   1017    788
   611    675   1050    775
   612    678   1058    764
   613    660   1035    805
   614    727   1006    767
   615    709   1029    762
   616    727   1012    761
   617    706   1006    788
   618    695   1031    774
   619    720   1007    773
   620    747    999    754
   621    714   1037    749
   622    702    991    807
   623    743    990    767
   624    724   1002    774
   625    713   1001    786
   626    744    987    769
   627    692   1013    795
   628    721    972    807
   629    740    991    769
   630    747    988    765
   631    730    993    777
   632    760    974    766
   633    763    988    749
   634    714    980    806
   635    717    992    791
   636    742    986    772
   637    742    981    777
   638    750   1018    732
   639    744    972    784
   640    778    956    766
   641    757    967    776
   642    716   1002    782
   643    699    970    831
   644    749    965    786
   645    714    983    803
   646    736    998    766
   647    709    987    804
   648    748    958    794
   649    730    993    777
   650    720   1026    754
   651    699   1050    751
   652    710   1006    784
   653    712    966    822
   654    751    942    807
   655    723    994    783
   656    710    957    833
   657    732    970    798
   658    712   1020    768
   659    741   1006    753
   660    720   1020    760
   661    695   1015    790
   662    685   1029    786
   663    696   1005    799
   664    709    993    798
   665    715    964    821
   666    745   1001    754
   667    731   1031    738
   668    669   1036    795
   669    719    993    788
   670    697    976    827
   671    693   1001    806
   672    709   1040    751
   673    701   1028    771
   674    706   1006    788
   675    725    984    791
   676    718   1010    772
   677    707   1000    793
   678    745    980    775
   679    733   1003    764
   680    703   1026    771
   681    692   1006    802
   682    708   1031    761
   683    723   1001    776
   684    692   1056    752
   685    709   1001    790
   686    704   1011    785
   687    700   1002    798
   688    693    998    809
   689    690    974    836
   690    726    953    821
   691    744    956    800
   692    760    985    755
   693    753    995    752
   694    737   1017    746
   695    713   1003    784
   696    726    977    797
   697    716   1001    783
   698    720   1008    772
   699    721    995    784
   700    745   1021    734
   701    696   1074    730
   702    668   1049    783
   703    732   1017    751
   704    712   1018    770
   705    714   1046    740
   706    683   1022    795
   707    665   1010    825
   708    705    956    839
   709    787    932    781
   710    787    946    767
   711    737   1002    761
   712    697   1013    790
   713    730   1006    764
   714    723    975    802
   715    701    987    812
   716    719    984    797
   717    718   1049    733
   718    724   1035    741
   719    705   1017    778
   720    702   1030    768
   721    676   1063    761
   722    675   1052    773
   723    674   1021    805
   724    708    996    796
   725    693   1015    792
   726    720   1000    780
   727    777    988    735
   728    732   1024    744
   729    707   1018    775
   730    673   1036    791
   731    698   1046    756
   732    717    989    794
   733    715    994    791
   734    708    977    815
   735    733    959    808
   736    749    966    785
   737    740    988    772
   738    728   1003    769
   739    768    993    739
   740    779    969    752
   741    723   1026    751
   742    725   1002    773
   743    727    983    790
   744    746    960    794
   745    701   1000    799
   746    740    996    764
   747    727   1023    750
   748    701   1026    773
   749    762    999    739
   750    748   1003    749
   751    745   1030    725
   752    698   1058    744
   753    684   1034    782
   754    659   1031    810
   755    731    963    806
   756    720    990    790
   757    720   1005    775
   758    744   1032    724
   759    704   1034    762
   760    734   1006    760
   761    739    998    763
   762    710   1010    780
   763    732   1016    752
   764    708   1008    784
   765    680   1003    817
   766    718    960    822
   767    751    968    781
   768    766    994    740
   769    693   1033    774
   770    744    992    764
   771    730    988    782
   772    702   1035    763
   773    704   1005    791
   774    749    973    778
   775    707   1021    772
   776    671   1040    789
   777    702   1026    772
   778    702    991    807
   779    741    977    782
   780    750    995    755
   781    693   1036    771
   782    703   1009    788
   783    676   1002    822
   784    695   1019    786
   785    705    993    802
   786    731    993    776
   787    766   1014    720
   788    700   1036    764
   789    702   1044    754
   790    737   1017    746
   791    689   1063    748
   792    688   1063    749
   793    679   1040    781
   794    671   1048    781
   795    684    978    838
   796    782    946    772
   797    768   1020    712
   798    715   1036    749
   799    686   1045    769
   800    719   1012    769
   801    720    999    781
   802    700   1047    753
   803    658   1078    764
   804    646   1040    814
   805    702   1031    767
   806    682   1020    798
   807    678   1068    754
   808    675   1065    760
   809    706   1039    755
   810    721   1020    759
   811    713   1029    758
   812    708   1016    776
   813    685   1055    760
   814    677   1030    793
   815    724   1000    776
   816    722    978    800
   817    721    992    787
   818    714    991    795
   819    710   1009    781
   820    739    975    786
   821    726   1013    761
   822    716   1022    762
   823    745   1020    735
   824    701   1026    773
   825    721   1012    767
   826    668   1048    784
   827    684   1012    804
   828    718   1043    739
   829    706   1040    754
   830    679   1051    770
   831    688   1039    773
   832    693    983    824
   833    691    983    826
   834    741   1003    756
   835    742   1009    749
   836    734    993    773
   837    724   1022    754
   838    699   1034    767
   839    691   1012    797
   840    703   1021    776
   841    699   1013    788
   842    746    992    762
   843    724    977    799
   844    751    959    790
   845    741   1002    757
   846    745    960    795
   847    765    970    765
   848    786    976    738
   849    751    996    753
   850    736    994    770
   851    702   1004    794
   852    732    994    774
   853    713   1017    770
   854    721   1032    747
   855    721   1012    767
   856    740    993    767
   857    723   1027    750
   858    722   1023    755
   859    737    996    767
   860    724   1012    764
   861    699    991    810
   862    699    996    805
   863    721    974    805
   864    705   1016    779
   865    717   1000    783
   866    740    999    761
   867    752   1008    740
   868    746    988    766
   869    736   1000    764
   870    743    994    763
   871    726    999    775
   872    769    976    755
   873    768    961    771
   874    728   1000    772
   875    718    993    789
   876    763    995    742
   877    717   1069    714
   878    706   1034    760
   879    693   1024    783
   880    732    970    798
   881    704   1044    752
   882    699   1000    801
   883    676   1057    767
   884    684   1024    792
   885    712    993    795
   886    737    939    824
   887    775    941    784
   888    742   1004    754
   889    699   1046    755
   890    730    983    787
   891    732   1018    750
   892    728   1007    765
   893    737    973    790
   894    789    968    743
   895    722   1008    770
   896    693   1028    779
   897    753    931    816
   898    800    975    725
   899    742   1017    741
   900    700   1073    727
   901    674   1067    759
   902    697    961    842
   903    717    979    804
   904    763    960    777
   905    727   1004    769
   906    741    979    780
   907    738    986    776
   908    735    984    781
   909    733   1022    745
   910    664   1049    787
   911    665   1052    783
   912    658   1026    816
   913    707   1009    784
   914    697   1020    783
   915    768   1004    728
   916    761   1021    718
   917    727   1052    721
   918    741    999    760
   919    712   1013    775
   920    704   1019    777
   921    708   1008    784
   922    731    981    788
   923    717    967    816
   924    720   1009    771
   925    758    956    786
   926    771    970    759
   927    760   1007    733
   928    724   1037    739
   929    747    998    755
   930    727   1014    759
   931    712   1002    786
   932    690    998    812
   933    715    956    829
   934    722    993    785
   935    734   1014    752
   936    729   1006    765
   937    721   1052    727
   938    669   1038    793
   939    698   1026    776
   940    650   1057    793
   941    678   1023    799
   942    704    999    797
   943    723    956    821
   944    752    974    774
   945    719    991    790
   946    743    965    792
   947    741   1004    755
   948    730   1015    755
   949    706   1028    766
   950    694   1020    786
   951    684   1006    810
   952    707   1009    784
   953    724   1002    774
   954    745   1007    748
   955    736   1015    749
   956    673   1069    758
   957    697   1028    775
   958    702   1050    748
   959    669   1028    803
   960    698   1040    762
   961    699   1052    749
   962    667   1077    756
   963    645   1048    807
   964    717    996    787
   965    779    950    771
   966    763    956    781
   967    756   1000    744
   968    743   1012    745
   969    743   1004    753
   970    736   1042    722
   971    691   1054    755
   972    678   1042    780
   973    763    946    791
   974    794    954    752
   975    774    990    736
   976    732    989    779
   977    769    956    775
   978    753    976    771
   979    732   1016    752
   980    710   1022    768
   981    719    990    791
   982    731    992    777
   983    708   1032    760
   984    662   1056    782
   985    711   1016    773
   986    714   1001    785
   987    697   1021    782
   988    715    993    792
   989    746    985    769
   990    754    986    760
   991    741   1009    750
   992    737    990    773
   993    739    995    766
   994    758    975    767
   995    778    966    756
   996    751   1001    748
   997    713   1024    763
   998    677   1075    748
   999    691   1063    746
  1000    674   1036    790
