# time (sweeps) | Susceptible | Infected | Recovered
     0    948    775    777
     1    950    787    763
     2    909    818    773
     3    903    832    765
     4    889    818    793
     5    884    835    781
     6    897    819    784
     7    917    790    793
     8    950    769    781
     9    901    808    791
    10    909    767    824
    11    960    732    808
    12   1016    700    784
    13    982    748    770
    14    951    786    763
    15    950    783    767
    16    968    743    789
    17    934    783    783
    18    926    808    766
    19    921    778    801
    20    945    756    799
    21    971    762    767
    22   1003    757    740
    23    990    772    738
    24    940    790    770
    25    919    783    798
    26    879    841    780
    27    908    791    801
    28    897    801    802
    29    913    790    797
    30    895    802    803
    31    927    806    767
    32    913    802    785
    33    904    810    786
    34    879    869    752
    35    908    809    783
    36    910    763    827
    37    937    748    815
    38    943    784    773
    39    969    813    718
    40    957    798    745
    41    916    810    774
    42    960    790    750
    43    948    770    782
    44    930    754    816
    45    992    707    801
    46   1026    709    765
    47   1039    721    740
    48   1038    748    714
    49   1016    755    729
    50    939    800    761
    51    942    804    754
    52    952    770    778
    53    944    775    781
    54    951    782    767
    55    950    765    785
    56    951    770    779
    57    936    774    790
    58    962    747    791
    59    934    772    794
    60    956    772    772
    61    960    737    803
    62    941    775    784
    63    938    813    749
    64    946    748    806
    65    977    740    783
    66    969    760    771
    67    979    760    761
    68    976    739    785
    69    997    760    743
    70    997    760    743
    71    954    776    770
    72    934    776    790
    73    970    753    777
    74    910    808    782
    75    916    804    780
    76    930    773    797
    77    938    759    803
    78    987    766    747
    79    961    797    742
    80    980    771    749
    81    975    777    748
    82    924    795    781
    83    941    798    761
    84    957    782    761
    85    924    788    788
    86    963    773    764
    87    953    786    761
    88    925    824    751
    89    887    832    781
    90    883    840    777
    91    875    841    784
    92    857    825    818
    93    863    803    834
    94    899    812    789
    95    885    825    790
    96    871    809    820
    97    876    810    814
    98    892    813    795
    99    871    812    817
   100    891    777    832
   101    940    771    789
   102    954    734    812
   103    978    739    783
   104    971    766    763
   105    943    782    775
   106    951    779    770
   107    944    806    750
   108    927    787    786
   109    903    772    825
   110    904    783    813
   111    913    788    799
   112    921    767    812
   113    914    789    797
   114    937    767    796
   115    925    775    800
   116    978    784    738
   117    943    805    752
   118    942    768    790
   119    948    775    777
   120    980    750    770
   121    938    752    810
   122    936    774    790
   123    984    746    770
   124    964    751    785
   125   1022    701    777
   126   1045    709    746
   127    998    785    717
   128    967    768    765
   129    956    768    776
   130    947    773    780
   131    948    764    788
   132    972    744    784
   133    960    763    777
   134    976    778    746
   135    986    746    768
   136    951    797    752
   137    972    766    762
   138    985    776    739
   139    969    780    751
   140    937    811    752
   141    961    783    756
   142    946    769    785
   143    958    745    797
   144    975    756    769
   145    959    737    804
   146    992    734    774
   147    980    754    766
   148    941    768    791
   149    957    801    742
   150    912    826    762
   151    904    828    768
   152    884    843    773
   153    847    840    813
   154    914    776    810
   155    959    746    795
   156   1000    702    798
   157    956    753    791
   158    993    744    763
   159    963    785    752
   160    959    779    762
   161    991    744    765
   162    985    757    758
   163    967    791    742
   164    944    799    757
   165    915    821    764
   166    927    804    769
   167    899    789    812
   168    948    777    775
   169    883    783    834
   170    904    755    841
   171    927    808    765
   172    922    794    784
   173    951    742    807
   174    973    738    789
   175   1016    714    770
   176   1004    744    752
   177   1032    739    729
   178   1014    763    723
   179    992    730    778
   180   1004    752    744
   181    984    773    743
   182    922    816    762
   183    930    822    748
   184    940    793    767
   185    909    784    807
   186    957    741    802
   187    953    738    809
   188    939    771    790
   189    954    813    733
   190    964    806    730
   191    923    815    762
   192    938    797    765
   193    955    769    776
   194    942    774    784
   195    943    759    798
   196    899    795    806
   197    888    792    820
   198    951    749    800
   199    997    726    777
   200    967    782    751
   201    960    813    727
   202    959    831    710
   203    920    815    765
   204    945    788    767
   205    950    791    759
   206    921    780    799
   207    980    749    771
   208    967    761    772
   209   1014    742    744
   210    953    794    753
   211    933    798    769
   212    949    754    797
   213    956    769    775
   214    948    762    790
   215    961    770    769
   216    994    748    758
   217   1004    742    754
   218   1002    784    714
   219    965    776    759
   220    957    763    780
   221    979    749    772
   222    972    748    780
   223    979    753    768
   224    971    747    782
   225   1007    728    765
   226    979    774    747
   227    998    755    747
   228    995    754    751
   229    968    765    767
   230    966    788    746
   231    974    771    755
   232    984    780    736
   233   1001    733    766
   234    956    773    771
   235    983    790    727
   236    947    797    756
   237    924    817    759
   238    934    815    751
   239    919    802    779
   240    919    775    806
   241    919    786    795
   242    919    817    764
   243    911    805    784
   244    884    810    806
   245    892    778    830
   246    889    766    845
   247    897    802    801
   248    910    794    796
   249    934    778    788
   250    924    780    796
   251    938    810    752
   252    923    804    773
   253    913    816    771
   254    910    791    799
   255    903    781    816
   256    913    780    807
   257    911    813    776
   258    957    733    810
   259    991    768    741
   260    976    755    769
   261    975    777    748
   262    920    795    785
   263    925    770    805
   264    942    765    793
   265    947    750    803
   266   1009    746    745
   267   1003    785    712
   268    976    760    764
   269    975    763    762
   270    977    792    731
   271    951    764    785
   272    968    785    747
   273    971    779    750
   274    946    807    747
   275    911    804    785
   276    926    799    775
   277    923    799    778
   278    932    777    791
   279    925    834    741
   280    923    816    761
   281    965    800    735
   282    986    762    752
   283   1010    758    732
   284   1002    773    725
   285    950    776    774
   286    979    709    812
   287    992    763    745
   288    967    722    811
   289    987    745    768
   290    956    781    763
   291    961    806    733
   292    924    798    778
   293    944    787    769
   294    973    785    742
   295    950    817    733
   296    914    825    761
   297    878    831    791
   298    904    808    788
   299    911    772    817
   300    931    760    809
   301    928    803    769
   302    925    763    812
   303    948    755    797
   304    937    778    785
   305    932    772    796
   306    916    796    788
   307    907    806    787
   308    905    818    777
   309    937    776    787
   310    924    785    791
   311    906    767    827
   312    935    761    804
   313    953    750    797
   314    979    762    759
   315    976    771    753
   316    929    786    785
   317    944    754    802
   318    970    751    779
   319    994    769    737
   320    956    757    787
   321    928    781    791
   322    929    746    825
   323    939    783    778
   324    944    800    756
   325    943    800    757
   326    975    752    773
   327    963    764    773
   328    952    801    747
   329    956    818    726
   330    923    829    748
   331    884    820    796
   332    914    772    814
   333    947    769    784
   334    918    817    765
   335    907    769    824
   336    929    747    824
   337    911    804    785
   338    927    770    803
   339    974    725    801
   340    972    722    806
   341    978    746    776
   342   1013    729    758
   343   1033    686    781
   344   1037    738    725
   345   1046    735    719
   346    969    755    776
   347    985    751    764
   348    984    765    751
   349    944    782    774
   350    954    765    781
   351   1012    715    773
   352   1021    698    781
   353   1070    697    733
   354   1050    752    698
   355    965    789    746
   356    974    748    778
   357    978    723    799
   358   1005    731    764
   359   1050    706    744
   360   1014    739    747
   361   1023    744    733
   362   1014    761    725
   363    978    774    748
   364    935    802    763
   365    895    833    772
   366    952    784    764
   367    958    778    764
   368    977    743    780
   369    950    778    772
   370    915    804    781
   371    934    780    786
   372    910    810    780
   373    889    821    790
   374    902    810    788
   375    916    786    798
   376    925    798    777
   377    914    770    816
   378    891    750    859
   379    953    746    801
   380   1001    709    790
   381    969    750    781
   382    937    776    787
   383    942    798    760
   384    946    766    788
   385    943    781    776
   386    926    795    779
   387    918    761    821
   388    965    762    773
   389   1003    745    752
   390    951    783    766
   391    959    769    772
   392    977    733    790
   393   1022    678    800
   394   1064    693    743
   395   1055    697    748
   396   1036    714    750
   397   1013    758    729
   398    999    774    727
   399   1029    747    724
   400    978    797    725
   401    882    823    795
   402    902    799    799
   403    959    772    769
   404    938    796    766
   405    926    783    791
   406    905    779    816
   407    956    758    786
   408    931    759    810
   409    980    725    795
   410    997    756    747
   411    999    765    736
   412    995    757    748
   413    974    764    762
   414    955    789    756
   415    937    800    763
   416    921    804    775
   417    964    772    764
   418    968    735    797
   419    996    735    769
   420   1045    764    691
   421    984    810    706
   422    997    784    719
   423    944    832    724
   424    918    808    774
   425    929    789    782
   426    923    798    779
   427    975    760    765
   428   1032    730    738
   429   1011    763    726
   430   1001    751    748
   431    998    751    751
   432    994    720    786
   433   1028    678    794
   434   1016    710    774
   435   1014    719    767
   436   1010    748    742
   437   1014    731    755
   438    943    790    767
   439    925    793    782
   440    964    778    758
   441    930    790    780
   442    937    802    761
   443    975    768    757
   444    963    781    756
   445    906    834    760
   446    912    812    776
   447    924    801    775
   448    934    808    758
   449    919    779    802
   450    892    794    814
   451    868    832    800
   452    909    795    796
   453    910    778    812
   454    928    789    783
   455    909    783    808
   456    925    786    789
   457    951    788    761
   458    971    761    768
   459    968    761    771
   460    978    786    736
   461    923    816    761
   462    945    827    728
   463    909    828    763
   464    878    809    813
   465    899    791    810
   466    920    778    802
   467    967    748    785
   468   1006    751    743
   469    953    786    761
   470    949    762    789
   471    974    746    780
   472   1007    725    768
   473   1022    745    733
   474   1013    754    733
   475    966    764    770
   476    982    777    741
   477    928    822    750
   478    933    794    773
   479    989    740    771
   480   1018    718    764
   481    979    764    757
   482    942    773    785
   483    957    771    772
   484    928    749    823
   485    974    736    790
   486    947    796    757
   487    951    819    730
   488    929    836    735
   489    911    825    764
   490    933    784    783
   491    899    788    813
   492    953    763    784
   493    959    754    787
   494    957    788    755
   495    939    781    780
   496    924    788    788
   497    941    790    769
   498    942    763    795
   499    999    736    765
   500   1009    737    754
   501   1004    756    740
   502    964    819    717
   503    914    804    782
   504    918    782    800
   505    921    750    829
   506    915    763    822
   507    946    798    756
   508    884    840    776
   509    932    798    770
   510    913    796    791
   511    943    777    780
   512    902    811    787
   513    943    824    733
   514    909    816    775
   515    926    798    776
   516    941    798    761
   517    942    770    788
   518    943    769    788
   519    959    764    777
   520    933    780    787
   521    914    782    804
   522    939    778    783
   523    908    771    821
   524    956    742    802
   525    954    749    797
   526    931    753    816
   527    940    778    782
   528    958    767    775
   529    934    740    826
   530    963    734    803
   531    985    722    793
   532    987    736    777
   533    982    756    762
   534    972    770    758
   535    956    775    769
   536    930    800    770
   537    947    752    801
   538    995    725    780
   539    988    770    742
   540   1005    753    742
   541   1004    743    753
   542    945    801    754
   543    922    819    759
   544    886    811    803
   545    874    791    835
   546    882    745    873
   547    940    709    851
   548    992    739    769
   549   1017    703    780
   550   1048    738    714
   551    995    755    750
   552    967    780    753
   553    950    755    795
   554    988    765    747
   555   1010    772    718
   556    920    822    758
   557    897    844    759
   558    894    797    809
   559    945    803    752
   560    903    816    781
   561    916    791    793
   562    946    775    779
   563    967    758    775
   564    971    770    759
   565    975    747    778
   566    990    718    792
   567   1011    718    771
   568    998    760    742
   569    986    740    774
   570   1013    761    726
   571   1006    743    751
   572    968    786    746
   573    954    757    789
   574    958    798    744
   575    931    799    770
   576    922    796    782
   577    943    767    790
   578    935    819    746
   579    952    815    733
   580    881    888    731
   581    895    800    805
   582    882    806    812
   583    908    776    816
   584    957    753    790
   585    986    753    761
   586    990    765    745
   587    914    821    765
   588    963    755    782
   589    934    771    795
   590    949    777    774
   591    970    805    725
   592    942    796    762
   593    920    792    788
   594    911    776    813
   595    946    744    810
   596    967    744    789
   597    990    716    794
   598   1015    749    736
   599    984    747    769
   600   1001    754    745
   601    974    757    769
   602    961    764    775
   603    946    772    782
   604    904    788    808
   605    942    723    835
   606    980    729    791
   607    950    800    750
   608    956    777    767
   609    929    774    797
   610    910    811    779
   611    933    812    755
   612    963    777    760
   613    948    786    766
   614    935    810    755
   615    961    764    775
   616    980    742    778
   617    991    771    738
   618    962    807    731
   619    947    806    747
   620    900    805    795
   621    891    807    802
   622    938    732    830
   623    972    755    773
   624    995    749    756
   625    980    774    746
   626    988    790    722
   627    961    775    764
   628    912    802    786
   629    946    791    763
   630    963    762    775
   631    999    737    764
   632   1041    706    753
   633   1017    745    738
   634    946    798    756
   635    902    808    790
   636    898    818    784
   637    903    748    849
   638    942    765    793
   639    975    731    794
   640    972    751    777
   641    959    763    778
   642    994    751    755
   643    995    765    740
   644    968    804    728
   645    950    803    747
   646    929    794    777
   647    927    778    795
   648    915    793    792
   649    925    769    806
   650    958    772    770
   651    961    783    756
   652    971    818    711
   653    934    823    743
   654    923    820    757
   655    923    799    778
   656    929    781    790
   657    916    800    784
   658    850    842    808
   659    867    801    832
   660    870    792    838
   661    895    797    808
   662    917    773    810
   663    956    742    802
   664   1001    717    782
   665    994    728    778
   666    977    760    763
   667    984    781    735
   668    969    779    752
   669    961    775    764
   670    963    783    754
   671    929    820    751
   672    918    815    767
   673    991    756    753
   674   1006    751    743
   675    962    767    771
   676    978    745    777
   677    972    774    754
   678    938    781    781
   679    896    789    815
   680    933    774    793
   681    953    761    786
   682    955    777    768
   683    900    823    777
   684    896    809    795
   685    891    811    798
   686    901    763    836
   687    940    746    814
   688    977    744    779
   689    982    744    774
   690    963    808    729
   691    986    792    722
   692    989    726    785
   693   1051    707    742
   694    985    778    737
   695    966    795    739
   696   1006    761    733
   697    993    739    768
   698    979    745    776
   699    987    720    793
   700    969    732    799
   701   1006    738    756
   702   1009    732    759
   703    972    731    797
   704    949    781    770
   705    933    772    795
   706    965    748    787
   707    993    715    792
   708   1016    723    761
   709    989    759    752
   710    982    743    775
   711    978    770    752
   712   1001    733    766
   713    988    737    775
   714    987    764    749
   715    931    788    781
   716    926    809    765
   717    911    797    792
   718    952    776    772
   719    984    771    745
   720    922    810    768
   721    952    781    767
   722    916    797    787
   723    893    823    784
   724    925    781    794
   725    981    724    795
   726    967    762    771
   727    998    717    785
   728   1020    732    748
   729   1003    747    750
   730   1011    700    789
   731   1019    713    768
   732   1035    707    758
   733   1045    734    721
   734   1001    753    746
   735    960    773    767
   736    937    795    768
   737    915    830    755
   738    886    858    756
   739    864    861    775
   740    883    812    805
   741    852    824    824
   742    875    778    847
   743    910    782    808
   744    917    815    768
   745    939    790    771
   746    943    762    795
   747    931    773    796
   748    964    771    765
   749    994    773    733
   750    983    800    717
   751    976    791    733
   752    950    800    750
   753    969    800    731
   754    962    786    752
   755    955    793    752
   756    948    791    761
   757    929    818    753
   758    909    770    821
   759    964    766    770
   760    981    778    741
   761    938    776    786
   762    913    793    794
   763    989    788    723
   764    978    768    754
   765    961    767    772
   766    915    776    809
   767    932    744    824
   768    964    751    785
   769    937    792    771
   770    940    808    752
   771    944    810    746
   772    918    778    804
   773    906    809    785
   774    940    761    799
   775    936    745    819
   776    980    703    817
   777    990    731    779
   778    996    725    779
   779   1002    737    761
   780    986    757    757
   781    985    769    746
   782    969    763    768
   783    934    809    757
   784    917    794    789
   785    930    797    773
   786    898    799    803
   787    915    794    791
   788    964    761    775
   789    997    739    764
   790    987    776    737
   791    965    764    771
   792    960    781    759
   793    927    798    775
   794    920    798    782
   795    936    784    780
   796    943    782    775
   797    950    775    775
   798    929    800    771
   799    935    783    782
   800    939    778    783
   801    974    761    765
   802   1014    746    740
   803    995    746    759
   804    945    786    769
   805    941    792    767
   806    935    794    771
   807    944    791    765
   808    988    728    784
   809    983    741    776
   810    974    743    783
   811    928    810    762
   812    948    766    786
   813    927    782    791
   814    957    770    773
   815    930    828    742
   816    931    767    802
   817    952    768    780
   818    937    765    798
   819    993    729    778
   820   1038    764    698
   821   1020    758    722
   822    970    792    738
   823    949    765    786
   824    968    774    758
   825    955    789    756
   826    900    819    781
   827    914    795    791
   828    930    744    826
   829    952    751    797
   830    959    776    765
   831    955    808    737
   832    926    777    797
   833    918    800    782
   834    940    781    779
   835    976    767    757
   836    965    770    765
   837   1002    737    761
   838    981    748    771
   839    967    777    756
   840   1007    688    805
   841   1017    704    779
   842   1061    722    717
   843   1040    775    685
   844    944    796    760
   845    964    746    790
   846    975    755    770
   847    961    774    765
   848    932    810    758
   849    949    790    761
   850    970    755    775
   851    954    776    770
   852    979    759    762
   853    968    776    756
   854    941    805    754
   855    915    827    758
   856    911    844    745
   857    896    830    774
   858    863    845    792
   859    904    795    801
   860    948    758    794
   861    934    768    798
   862    945    748    807
   863    944    763    793
   864    969    742    789
   865    985    755    760
   866    980    773    747
   867    932    805    763
   868    948    819    733
   869    907    804    789
   870    865    831    804
   871    905    806    789
   872    916    783    801
   873    918    795    787
   874    933    763    804
   875    937    787    776
   876    937    768    795
   877    964    767    769
   878    956    787    757
   879    940    783    777
   880   1001    732    767
   881   1020    735    745
   882    993    751    756
   883    984    779    737
   884    960    780    760
   885    938    765    797
   886    976    738    786
   887    975    759    766
   888    976    761    763
   889    967    775    758
   890    909    814    777
   891    915    834    751
   892    900    815    785
   893    913    785    802
   894    929    777    794
   895    923    786    791
   896    902    785    813
   897    929    765    806
   898    973    761    766
   899    958    792    750
   900    964    761    775
   901    965    737    798
   902    978    759    763
   903    939    780    781
   904    937    785    778
   905    963    748    789
   906    995    736    769
   907    971    784    745
   908    971    770    759
   909    963    766    771
   910    965    749    786
   911    967    748    785
   912    994    732    774
   913    985    756    759
   914    982    771    747
   915    920    807    773
   916    930    822    748
   917    902    826    772
   918    917    815    768
   919    908    796    796
   920    942    773    785
   921    927    776    797
   922    916    794    790
   923    937    776    787
   924    982    744    774
   925    946    756    798
   926    979    741    780
   927   1005    716    779
   928   1010    739    751
   929   1005    740    755
   930    960    774    766
   931    968    761    771
   932    963    725    812
   933    955    721    824
   934   1007    709    784
   935   1003    710    787
   936    985    718    797
   937   1024    724    752
   938    993    743    764
   939    968    774    758
   940    963    772    765
   941    939    778    783
   942    921    786    793
   943    976    736    788
   944    996    733    771
   945   1004    700    796
   946   1012    705    783
   947   1007    715    778
   948    977    738    785
   949    982    729    789
   950    972    753    775
   951    973    751    776
   952    996    745    759
   953    956    736    808
   954    960    778    762
   955    963    773    764
   956    945    793    762
   957    955    761    784
   958    945    787    768
   959    939    783    778
   960    914    810    776
   961    919    789    792
   962    897    798    805
   963    908    769    823
   964    945    749    806
   965    931    736    833
   966    985    753    762
   967   1000    758    742
   968    945    799    756
   969    928    795    777
   970    923    787    790
   971    942    733    825
   972   1016    696    788
   973   1007    753    740
   974    988    765    747
   975    933    825    742
   976    921    808    771
   977    944    767    789
   978    939    801    760
   979    952    811    737
   980    911    833    756
   981    912    831    757
   982    875    818    807
   983    876    843    781
   984    896    797    807
   985    931    778    791
   986    937    788    775
   987    944    764    792
   988    930    759    811
   989    957    770    773
   990    952    765    783
   991    949    753    798
   992    963    736    801
   993   1013    717    770
   994   1018    772    710
   995    993    781    726
   996   1003    752    745
   997   1021    724    755
   998    999    747    754
   999    989    775    736
  1000    973    764    763
