# time (sweeps) | Susceptible | Infected | Recovered
     0   1240    839    421
     1   1236    873    391
     2   1233    869    398
     3   1235    841    424
     4   1224    855    421
     5   1159    897    444
     6   1124    912    464
     7   1137    906    457
     8   1195    861    444
     9   1254    848    398
    10   1213    858    429
    11   1169    897    434
    12   1100    936    464
    13   1175    873    452
    14   1220    832    448
    15   1237    818    445
    16   1251    862    387
    17   1241    832    427
    18   1238    823    439
    19   1205    859    436
    20   1204    884    412
    21   1166    874    460
    22   1158    863    479
    23   1212    853    435
    24   1218    850    432
    25   1199    869    432
    26   1211    870    419
    27   1203    839    458
    28   1218    839    443
    29   1268    789    443
    30   1244    822    434
    31   1239    831    430
    32   1240    824    436
    33   1204    855    441
    34   1231    835    434
    35   1221    862    417
    36   1200    889    411
    37   1180    896    424
    38   1180    852    468
    39   1230    833    437
    40   1249    832    419
    41   1277    819    404
    42   1227    868    405
    43   1225    840    435
    44   1266    833    401
    45   1207    862    431
    46   1188    883    429
    47   1201    862    437
    48   1199    894    407
    49   1185    883    432
    50   1200    869    431
    51   1187    915    398
    52   1199    868    433
    53   1198    879    423
    54   1193    871    436
    55   1197    845    458
    56   1228    823    449
    57   1255    814    431
    58   1265    809    426
    59   1222    866    412
    60   1178    874    448
    61   1210    851    439
    62   1183    877    440
    63   1174    854    472
    64   1276    801    423
    65   1277    809    414
    66   1225    869    406
    67   1196    893    411
    68   1225    876    399
    69   1214    892    394
    70   1221    850    429
    71   1196    872    432
    72   1212    836    452
    73   1250    844    406
    74   1244    826    430
    75   1244    832    424
    76   1278    828    394
    77   1252    846    402
    78   1239    871    390
    79   1201    885    414
    80   1152    904    444
    81   1189    880    431
    82   1180    863    457
    83   1214    867    419
    84   1223    838    439
    85   1248    823    429
    86   1242    827    431
    87   1262    831    407
    88   1216    847    437
    89   1217    849    434
    90   1212    864    424
    91   1173    896    431
    92   1139    907    454
    93   1191    851    458
    94   1218    841    441
    95   1201    861    438
    96   1226    844    430
    97   1228    854    418
    98   1215    870    415
    99   1251    832    417
   100   1256    838    406
   101   1232    843    425
   102   1244    826    430
   103   1258    834    408
   104   1292    822    386
   105   1245    864    391
   106   1215    876    409
   107   1215    847    438
   108   1235    851    414
   109   1222    839    439
   110   1252    807    441
   111   1208    892    400
   112   1188    893    419
   113   1163    895    442
   114   1200    867    433
   115   1182    899    419
   116   1180    891    429
   117   1189    897    414
   118   1155    888    457
   119   1215    857    428
   120   1199    858    443
   121   1211    890    399
   122   1168    855    477
   123   1213    830    457
   124   1234    829    437
   125   1237    812    451
   126   1247    825    428
   127   1255    827    418
   128   1278    810    412
   129   1260    834    406
   130   1265    802    433
   131   1291    792    417
   132   1249    859    392
   133   1234    852    414
   134   1198    873    429
   135   1237    822    441
   136   1255    792    453
   137   1249    822    429
   138   1247    838    415
   139   1245    863    392
   140   1201    870    429
   141   1219    833    448
   142   1247    845    408
   143   1219    863    418
   144   1226    825    449
   145   1232    822    446
   146   1196    872    432
   147   1229    824    447
   148   1245    851    404
   149   1203    863    434
   150   1170    890    440
   151   1158    895    447
   152   1142    894    464
   153   1150    895    455
   154   1136    900    464
   155   1155    908    437
   156   1152    890    458
   157   1146    892    462
   158   1167    872    461
   159   1200    857    443
   160   1240    832    428
   161   1231    848    421
   162   1240    820    440
   163   1254    834    412
   164   1261    845    394
   165   1240    855    405
   166   1217    856    427
   167   1224    829    447
   168   1272    819    409
   169   1240    835    425
   170   1249    813    438
   171   1273    835    392
   172   1242    855    403
   173   1184    881    435
   174   1212    864    424
   175   1226    860    414
   176   1213    875    412
   177   1211    879    410
   178   1230    853    417
   179   1177    879    444
   180   1190    843    467
   181   1224    849    427
   182   1205    864    431
   183   1218    859    423
   184   1216    873    411
   185   1184    847    469
   186   1259    823    418
   187   1229    841    430
   188   1234    848    418
   189   1191    874    435
   190   1228    825    447
   191   1271    817    412
   192   1220    849    431
   193   1210    889    401
   194   1207    863    430
   195   1202    876    422
   196   1180    874    446
   197   1185    886    429
   198   1143    935    422
   199   1169    884    447
   200   1192    851    457
   201   1186    851    463
   202   1224    853    423
   203   1194    894    412
   204   1179    893    428
   205   1183    878    439
   206   1184    883    433
   207   1167    885    448
   208   1162    902    436
   209   1173    883    444
   210   1178    895    427
   211   1201    894    405
   212   1150    904    446
   213   1187    848    465
   214   1220    860    420
   215   1220    852    428
   216   1213    844    443
   217   1172    874    454
   218   1162    877    461
   219   1160    909    431
   220   1133    925    442
   221   1153    891    456
   222   1185    886    429
   223   1226    865    409
   224   1226    842    432
   225   1225    854    421
   226   1187    892    421
   227   1165    919    416
   228   1135    898    467
   229   1175    870    455
   230   1193    884    423
   231   1189    881    430
   232   1190    873    437
   233   1192    875    433
   234   1198    834    468
   235   1260    814    426
   236   1220    869    411
   237   1162    877    461
   238   1190    833    477
   239   1249    819    432
   240   1233    848    419
   241   1262    835    403
   242   1256    828    416
   243   1201    888    411
   244   1187    865    448
   245   1198    882    420
   246   1194    860    446
   247   1191    886    423
   248   1221    854    425
   249   1222    853    425
   250   1263    827    410
   251   1269    827    404
   252   1269    819    412
   253   1278    826    396
   254   1218    846    436
   255   1250    827    423
   256   1262    830    408
   257   1261    843    396
   258   1251    840    409
   259   1243    825    432
   260   1235    840    425
   261   1277    823    400
   262   1272    839    389
   263   1227    864    409
   264   1216    830    454
   265   1232    819    449
   266   1244    849    407
   267   1269    832    399
   268   1251    831    418
   269   1234    852    414
   270   1193    896    411
   271   1190    867    443
   272   1219    866    415
   273   1194    859    447
   274   1222    843    435
   275   1231    856    413
   276   1241    855    404
   277   1198    848    454
   278   1270    798    432
   279   1236    827    437
   280   1214    826    460
   281   1210    836    454
   282   1209    847    444
   283   1241    836    423
   284   1276    810    414
   285   1217    845    438
   286   1256    840    404
   287   1218    858    424
   288   1256    820    424
   289   1244    818    438
   290   1259    847    394
   291   1246    844    410
   292   1231    846    423
   293   1212    866    422
   294   1191    883    426
   295   1205    852    443
   296   1218    891    391
   297   1194    896    410
   298   1176    931    393
   299   1143    938    419
   300   1150    917    433
   301   1169    905    426
   302   1163    905    432
   303   1166    899    435
   304   1171    906    423
   305   1182    880    438
   306   1186    863    451
   307   1140    885    475
   308   1204    853    443
   309   1194    835    471
   310   1203    862    435
   311   1216    864    420
   312   1220    832    448
   313   1234    842    424
   314   1228    887    385
   315   1200    876    424
   316   1225    846    429
   317   1229    830    441
   318   1277    850    373
   319   1241    838    421
   320   1249    832    419
   321   1220    843    437
   322   1192    903    405
   323   1162    922    416
   324   1160    896    444
   325   1179    889    432
   326   1172    912    416
   327   1178    863    459
   328   1200    847    453
   329   1221    836    443
   330   1270    818    412
   331   1253    848    399
   332   1207    872    421
   333   1225    839    436
   334   1231    857    412
   335   1227    867    406
   336   1205    906    389
   337   1129    909    462
   338   1176    871    453
   339   1191    864    445
   340   1213    879    408
   341   1213    845    442
   342   1218    873    409
   343   1213    880    407
   344   1189    882    429
   345   1189    917    394
   346   1187    887    426
   347   1195    893    412
   348   1179    893    428
   349   1181    872    447
   350   1200    864    436
   351   1226    850    424
   352   1215    865    420
   353   1198    856    446
   354   1211    860    429
   355   1139    895    466
   356   1139    880    481
   357   1195    859    446
   358   1209    873    418
   359   1195    895    410
   360   1167    909    424
   361   1177    888    435
   362   1250    851    399
   363   1243    838    419
   364   1262    813    425
   365   1269    842    389
   366   1221    844    435
   367   1205    846    449
   368   1202    878    420
   369   1192    874    434
   370   1172    882    446
   371   1255    824    421
   372   1274    825    401
   373   1240    848    412
   374   1244    823    433
   375   1266    804    430
   376   1274    801    425
   377   1240    853    407
   378   1234    865    401
   379   1225    853    422
   380   1206    864    430
   381   1175    887    438
   382   1170    897    433
   383   1228    858    414
   384   1216    846    438
   385   1251    830    419
   386   1239    890    371
   387   1191    873    436
   388   1153    918    429
   389   1156    923    421
   390   1183    875    442
   391   1187    859    454
   392   1175    903    422
   393   1192    892    416
   394   1193    876    431
   395   1195    872    433
   396   1203    872    425
   397   1213    866    421
   398   1198    872    430
   399   1250    828    422
   400   1243    827    430
   401   1269    804    427
   402   1285    798    417
   403   1273    870    357
   404   1203    891    406
   405   1135    924    441
   406   1137    910    453
   407   1164    876    460
   408   1220    831    449
   409   1222    825    453
   410   1259    825    416
   411   1259    793    448
   412   1293    764    443
   413   1295    795    410
   414   1269    819    412
   415   1306    814    380
   416   1242    842    416
   417   1262    830    408
   418   1219    862    419
   419   1194    875    431
   420   1157    864    479
   421   1168    913    419
   422   1173    889    438
   423   1166    912    422
   424   1213    847    440
   425   1247    814    439
   426   1223    838    439
   427   1212    843    445
   428   1199    896    405
   429   1199    839    462
   430   1243    840    417
   431   1204    861    435
   432   1190    878    432
   433   1197    886    417
   434   1180    922    398
   435   1175    883    442
   436   1208    858    434
   437   1203    884    413
   438   1204    887    409
   439   1171    882    447
   440   1201    827    472
   441   1230    839    431
   442   1222    837    441
   443   1202    863    435
   444   1223    846    431
   445   1218    859    423
   446   1211    866    423
   447   1211    860    429
   448   1190    887    423
   449   1215    857    428
   450   1264    809    427
   451   1264    812    424
   452   1233    846    421
   453   1244    821    435
   454   1210    851    439
   455   1234    841    425
   456   1228    849    423
   457   1228    816    456
   458   1266    827    407
   459   1224    847    429
   460   1221    840    439
   461   1213    856    431
   462   1200    879    421
   463   1239    856    405
   464   1226    846    428
   465   1191    879    430
   466   1218    868    414
   467   1235    851    414
   468   1214    859    427
   469   1221    860    419
   470   1205    879    416
   471   1194    885    421
   472   1156    906    438
   473   1201    866    433
   474   1200    873    427
   475   1216    869    415
   476   1181    926    393
   477   1183    908    409
   478   1202    863    435
   479   1173    899    428
   480   1185    871    444
   481   1207    830    463
   482   1196    863    441
   483   1191    856    453
   484   1218    851    431
   485   1252    870    378
   486   1236    852    412
   487   1202    910    388
   488   1190    881    429
   489   1180    872    448
   490   1165    866    469
   491   1183    842    475
   492   1207    861    432
   493   1157    916    427
   494   1186    873    441
   495   1193    861    446
   496   1159    883    458
   497   1175    906    419
   498   1162    879    459
   499   1185    867    448
   500   1231    837    432
   501   1208    858    434
   502   1216    865    419
   503   1232    842    426
   504   1233    823    444
   505   1242    818    440
   506   1247    824    429
   507   1254    822    424
   508   1192    891    417
   509   1226    836    438
   510   1227    836    437
   511   1232    863    405
   512   1206    834    460
   513   1248    800    452
   514   1277    808    415
   515   1307    809    384
   516   1250    851    399
   517   1270    833    397
   518   1228    875    397
   519   1179    897    424
   520   1192    899    409
   521   1214    861    425
   522   1189    862    449
   523   1189    879    432
   524   1161    895    444
   525   1169    881    450
   526   1163    873    464
   527   1218    830    452
   528   1242    835    423
   529   1192    891    417
   530   1195    878    427
   531   1165    888    447
   532   1204    843    453
   533   1238    835    427
   534   1171    872    457
   535   1156    870    474
   536   1179    861    460
   537   1211    846    443
   538   1281    789    430
   539   1273    813    414
   540   1242    811    447
   541   1221    829    450
   542   1225    854    421
   543   1186    863    451
   544   1235    806    459
   545   1229    829    442
   546   1257    850    393
   547   1244    873    383
   548   1291    814    395
   549   1289    814    397
   550   1303    807    390
   551   1288    821    391
   552   1246    813    441
   553   1224    845    431
   554   1247    801    452
   555   1342    721    437
   556   1330    751    419
   557   1314    812    374
   558   1278    826    396
   559   1255    829    416
   560   1225    866    409
   561   1166    896    438
   562   1193    860    447
   563   1231    851    418
   564   1197    872    431
   565   1173    890    437
   566   1161    888    451
   567   1179    883    438
   568   1157    883    460
   569   1177    880    443
   570   1194    864    442
   571   1197    911    392
   572   1203    859    438
   573   1224    827    449
   574   1255    840    405
   575   1227    849    424
   576   1252    823    425
   577   1239    852    409
   578   1252    849    399
   579   1194    890    416
   580   1174    897    429
   581   1146    916    438
   582   1169    909    422
   583   1159    890    451
   584   1203    842    455
   585   1173    893    434
   586   1185    892    423
   587   1258    821    421
   588   1190    886    424
   589   1232    829    439
   590   1213    859    428
   591   1223    864    413
   592   1231    836    433
   593   1239    845    416
   594   1240    826    434
   595   1233    870    397
   596   1233    859    408
   597   1162    894    444
   598   1195    853    452
   599   1200    879    421
   600   1221    848    431
   601   1240    816    444
   602   1236    821    443
   603   1234    837    429
   604   1205    825    470
   605   1270    826    404
   606   1258    834    408
   607   1242    831    427
   608   1205    872    423
   609   1138    933    429
   610   1158    902    440
   611   1143    893    464
   612   1169    862    469
   613   1217    847    436
   614   1228    838    434
   615   1228    842    430
   616   1232    838    430
   617   1266    816    418
   618   1276    826    398
   619   1265    845    390
   620   1261    831    408
   621   1242    850    408
   622   1208    867    425
   623   1247    879    374
   624   1205    865    430
   625   1215    851    434
   626   1209    864    427
   627   1231    854    415
   628   1231    868    401
   629   1212    859    429
   630   1232    850    418
   631   1203    885    412
   632   1224    833    443
   633   1229    849    422
   634   1231    849    420
   635   1177    887    436
   636   1214    858    428
   637   1212    851    437
   638   1215    855    430
   639   1247    828    425
   640   1252    812    436
   641   1219    859    422
   642   1224    858    418
   643   1217    862    421
   644   1200    888    412
   645   1203    862    435
   646   1245    826    429
   647   1212    849    439
   648   1216    838    446
   649   1265    825    410
   650   1246    826    428
   651   1244    828    428
   652   1215    859    426
   653   1152    892    456
   654   1168    888    444
   655   1209    885    406
   656   1189    915    396
   657   1182    859    459
   658   1217    847    436
   659   1196    884    420
   660   1214    858    428
   661   1205    850    445
   662   1229    814    457
   663   1232    839    429
   664   1223    855    422
   665   1216    839    445
   666   1242    837    421
   667   1222    833    445
   668   1249    797    454
   669   1250    838    412
   670   1195    882    423
   671   1200    852    448
   672   1232    850    418
   673   1202    838    460
   674   1223    810    467
   675   1267    804    429
   676   1240    852    408
   677   1245    827    428
   678   1234    846    420
   679   1222    836    442
   680   1237    847    416
   681   1206    863    431
   682   1216    890    394
   683   1168    886    446
   684   1132    895    473
   685   1172    841    487
   686   1185    867    448
   687   1178    880    442
   688   1229    849    422
   689   1202    876    422
   690   1203    883    414
   691   1230    854    416
   692   1216    864    420
   693   1212    832    456
   694   1191    846    463
   695   1221    833    446
   696   1234    869    397
   697   1230    832    438
   698   1263    843    394
   699   1239    833    428
   700   1255    835    410
   701   1257    849    394
   702   1209    843    448
   703   1230    861    409
   704   1225    847    428
   705   1263    819    418
   706   1280    791    429
   707   1289    832    379
   708   1210    873    417
   709   1225    894    381
   710   1157    905    438
   711   1201    868    431
   712   1215    871    414
   713   1199    860    441
   714   1197    846    457
   715   1198    853    449
   716   1219    799    482
   717   1220    840    440
   718   1260    812    428
   719   1236    832    432
   720   1183    891    426
   721   1188    871    441
   722   1187    846    467
   723   1180    909    411
   724   1203    867    430
   725   1215    861    424
   726   1227    842    431
   727   1274    794    432
   728   1273    809    418
   729   1249    829    422
   730   1236    848    416
   731   1213    851    436
   732   1239    867    394
   733   1234    855    411
   734   1221    866    413
   735   1187    881    432
   736   1196    874    430
   737   1186    874    440
   738   1194    855    451
   739   1249    817    434
   740   1228    842    430
   741   1216    837    447
   742   1215    857    428
   743   1229    833    438
   744   1247    837    416
   745   1197    883    420
   746   1139    910    451
   747   1147    894    459
   748   1132    897    471
   749   1176    872    452
   750   1250    806    444
   751   1242    811    447
   752   1234    847    419
   753   1230    832    438
   754   1245    815    440
   755   1217    855    428
   756   1257    821    422
   757   1224    839    437
   758   1221    847    432
   759   1202    860    438
   760   1165    932    403
   761   1167    912    421
   762   1155    923    422
   763   1157    930    413
   764   1139    928    433
   765   1176    890    434
   766   1201    840    459
   767   1196    855    449
   768   1240    865    395
   769   1165    911    424
   770   1146    911    443
   771   1136    911    453
   772   1229    799    472
   773   1246    828    426
   774   1270    819    411
   775   1244    830    426
   776   1257    826    417
   777   1239    866    395
   778   1237    862    401
   779   1216    867    417
   780   1203    877    420
   781   1163    890    447
   782   1148    909    443
   783   1154    870    476
   784   1201    866    433
   785   1186    851    463
   786   1236    828    436
   787   1211    876    413
   788   1189    897    414
   789   1182    862    456
   790   1219    815    466
   791   1223    862    415
   792   1233    859    408
   793   1204    860    436
   794   1225    858    417
   795   1208    854    438
   796   1235    813    452
   797   1259    811    430
   798   1289    804    407
   799   1261    814    425
   800   1239    853    408
   801   1194    865    441
   802   1239    862    399
   803   1175    895    430
   804   1166    884    450
   805   1201    847    452
   806   1254    832    414
   807   1234    866    400
   808   1297    793    410
   809   1312    798    390
   810   1237    843    420
   811   1207    839    454
   812   1249    854    397
   813   1209    880    411
   814   1226    826    448
   815   1264    828    408
   816   1254    846    400
   817   1219    882    399
   818   1170    883    447
   819   1169    897    434
   820   1168    878    454
   821   1196    855    449
   822   1225    846    429
   823   1237    848    415
   824   1203    854    443
   825   1238    825    437
   826   1290    793    417
   827   1280    790    430
   828   1322    750    428
   829   1342    763    395
   830   1277    828    395
   831   1291    804    405
   832   1222    888    390
   833   1227    855    418
   834   1191    883    426
   835   1222    858    420
   836   1229    870    401
   837   1230    840    430
   838   1238    835    427
   839   1202    835    463
   840   1211    875    414
   841   1205    857    438
   842   1206    858    436
   843   1178    864    458
   844   1203    850    447
   845   1220    849    431
   846   1253    845    402
   847   1233    860    407
   848   1216    843    441
   849   1247    805    448
   850   1282    813    405
   851   1176    883    441
   852   1173    888    439
   853   1183    870    447
   854   1184    850    466
   855   1241    815    444
   856   1235    869    396
   857   1203    894    403
   858   1143    912    445
   859   1185    844    471
   860   1197    898    405
   861   1174    878    448
   862   1190    862    448
   863   1215    886    399
   864   1237    858    405
   865   1240    848    412
   866   1238    859    403
   867   1185    870    445
   868   1181    880    439
   869   1218    850    432
   870   1250    821    429
   871   1255    823    422
   872   1271    816    413
   873   1243    843    414
   874   1227    840    433
   875   1233    857    410
   876   1258    849    393
   877   1175    869    456
   878   1192    864    444
   879   1218    842    440
   880   1215    854    431
   881   1206    871    423
   882   1195    878    427
   883   1231    815    454
   884   1258    816    426
   885   1233    829    438
   886   1205    851    444
   887   1185    871    444
   888   1238    866    396
   889   1207    868    425
   890   1247    824    429
   891   1216    866    418
   892   1232    823    445
   893   1244    852    404
   894   1220    853    427
   895   1208    832    460
   896   1228    831    441
   897   1196    885    419
   898   1174    880    446
   899   1172    896    432
   900   1174    889    437
   901   1183    849    468
   902   1229    853    418
   903   1223    837    440
   904   1249    844    407
   905   1196    875    429
   906   1177    901    422
   907   1201    869    430
   908   1250    828    422
   909   1225    869    406
   910   1243    843    414
   911   1229    865    406
   912   1240    852    408
   913   1209    855    436
   914   1147    873    480
   915   1223    856    421
   916   1238    831    431
   917   1219    865    416
   918   1157    882    461
   919   1175    928    397
   920   1199    862    439
   921   1244    867    389
   922   1242    829    429
   923   1224    848    428
   924   1198    884    418
   925   1196    901    403
   926   1199    863    438
   927   1252    819    429
   928   1280    815    405
   929   1227    835    438
   930   1184    870    446
   931   1235    856    409
   932   1209    897    394
   933   1210    881    409
   934   1238    844    418
   935   1215    859    426
   936   1223    891    386
   937   1183    900    417
   938   1195    876    429
   939   1205    895    400
   940   1198    861    441
   941   1227    825    448
   942   1211    822    467
   943   1209    816    475
   944   1160    905    435
   945   1183    895    422
   946   1177    863    460
   947   1196    876    428
   948   1167    877    456
   949   1155    884    461
   950   1202    826    472
   951   1237    839    424
   952   1213    901    386
   953   1215    854    431
   954   1232    826    442
   955   1223    818    459
   956   1247    795    458
   957   1281    794    425
   958   1266    820    414
   959   1266    830    404
   960   1220    867    413
   961   1244    822    434
   962   1309    790    401
   963   1260    826    414
   964   1242    853    405
   965   1262    850    388
   966   1210    871    419
   967   1197    849    454
   968   1213    842    445
   969   1238    830    432
   970   1195    864    441
   971   1231    819    450
   972   1192    836    472
   973   1245    839    416
   974   1217    845    438
   975   1210    884    406
   976   1226    873    401
   977   1210    862    428
   978   1233    836    431
   979   1228    846    426
   980   1205    860    435
   981   1213    844    443
   982   1257    830    413
   983   1263    824    413
   984   1303    791    406
   985   1290    834    376
   986   1276    822    402
   987   1250    805    445
   988   1206    870    424
   989   1225    842    433
   990   1202    877    421
   991   1154    900    446
   992   1197    863    440
   993   1232    840    428
   994   1237    837    426
   995   1239    821    440
   996   1233    826    441
   997   1258    839    403
   998   1277    817    406
   999   1277    801    422
  1000   1330    764    406
