# time (sweeps) | Susceptible | Infected | Recovered
     0   1283    301    916
     1   1269    287    944
     2   1291    274    935
     3   1308    278    914
     4   1325    259    916
     5   1336    253    911
     6   1345    252    903
     7   1337    285    878
     8   1345    299    856
     9   1331    297    872
    10   1299    303    898
    11   1293    288    919
    12   1305    283    912
    13   1243    342    915
    14   1231    317    952
    15   1247    304    949
    16   1241    297    962
    17   1282    257    961
    18   1299    267    934
    19   1313    282    905
    20   1308    274    918
    21   1307    266    927
    22   1318    262    920
    23   1316    257    927
    24   1357    227    916
    25   1388    243    869
    26   1368    258    874
    27   1371    277    852
    28   1362    253    885
    29   1394    253    853
    30   1401    270    829
    31   1433    239    828
    32   1412    254    834
    33   1399    250    851
    34   1403    237    860
    35   1423    231    846
    36   1442    222    836
    37   1426    242    832
    38   1454    227    819
    39   1455    230    815
    40   1450    242    808
    41   1433    237    830
    42   1416    244    840
    43   1401    252    847
    44   1396    253    851
    45   1430    213    857
    46   1429    235    836
    47   1448    225    827
    48   1451    235    814
    49   1432    254    814
    50   1424    248    828
    51   1417    258    825
    52   1407    264    829
    53   1404    264    832
    54   1396    242    862
    55   1388    241    871
    56   1418    236    846
    57   1434    257    809
    58   1428    271    801
    59   1440    278    782
    60   1410    287    803
    61   1419    268    813
    62   1387    263    850
    63   1379    261    860
    64   1359    273    868
    65   1384    247    869
    66   1397    260    843
    67   1385    274    841
    68   1394    279    827
    69   1388    253    859
    70   1370    272    858
    71   1333    299    868
    72   1311    297    892
    73   1316    291    893
    74   1320    260    920
    75   1331    276    893
    76   1335    241    924
    77   1348    230    922
    78   1348    269    883
    79   1346    253    901
    80   1375    237    888
    81   1385    230    885
    82   1404    221    875
    83   1422    245    833
    84   1434    244    822
    85   1451    211    838
    86   1474    211    815
    87   1473    222    805
    88   1469    224    807
    89   1496    194    810
    90   1505    212    783
    91   1504    215    781
    92   1475    234    791
    93   1476    259    765
    94   1465    235    800
    95   1454    259    787
    96   1424    261    815
    97   1423    237    840
    98   1437    211    852
    99   1471    215    814
   100   1463    219    818
   101   1500    203    797
   102   1511    200    789
   103   1532    192    776
   104   1562    195    743
   105   1580    216    704
   106   1563    235    702
   107   1511    272    717
   108   1498    261    741
   109   1495    246    759
   110   1479    238    783
   111   1454    268    778
   112   1416    299    785
   113   1392    309    799
   114   1356    296    848
   115   1337    295    868
   116   1334    292    874
   117   1334    287    879
   118   1345    265    890
   119   1340    253    907
   120   1344    260    896
   121   1350    259    891
   122   1375    231    894
   123   1386    246    868
   124   1383    260    857
   125   1371    257    872
   126   1390    243    867
   127   1407    253    840
   128   1414    252    834
   129   1412    238    850
   130   1428    227    845
   131   1440    230    830
   132   1451    238    811
   133   1475    233    792
   134   1495    220    785
   135   1492    220    788
   136   1495    213    792
   137   1508    212    780
   138   1505    226    769
   139   1518    228    754
   140   1520    225    755
   141   1495    252    753
   142   1478    254    768
   143   1453    285    762
   144   1420    288    792
   145   1387    297    816
   146   1359    315    826
   147   1338    319    843
   148   1297    323    880
   149   1264    323    913
   150   1278    299    923
   151   1281    288    931
   152   1294    278    928
   153   1309    289    902
   154   1292    309    899
   155   1298    300    902
   156   1303    288    909
   157   1289    285    926
   158   1287    281    932
   159   1261    286    953
   160   1277    278    945
   161   1295    285    920
   162   1280    294    926
   163   1259    308    933
   164   1287    273    940
   165   1275    290    935
   166   1276    296    928
   167   1266    290    944
   168   1274    289    937
   169   1300    269    931
   170   1322    233    945
   171   1352    243    905
   172   1376    234    890
   173   1391    230    879
   174   1382    272    846
   175   1361    265    874
   176   1380    277    843
   177   1384    248    868
   178   1390    260    850
   179   1397    270    833
   180   1382    259    859
   181   1383    266    851
   182   1371    268    861
   183   1365    273    862
   184   1324    300    876
   185   1309    299    892
   186   1310    323    867
   187   1299    293    908
   188   1304    277    919
   189   1291    284    925
   190   1287    298    915
   191   1319    280    901
   192   1322    272    906
   193   1343    250    907
   194   1379    242    879
   195   1383    257    860
   196   1391    242    867
   197   1379    267    854
   198   1382    247    871
   199   1378    275    847
   200   1357    279    864
   201   1368    249    883
   202   1352    255    893
   203   1362    253    885
   204   1380    236    884
   205   1375    239    886
   206   1406    241    853
   207   1380    248    872
   208   1408    255    837
   209   1424    235    841
   210   1421    237    842
   211   1455    220    825
   212   1460    217    823
   213   1463    246    791
   214   1425    265    810
   215   1413    251    836
   216   1405    263    832
   217   1382    267    851
   218   1403    258    839
   219   1416    255    829
   220   1409    240    851
   221   1425    215    860
   222   1417    229    854
   223   1438    220    842
   224   1441    222    837
   225   1445    220    835
   226   1471    208    821
   227   1481    214    805
   228   1461    233    806
   229   1448    230    822
   230   1474    230    796
   231   1498    235    767
   232   1475    256    769
   233   1475    250    775
   234   1468    225    807
   235   1494    209    797
   236   1522    193    785
   237   1537    211    752
   238   1519    218    763
   239   1496    226    778
   240   1490    232    778
   241   1462    287    751
   242   1414    307    779
   243   1360    350    790
   244   1292    366    842
   245   1240    376    884
   246   1221    340    939
   247   1213    315    972
   248   1228    277    995
   249   1261    270    969
   250   1311    257    932
   251   1304    247    949
   252   1315    271    914
   253   1341    240    919
   254   1335    274    891
   255   1336    276    888
   256   1363    247    890
   257   1367    264    869
   258   1366    256    878
   259   1395    254    851
   260   1392    266    842
   261   1395    257    848
   262   1387    263    850
   263   1386    281    833
   264   1370    277    853
   265   1362    256    882
   266   1405    219    876
   267   1443    207    850
   268   1438    213    849
   269   1440    206    854
   270   1470    215    815
   271   1489    228    783
   272   1503    221    776
   273   1513    224    763
   274   1484    231    785
   275   1481    230    789
   276   1503    219    778
   277   1500    249    751
   278   1489    272    739
   279   1433    282    785
   280   1410    279    811
   281   1389    277    834
   282   1390    271    839
   283   1404    266    830
   284   1406    254    840
   285   1398    261    841
   286   1362    263    875
   287   1368    277    855
   288   1343    279    878
   289   1346    275    879
   290   1345    291    864
   291   1326    298    876
   292   1307    289    904
   293   1295    287    918
   294   1291    269    940
   295   1280    288    932
   296   1271    286    943
   297   1282    266    952
   298   1311    254    935
   299   1330    249    921
   300   1385    222    893
   301   1415    237    848
   302   1426    243    831
   303   1437    240    823
   304   1436    252    812
   305   1464    251    785
   306   1466    255    779
   307   1449    252    799
   308   1448    257    795
   309   1424    266    810
   310   1420    274    806
   311   1391    281    828
   312   1398    280    822
   313   1352    308    840
   314   1334    312    854
   315   1280    317    903
   316   1283    290    927
   317   1282    295    923
   318   1285    299    916
   319   1278    276    946
   320   1294    262    944
   321   1271    262    967
   322   1284    265    951
   323   1303    242    955
   324   1326    239    935
   325   1360    233    907
   326   1367    228    905
   327   1364    254    882
   328   1371    260    869
   329   1370    278    852
   330   1361    291    848
   331   1328    298    874
   332   1274    321    905
   333   1292    276    932
   334   1296    255    949
   335   1317    241    942
   336   1369    222    909
   337   1380    235    885
   338   1391    208    901
   339   1424    181    895
   340   1450    187    863
   341   1478    203    819
   342   1503    187    810
   343   1529    194    777
   344   1489    219    792
   345   1488    229    783
   346   1489    217    794
   347   1495    220    785
   348   1509    223    768
   349   1527    222    751
   350   1521    231    748
   351   1512    239    749
   352   1508    238    754
   353   1504    228    768
   354   1544    213    743
   355   1557    213    730
   356   1566    212    722
   357   1558    220    722
   358   1557    200    743
   359   1553    207    740
   360   1559    218    723
   361   1542    239    719
   362   1527    250    723
   363   1514    256    730
   364   1453    305    742
   365   1398    322    780
   366   1356    325    819
   367   1343    300    857
   368   1359    285    856
   369   1349    282    869
   370   1343    267    890
   371   1336    243    921
   372   1361    207    932
   373   1405    224    871
   374   1401    236    863
   375   1412    247    841
   376   1437    236    827
   377   1440    237    823
   378   1447    234    819
   379   1446    230    824
   380   1440    223    837
   381   1459    222    819
   382   1459    224    817
   383   1479    213    808
   384   1473    231    796
   385   1437    254    809
   386   1447    247    806
   387   1425    267    808
   388   1417    257    826
   389   1423    254    823
   390   1451    224    825
   391   1460    222    818
   392   1464    230    806
   393   1448    243    809
   394   1426    261    813
   395   1418    242    840
   396   1446    219    835
   397   1465    205    830
   398   1498    218    784
   399   1512    214    774
   400   1489    228    783
   401   1492    223    785
   402   1515    199    786
   403   1536    221    743
   404   1477    249    774
   405   1454    253    793
   406   1449    244    807
   407   1421    264    815
   408   1419    283    798
   409   1391    277    832
   410   1366    301    833
   411   1373    304    823
   412   1368    314    818
   413   1317    334    849
   414   1274    330    896
   415   1245    333    922
   416   1236    306    958
   417   1242    278    980
   418   1266    258    976
   419   1291    247    962
   420   1305    256    939
   421   1350    230    920
   422   1368    248    884
   423   1378    250    872
   424   1380    249    871
   425   1359    254    887
   426   1383    260    857
   427   1396    267    837
   428   1391    257    852
   429   1391    249    860
   430   1377    259    864
   431   1399    251    850
   432   1397    241    862
   433   1412    255    833
   434   1407    261    832
   435   1388    274    838
   436   1378    268    854
   437   1395    251    854
   438   1399    256    845
   439   1396    261    843
   440   1402    265    833
   441   1418    247    835
   442   1422    252    826
   443   1431    244    825
   444   1416    245    839
   445   1434    216    850
   446   1433    220    847
   447   1437    226    837
   448   1451    227    822
   449   1452    239    809
   450   1453    245    802
   451   1458    239    803
   452   1440    250    810
   453   1458    218    824
   454   1481    204    815
   455   1499    198    803
   456   1532    211    757
   457   1535    213    752
   458   1540    220    740
   459   1544    213    743
   460   1525    238    737
   461   1508    245    747
   462   1491    260    749
   463   1466    264    770
   464   1444    277    779
   465   1430    295    775
   466   1360    322    818
   467   1320    333    847
   468   1280    337    883
   469   1260    323    917
   470   1246    320    934
   471   1235    322    943
   472   1262    275    963
   473   1233    288    979
   474   1218    307    975
   475   1228    282    990
   476   1228    285    987
   477   1259    268    973
   478   1289    271    940
   479   1280    269    951
   480   1327    253    920
   481   1356    242    902
   482   1395    219    886
   483   1398    220    882
   484   1389    238    873
   485   1394    221    885
   486   1429    222    849
   487   1465    217    818
   488   1494    217    789
   489   1508    202    790
   490   1513    213    774
   491   1502    217    781
   492   1491    250    759
   493   1468    260    772
   494   1454    275    771
   495   1418    267    815
   496   1395    282    823
   497   1375    284    841
   498   1356    296    848
   499   1340    290    870
   500   1323    290    887
   501   1287    330    883
   502   1269    330    901
   503   1265    303    932
   504   1262    319    919
   505   1264    300    936
   506   1247    294    959
   507   1239    291    970
   508   1265    275    960
   509   1287    257    956
   510   1327    242    931
   511   1367    212    921
   512   1391    216    893
   513   1373    248    879
   514   1370    260    870
   515   1366    251    883
   516   1390    228    882
   517   1419    217    864
   518   1420    251    829
   519   1420    260    820
   520   1422    253    825
   521   1438    248    814
   522   1456    257    787
   523   1465    239    796
   524   1445    241    814
   525   1454    252    794
   526   1471    252    777
   527   1459    259    782
   528   1429    277    794
   529   1388    265    847
   530   1382    265    853
   531   1380    263    857
   532   1392    251    857
   533   1390    247    863
   534   1391    239    870
   535   1418    213    869
   536   1436    228    836
   537   1455    216    829
   538   1460    220    820
   539   1460    219    821
   540   1476    218    806
   541   1510    209    781
   542   1523    178    799
   543   1558    182    760
   544   1579    190    731
   545   1581    219    700
   546   1594    194    712
   547   1595    195    710
   548   1616    168    716
   549   1639    146    715
   550   1655    167    678
   551   1652    185    663
   552   1619    224    657
   553   1586    235    679
   554   1575    234    691
   555   1531    250    719
   556   1516    257    727
   557   1500    250    750
   558   1472    255    773
   559   1442    276    782
   560   1421    272    807
   561   1418    267    815
   562   1406    289    805
   563   1361    316    823
   564   1377    275    848
   565   1367    271    862
   566   1345    286    869
   567   1350    250    900
   568   1379    233    888
   569   1395    229    876
   570   1379    264    857
   571   1378    253    869
   572   1380    246    874
   573   1362    274    864
   574   1353    251    896
   575   1362    250    888
   576   1400    245    855
   577   1413    244    843
   578   1421    234    845
   579   1429    228    843
   580   1400    252    848
   581   1381    269    850
   582   1345    291    864
   583   1335    268    897
   584   1356    256    888
   585   1374    254    872
   586   1396    244    860
   587   1427    243    830
   588   1462    225    813
   589   1480    213    807
   590   1475    231    794
   591   1505    212    783
   592   1517    193    790
   593   1513    202    785
   594   1535    212    753
   595   1525    209    766
   596   1555    186    759
   597   1555    216    729
   598   1561    211    728
   599   1599    202    699
   600   1601    195    704
   601   1606    210    684
   602   1599    185    716
   603   1613    190    697
   604   1611    198    691
   605   1604    197    699
   606   1598    208    694
   607   1597    212    691
   608   1589    209    702
   609   1569    227    704
   610   1554    220    726
   611   1537    237    726
   612   1531    242    727
   613   1484    265    751
   614   1491    247    762
   615   1485    249    766
   616   1464    255    781
   617   1437    255    808
   618   1429    264    807
   619   1395    287    818
   620   1385    254    861
   621   1386    251    863
   622   1398    248    854
   623   1407    234    859
   624   1426    221    853
   625   1418    248    834
   626   1420    257    823
   627   1400    272    828
   628   1363    288    849
   629   1334    285    881
   630   1346    282    872
   631   1352    277    871
   632   1387    221    892
   633   1448    185    867
   634   1487    193    820
   635   1542    183    775
   636   1547    193    760
   637   1561    199    740
   638   1584    180    736
   639   1581    204    715
   640   1570    197    733
   641   1563    226    711
   642   1557    221    722
   643   1554    219    727
   644   1571    206    723
   645   1555    221    724
   646   1553    246    701
   647   1547    234    719
   648   1524    259    717
   649   1466    286    748
   650   1465    250    785
   651   1472    240    788
   652   1451    263    786
   653   1453    254    793
   654   1432    251    817
   655   1399    279    822
   656   1370    263    867
   657   1385    239    876
   658   1409    217    874
   659   1446    206    848
   660   1448    221    831
   661   1446    239    815
   662   1459    236    805
   663   1465    242    793
   664   1442    252    806
   665   1420    268    812
   666   1404    266    830
   667   1388    269    843
   668   1374    250    876
   669   1396    241    863
   670   1379    253    868
   671   1404    228    868
   672   1459    198    843
   673   1448    215    837
   674   1474    219    807
   675   1497    215    788
   676   1510    218    772
   677   1522    207    771
   678   1501    237    762
   679   1506    217    777
   680   1510    206    784
   681   1544    188    768
   682   1562    198    740
   683   1593    197    710
   684   1607    199    694
   685   1617    203    680
   686   1603    225    672
   687   1565    254    681
   688   1520    263    717
   689   1510    256    734
   690   1494    257    749
   691   1486    248    766
   692   1430    288    782
   693   1398    299    803
   694   1397    285    818
   695   1377    276    847
   696   1401    261    838
   697   1370    271    859
   698   1363    279    858
   699   1365    284    851
   700   1352    285    863
   701   1308    319    873
   702   1309    291    900
   703   1288    275    937
   704   1311    276    913
   705   1322    276    902
   706   1346    284    870
   707   1351    279    870
   708   1336    275    889
   709   1338    267    895
   710   1334    267    899
   711   1343    275    882
   712   1336    286    878
   713   1358    290    852
   714   1361    255    884
   715   1356    259    885
   716   1369    251    880
   717   1389    245    866
   718   1425    238    837
   719   1447    220    833
   720   1440    222    838
   721   1465    203    832
   722   1492    198    810
   723   1496    209    795
   724   1511    204    785
   725   1544    183    773
   726   1559    188    753
   727   1563    190    747
   728   1570    218    712
   729   1574    223    703
   730   1553    233    714
   731   1545    221    734
   732   1587    188    725
   733   1607    182    711
   734   1601    188    711
   735   1591    187    722
   736   1558    237    705
   737   1521    251    728
   738   1510    256    734
   739   1485    266    749
   740   1441    293    766
   741   1427    271    802
   742   1418    259    823
   743   1416    248    836
   744   1421    274    805
   745   1422    261    817
   746   1401    258    841
   747   1408    245    847
   748   1422    236    842
   749   1436    230    834
   750   1413    238    849
   751   1410    248    842
   752   1423    255    822
   753   1454    236    810
   754   1467    235    798
   755   1459    220    821
   756   1474    217    809
   757   1515    202    783
   758   1525    209    766
   759   1520    229    751
   760   1536    228    736
   761   1524    247    729
   762   1514    250    736
   763   1492    243    765
   764   1502    224    774
   765   1483    248    769
   766   1460    249    791
   767   1439    256    805
   768   1417    282    801
   769   1396    290    814
   770   1349    302    849
   771   1310    311    879
   772   1290    313    897
   773   1268    318    914
   774   1260    315    925
   775   1279    300    921
   776   1266    273    961
   777   1254    280    966
   778   1229    301    970
   779   1237    300    963
   780   1283    261    956
   781   1287    271    942
   782   1287    279    934
   783   1274    290    936
   784   1256    275    969
   785   1271    270    959
   786   1294    278    928
   787   1343    249    908
   788   1361    248    891
   789   1360    276    864
   790   1364    271    865
   791   1334    309    857
   792   1316    286    898
   793   1306    298    896
   794   1316    268    916
   795   1343    239    918
   796   1373    217    910
   797   1421    224    855
   798   1418    234    848
   799   1436    229    835
   800   1480    223    797
   801   1487    215    798
   802   1482    206    812
   803   1475    221    804
   804   1479    247    774
   805   1441    257    802
   806   1429    249    822
   807   1420    263    817
   808   1447    236    817
   809   1422    244    834
   810   1433    238    829
   811   1435    221    844
   812   1441    226    833
   813   1440    233    827
   814   1445    259    796
   815   1419    260    821
   816   1415    259    826
   817   1388    294    818
   818   1354    294    852
   819   1351    281    868
   820   1343    264    893
   821   1369    250    881
   822   1374    274    852
   823   1379    268    853
   824   1360    279    861
   825   1346    303    851
   826   1320    309    871
   827   1316    315    869
   828   1306    306    888
   829   1278    330    892
   830   1301    301    898
   831   1305    279    916
   832   1340    255    905
   833   1332    242    926
   834   1378    205    917
   835   1404    194    902
   836   1429    207    864
   837   1471    200    829
   838   1464    209    827
   839   1486    211    803
   840   1490    238    772
   841   1506    209    785
   842   1513    208    779
   843   1497    225    778
   844   1489    246    765
   845   1465    249    786
   846   1474    247    779
   847   1473    248    779
   848   1463    244    793
   849   1417    272    811
   850   1445    254    801
   851   1441    253    806
   852   1428    265    807
   853   1425    245    830
   854   1441    230    829
   855   1474    215    811
   856   1483    208    809
   857   1474    223    803
   858   1484    218    798
   859   1493    201    806
   860   1481    212    807
   861   1476    228    796
   862   1461    220    819
   863   1478    207    815
   864   1492    203    805
   865   1509    209    782
   866   1501    219    780
   867   1516    195    789
   868   1530    189    781
   869   1535    191    774
   870   1529    203    768
   871   1544    211    745
   872   1531    216    753
   873   1536    211    753
   874   1540    216    744
   875   1532    254    714
   876   1476    272    752
   877   1445    281    774
   878   1442    278    780
   879   1415    279    806
   880   1385    277    838
   881   1382    265    853
   882   1354    289    857
   883   1341    271    888
   884   1339    279    882
   885   1352    251    897
   886   1365    259    876
   887   1381    242    877
   888   1417    214    869
   889   1430    190    880
   890   1449    189    862
   891   1501    173    826
   892   1514    183    803
   893   1535    176    789
   894   1555    160    785
   895   1579    169    752
   896   1592    198    710
   897   1591    208    701
   898   1607    202    691
   899   1614    190    696
   900   1644    180    676
   901   1652    176    672
   902   1677    185    638
   903   1683    194    623
   904   1655    202    643
   905   1646    201    653
   906   1632    172    696
   907   1641    165    694
   908   1642    178    680
   909   1644    170    686
   910   1649    175    676
   911   1637    188    675
   912   1647    195    658
   913   1612    255    633
   914   1560    276    664
   915   1535    290    675
   916   1496    274    730
   917   1466    270    764
   918   1421    286    793
   919   1417    271    812
   920   1427    253    820
   921   1411    256    833
   922   1389    271    840
   923   1387    265    848
   924   1388    252    860
   925   1396    253    851
   926   1410    259    831
   927   1398    257    845
   928   1380    279    841
   929   1344    285    871
   930   1352    281    867
   931   1356    278    866
   932   1371    249    880
   933   1382    255    863
   934   1361    277    862
   935   1364    275    861
   936   1350    281    869
   937   1325    294    881
   938   1333    278    889
   939   1330    271    899
   940   1343    258    899
   941   1353    260    887
   942   1367    255    878
   943   1353    252    895
   944   1399    217    884
   945   1409    220    871
   946   1425    226    849
   947   1435    228    837
   948   1482    216    802
   949   1489    211    800
   950   1472    217    811
   951   1482    196    822
   952   1515    186    799
   953   1544    189    767
   954   1532    221    747
   955   1537    222    741
   956   1526    254    720
   957   1496    253    751
   958   1471    256    773
   959   1414    307    779
   960   1399    294    807
   961   1388    285    827
   962   1364    282    854
   963   1364    266    870
   964   1366    262    872
   965   1363    262    875
   966   1336    274    890
   967   1322    268    910
   968   1327    256    917
   969   1355    250    895
   970   1364    232    904
   971   1416    206    878
   972   1439    229    832
   973   1429    252    819
   974   1439    240    821
   975   1468    230    802
   976   1455    225    820
   977   1459    233    808
   978   1426    256    818
   979   1418    270    812
   980   1406    259    835
   981   1397    261    842
   982   1396    255    849
   983   1381    266    853
   984   1368    263    869
   985   1370    251    879
   986   1383    245    872
   987   1375    260    865
   988   1374    265    861
   989   1314    296    890
   990   1307    292    901
   991   1318    274    908
   992   1330    266    904
   993   1350    260    890
   994   1375    263    862
   995   1364    274    862
   996   1351    284    865
   997   1351    274    875
   998   1336    288    876
   999   1350    248    902
  1000   1358    247    895
