# time (sweeps) | Susceptible | Infected | Recovered
     0   1152    670    678
    10   1199    660    641
    20   1122    685    693
    30   1217    623    660
    40   1168    637    695
    50   1207    703    590
    60   1197    646    657
    70   1204    634    662
    80   1220    636    644
    90   1197    684    619
   100   1246    623    631
   110   1170    668    662
   120   1246    648    606
   130   1152    675    673
   140   1231    617    652
   150   1194    615    691
   160   1156    715    629
   170   1058    736    706
   180   1096    719    685
   190   1263    612    625
   200   1143    707    650
   210   1254    620    626
   220   1222    642    636
   230   1207    662    631
   240   1184    664    652
   250   1131    694    675
   260   1158    650    692
   270   1167    679    654
   280   1216    656    628
   290   1153    667    680
   300   1165    701    634
   310   1139    709    652
   320   1150    667    683
   330   1181    634    685
   340   1165    655    680
   350   1136    681    683
   360   1180    646    674
   370   1173    678    649
   380   1155    673    672
   390   1127    688    685
   400   1157    678    665
   410   1140    680    680
   420   1137    725    638
   430   1072    733    695
   440   1178    689    633
   450   1101    722    677
   460   1111    698    691
   470   1196    625    679
   480   1184    649    667
   490   1193    628    679
   500   1097    699    704
   510   1154    656    690
   520   1168    667    665
   530   1190    664    646
   540   1235    604    661
   550   1224    659    617
   560   1121    672    707
   570   1153    685    662
   580   1080    745    675
   590   1143    653    704
   600   1151    685    664
   610   1082    739    679
   620   1235    615    650
   630   1109    700    691
   640   1252    600    648
   650   1161    649    690
   660   1087    700    713
   670   1202    659    639
   680   1202    688    610
   690   1279    584    637
   700   1184    663    653
   710   1175    634    691
   720   1202    648    650
   730   1188    622    690
   740   1239    607    654
   750   1200    664    636
   760   1199    659    642
   770   1238    617    645
   780   1182    694    624
   790   1161    666    673
   800   1165    651    684
   810   1097    702    701
   820   1149    655    696
   830   1182    658    660
   840   1177    661    662
   850   1215    640    645
   860   1169    697    634
   870   1209    642    649
   880   1135    686    679
   890   1196    651    653
   900   1169    642    689
   910   1166    611    723
   920   1196    673    631
   930   1228    641    631
   940   1107    706    687
   950   1225    629    646
   960   1141    641    718
   970   1122    658    720
   980   1177    664    659
   990   1166    649    685
  1000   1159    692    649
  1010   1235    591    674
  1020   1189    651    660
  1030   1199    603    698
  1040   1185    612    703
  1050   1181    663    656
  1060   1235    629    636
  1070   1152    674    674
  1080   1200    675    625
  1090   1124    679    697
  1100   1224    656    620
  1110   1126    651    723
  1120   1210    654    636
  1130   1127    731    642
  1140   1178    644    678
  1150   1135    705    660
  1160   1212    640    648
  1170   1163    669    668
  1180   1121    692    687
  1190   1227    604    669
  1200   1186    665    649
  1210   1119    722    659
  1220   1181    664    655
  1230   1152    684    664
  1240   1182    648    670
  1250   1125    693    682
  1260   1145    641    714
  1270   1245    642    613
  1280   1158    656    686
  1290   1181    638    681
  1300   1282    562    656
  1310   1202    626    672
  1320   1158    722    620
  1330   1065    707    728
  1340   1132    708    660
  1350   1203    629    668
  1360   1176    681    643
  1370   1219    628    653
  1380   1132    702    666
  1390   1158    689    653
  1400   1219    669    612
  1410   1179    657    664
  1420   1113    680    707
  1430   1181    646    673
  1440   1181    666    653
  1450   1071    726    703
  1460   1196    659    645
  1470   1151    696    653
  1480   1102    684    714
  1490   1094    704    702
  1500   1115    669    716
  1510   1144    675    681
  1520   1170    654    676
  1530   1277    614    609
  1540   1143    694    663
  1550   1129    685    686
  1560   1138    696    666
  1570   1109    683    708
  1580   1197    677    626
  1590   1161    686    653
  1600   1212    646    642
  1610   1206    675    619
  1620   1140    695    665
  1630   1188    635    677
  1640   1175    655    670
  1650   1146    681    673
  1660   1114    659    727
  1670   1180    663    657
  1680   1169    677    654
  1690   1145    694    661
  1700   1165    666    669
  1710   1233    590    677
  1720   1161    682    657
  1730   1133    688    679
  1740   1166    697    637
  1750   1155    700    645
  1760   1158    654    688
  1770   1045    755    700
  1780   1146    705    649
  1790   1138    682    680
  1800   1151    701    648
  1810   1129    642    729
  1820   1184    649    667
  1830   1208    567    725
  1840   1140    670    690
  1850   1155    665    680
  1860   1153    646    701
  1870   1256    572    672
  1880   1221    644    635
  1890   1176    654    670
  1900   1178    650    672
  1910   1197    615    688
  1920   1177    638    685
  1930   1141    657    702
  1940   1086    724    690
  1950   1192    657    651
  1960   1190    631    679
  1970   1131    658    711
  1980   1189    668    643
  1990   1225    627    648
  2000   1161    676    663
  2010   1170    659    671
  2020   1074    689    737
  2030   1202    645    653
  2040   1162    651    687
  2050   1179    687    634
  2060   1134    707    659
  2070   1205    655    640
  2080   1129    698    673
  2090   1157    677    666
  2100   1223    643    634
  2110   1207    662    631
  2120   1185    683    632
  2130   1121    710    669
  2140   1117    645    738
  2150   1232    609    659
  2160   1156    666    678
  2170   1186    629    685
  2180   1157    683    660
  2190   1243    594    663
  2200   1215    669    616
  2210   1176    662    662
  2220   1128    671    701
  2230   1135    702    663
  2240   1225    631    644
  2250   1182    642    676
  2260   1164    658    678
  2270   1192    648    660
  2280   1147    666    687
  2290   1156    694    650
  2300   1109    690    701
  2310   1191    641    668
  2320   1149    673    678
  2330   1158    669    673
  2340   1138    707    655
  2350   1024    729    747
  2360   1234    605    661
  2370   1085    736    679
  2380   1229    622    649
  2390   1187    627    686
  2400   1143    659    698
  2410   1207    633    660
  2420   1135    726    639
  2430   1156    680    664
  2440   1258    645    597
  2450   1169    646    685
  2460   1131    701    668
  2470   1133    677    690
  2480   1189    635    676
  2490   1231    619    650
  2500   1154    666    680
  2510   1148    652    700
  2520   1166    624    710
  2530   1228    638    634
  2540   1109    675    716
  2550   1165    682    653
  2560   1209    636    655
  2570   1190    693    617
  2580   1156    657    687
  2590   1144    703    653
  2600   1210    627    663
  2610   1211    650    639
  2620   1203    668    629
  2630   1128    703    669
  2640   1186    672    642
  2650   1153    643    704
  2660   1219    632    649
  2670   1142    665    693
  2680   1204    681    615
  2690   1148    682    670
  2700   1180    636    684
  2710   1168    659    673
  2720   1140    660    700
  2730   1128    679    693
  2740   1135    703    662
  2750   1177    670    653
  2760   1127    664    709
  2770   1190    663    647
  2780   1258    639    603
  2790   1183    696    621
  2800   1134    678    688
  2810   1239    613    648
  2820   1229    648    623
  2830   1167    658    675
  2840   1098    728    674
  2850   1174    685    641
  2860   1112    683    705
  2870   1191    662    647
  2880   1158    664    678
  2890   1178    668    654
  2900   1189    661    650
  2910   1080    698    722
  2920   1180    666    654
  2930   1212    652    636
  2940   1184    647    669
  2950   1189    690    621
  2960   1169    666    665
  2970   1201    647    652
  2980   1253    649    598
  2990   1192    643    665
  3000   1162    674    664
  3010   1121    697    682
  3020   1132    687    681
  3030   1143    640    717
  3040   1144    694    662
  3050   1156    680    664
  3060   1217    644    639
  3070   1155    679    666
  3080   1152    658    690
  3090   1115    680    705
  3100   1165    660    675
  3110   1259    627    614
  3120   1166    631    703
  3130   1158    675    667
  3140   1148    683    669
  3150   1169    660    671
  3160   1173    666    661
  3170   1158    693    649
  3180   1135    684    681
  3190   1212    636    652
  3200   1194    632    674
  3210   1042    742    716
  3220   1109    719    672
  3230   1284    578    638
  3240   1210    632    658
  3250   1176    647    677
  3260   1151    691    658
  3270   1155    676    669
  3280   1122    708    670
  3290   1192    641    667
  3300   1277    583    640
  3310   1252    611    637
  3320   1148    680    672
  3330   1249    629    622
  3340   1089    747    664
  3350   1164    687    649
  3360   1159    679    662
  3370   1148    658    694
  3380   1123    658    719
  3390   1161    662    677
  3400   1119    735    646
  3410   1081    679    740
  3420   1157    673    670
  3430   1149    657    694
  3440   1212    635    653
  3450   1203    638    659
  3460   1184    636    680
  3470   1203    629    668
  3480   1214    629    657
  3490   1121    688    691
  3500   1168    675    657
  3510   1147    703    650
  3520   1166    672    662
  3530   1228    666    606
  3540   1143    652    705
  3550   1128    694    678
  3560   1154    699    647
  3570   1212    637    651
  3580   1146    646    708
  3590   1220    652    628
  3600   1230    627    643
  3610   1130    693    677
  3620   1175    658    667
  3630   1117    720    663
  3640   1222    631    647
  3650   1161    665    674
  3660   1161    681    658
  3670   1188    640    672
  3680   1194    662    644
  3690   1204    643    653
  3700   1187    673    640
  3710   1172    673    655
  3720   1115    714    671
  3730   1126    673    701
  3740   1184    650    666
  3750   1117    673    710
  3760   1187    671    642
  3770   1121    702    677
  3780   1147    703    650
  3790   1181    686    633
  3800   1149    673    678
  3810   1262    616    622
  3820   1248    617    635
  3830   1166    647    687
  3840   1173    695    632
  3850   1085    703    712
  3860   1169    618    713
  3870   1138    715    647
  3880   1152    661    687
  3890   1172    656    672
  3900   1219    649    632
  3910   1137    658    705
  3920   1173    664    663
  3930   1165    650    685
  3940   1193    659    648
  3950   1176    653    671
  3960   1190    632    678
  3970   1095    724    681
  3980   1159    680    661
  3990   1100    744    656
  4000   1180    674    646
  4010   1214    641    645
  4020   1204    646    650
  4030   1256    591    653
  4040   1282    616    602
  4050   1247    656    597
  4060   1189    659    652
  4070   1197    621    682
  4080   1206    640    654
  4090   1106    709    685
  4100   1216    664    620
  4110   1206    646    648
  4120   1156    681    663
  4130   1168    667    665
  4140   1155    690    655
  4150   1165    668    667
  4160   1193    639    668
  4170   1162    657    681
  4180   1180    697    623
  4190   1194    658    648
  4200   1161    646    693
  4210   1084    721    695
  4220   1116    689    695
  4230   1127    689    684
  4240   1199    655    646
  4250   1218    655    627
  4260   1153    667    680
  4270   1192    611    697
  4280   1168    663    669
  4290   1118    723    659
  4300   1205    645    650
  4310   1198    626    676
  4320   1273    613    614
  4330   1178    684    638
  4340   1241    619    640
  4350   1198    654    648
  4360   1170    677    653
  4370   1143    703    654
  4380   1125    676    699
  4390   1154    713    633
  4400   1192    667    641
  4410   1191    663    646
  4420   1228    632    640
  4430   1128    684    688
  4440   1131    666    703
  4450   1127    700    673
  4460   1180    651    669
  4470   1215    628    657
  4480   1181    654    665
  4490   1165    656    679
  4500   1154    668    678
  4510   1173    646    681
  4520   1215    612    673
  4530   1218    658    624
  4540   1297    613    590
  4550   1244    652    604
  4560   1159    669    672
  4570   1149    691    660
  4580   1198    628    674
  4590   1181    636    683
  4600   1271    612    617
  4610   1173    664    663
  4620   1137    656    707
  4630   1200    657    643
  4640   1206    665    629
  4650   1119    673    708
  4660   1215    638    647
  4670   1189    664    647
  4680   1189    632    679
  4690   1119    701    680
  4700   1128    703    669
  4710   1180    655    665
  4720   1206    633    661
  4730   1147    688    665
  4740   1154    692    654
  4750   1067    717    716
  4760   1162    671    667
  4770   1140    679    681
  4780   1219    632    649
  4790   1158    698    644
  4800   1212    666    622
  4810   1211    635    654
  4820   1109    716    675
  4830   1121    701    678
  4840   1096    694    710
  4850   1135    726    639
  4860   1197    656    647
  4870   1120    718    662
  4880   1135    686    679
  4890   1123    688    689
  4900   1201    652    647
  4910   1110    704    686
  4920   1270    563    667
  4930   1182    689    629
  4940   1207    648    645
  4950   1194    640    666
  4960   1193    639    668
  4970   1187    648    665
  4980   1125    698    677
  4990   1100    738    662
  5000   1117    693    690
  5010   1188    643    669
  5020   1204    636    660
  5030   1232    626    642
  5040   1145    691    664
  5050   1135    687    678
  5060   1181    648    671
  5070   1169    717    614
  5080   1202    648    650
  5090   1158    688    654
  5100   1154    663    683
  5110   1238    651    611
  5120   1156    708    636
  5130   1155    684    661
  5140   1068    700    732
  5150   1172    699    629
  5160   1128    659    713
  5170   1182    695    623
  5180   1097    745    658
  5190   1207    605    688
  5200   1173    678    649
  5210   1211    675    614
  5220   1073    730    697
  5230   1131    688    681
  5240   1152    697    651
  5250   1163    676    661
  5260   1122    668    710
  5270   1091    711    698
  5280   1201    654    645
  5290   1186    640    674
  5300   1224    623    653
  5310   1191    673    636
  5320   1187    677    636
  5330   1106    720    674
  5340   1138    687    675
  5350   1232    599    669
  5360   1259    633    608
  5370   1127    723    650
  5380   1206    664    630
  5390   1131    705    664
  5400   1130    683    687
  5410   1137    665    698
  5420   1152    652    696
  5430   1221    671    608
  5440   1207    638    655
  5450   1190    659    651
  5460   1130    690    680
  5470   1211    646    643
  5480   1134    663    703
  5490   1214    655    631
  5500   1110    693    697
  5510   1125    717    658
  5520   1179    640    681
  5530   1180    610    710
  5540   1107    695    698
  5550   1153    695    652
  5560   1151    698    651
  5570   1123    689    688
  5580   1095    653    752
  5590   1145    695    660
  5600   1168    637    695
  5610   1187    676    637
  5620   1235    608    657
  5630   1198    638    664
  5640   1244    625    631
  5650   1128    705    667
  5660   1184    692    624
  5670   1135    698    667
  5680   1128    668    704
  5690   1134    721    645
  5700   1169    668    663
  5710   1142    655    703
  5720   1166    687    647
  5730   1145    661    694
  5740   1132    657    711
  5750   1181    685    634
  5760   1197    645    658
  5770   1249    610    641
  5780   1175    673    652
  5790   1220    630    650
  5800   1224    636    640
  5810   1243    615    642
  5820   1121    686    693
  5830   1158    665    677
  5840   1204    639    657
  5850   1162    661    677
  5860   1175    670    655
  5870   1114    712    674
  5880   1217    669    614
  5890   1173    696    631
  5900   1129    677    694
  5910   1115    689    696
  5920   1200    666    634
  5930   1144    667    689
  5940   1230    675    595
  5950   1163    670    667
  5960   1134    668    698
  5970   1164    663    673
  5980   1083    764    653
  5990   1182    637    681
  6000   1204    596    700
  6010   1199    695    606
  6020   1118    707    675
  6030   1120    685    695
  6040   1215    625    660
  6050   1216    670    614
  6060   1204    624    672
  6070   1077    695    728
  6080   1198    616    686
  6090   1219    659    622
  6100   1119    696    685
  6110   1173    684    643
  6120   1144    627    729
  6130   1179    655    666
  6140   1266    621    613
  6150   1158    666    676
  6160   1150    659    691
  6170   1121    725    654
  6180   1105    713    682
  6190   1215    663    622
  6200   1294    581    625
  6210   1204    640    656
  6220   1216    635    649
  6230   1257    573    670
  6240   1157    661    682
  6250   1143    716    641
  6260   1165    686    649
  6270   1129    684    687
  6280   1189    638    673
  6290   1166    644    690
  6300   1098    706    696
  6310   1149    691    660
  6320   1207    639    654
  6330   1209    651    640
  6340   1165    645    690
  6350   1268    633    599
  6360   1124    689    687
  6370   1180    647    673
  6380   1234    643    623
  6390   1184    667    649
  6400   1179    673    648
  6410   1174    670    656
  6420   1181    675    644
  6430   1152    634    714
  6440   1138    682    680
  6450   1225    631    644
  6460   1117    675    708
  6470   1180    643    677
  6480   1157    652    691
  6490   1080    718    702
  6500   1110    725    665
  6510   1181    655    664
  6520   1140    675    685
  6530   1196    647    657
  6540   1097    724    679
  6550   1126    655    719
  6560   1237    668    595
  6570   1173    672    655
  6580   1155    719    626
  6590   1215    600    685
  6600   1160    691    649
  6610   1204    621    675
  6620   1200    665    635
  6630   1149    669    682
  6640   1209    630    661
  6650   1201    622    677
  6660   1190    629    681
  6670   1156    659    685
  6680   1241    627    632
  6690   1174    647    679
  6700   1131    670    699
  6710   1177    661    662
  6720   1188    681    631
  6730   1168    653    679
  6740   1161    660    679
  6750   1155    651    694
  6760   1223    635    642
  6770   1118    696    686
  6780   1064    753    683
  6790   1181    698    621
  6800   1085    695    720
  6810   1182    686    632
  6820   1180    626    694
  6830   1054    740    706
  6840   1193    651    656
  6850   1181    674    645
  6860   1136    684    680
  6870   1107    695    698
  6880   1137    668    695
  6890   1264    612    624
  6900   1125    662    713
  6910   1215    660    625
  6920   1219    639    642
  6930   1151    688    661
  6940   1219    611    670
  6950   1153    644    703
  6960   1099    710    691
  6970   1250    621    629
  6980   1156    683    661
  6990   1083    701    716
  7000   1154    696    650
  7010   1163    689    648
  7020   1193    658    649
  7030   1129    686    685
  7040   1164    683    653
  7050   1189    660    651
  7060   1109    685    706
  7070   1229    609    662
  7080   1246    590    664
  7090   1188    673    639
  7100   1158    649    693
  7110   1202    647    651
  7120   1168    656    676
  7130   1251    637    612
  7140   1220    618    662
  7150   1251    642    607
  7160   1088    712    700
  7170   1178    689    633
  7180   1143    693    664
  7190   1103    695    702
  7200   1095    721    684
  7210   1117    681    702
  7220   1174    640    686
  7230   1219    661    620
  7240   1115    684    701
  7250   1192    658    650
  7260   1137    682    681
  7270   1191    649    660
  7280   1057    743    700
  7290   1134    707    659
  7300   1186    671    643
  7310   1112    668    720
  7320   1158    673    669
  7330   1173    637    690
  7340   1203    634    663
  7350   1151    665    684
  7360   1204    678    618
  7370   1169    648    683
  7380   1164    640    696
  7390   1141    694    665
  7400   1151    641    708
  7410   1182    666    652
  7420   1120    704    676
  7430   1156    684    660
  7440   1166    667    667
  7450   1168    686    646
  7460   1203    642    655
  7470   1147    668    685
  7480   1142    663    695
  7490   1193    651    656
  7500   1166    677    657
  7510   1135    684    681
  7520   1175    668    657
  7530   1161    672    667
  7540   1095    711    694
  7550   1193    677    630
  7560   1172    649    679
  7570   1253    675    572
  7580   1214    626    660
  7590   1221    622    657
  7600   1143    689    668
  7610   1161    656    683
  7620   1129    679    692
  7630   1218    641    641
  7640   1196    640    664
  7650   1155    693    652
  7660   1169    706    625
  7670   1148    705    647
  7680   1172    652    676
  7690   1228    618    654
  7700   1184    649    667
  7710   1161    695    644
  7720   1156    649    695
  7730   1180    627    693
  7740   1167    687    646
  7750   1150    699    651
  7760   1198    625    677
  7770   1151    676    673
  7780   1068    716    716
  7790   1185    672    643
  7800   1200    638    662
  7810   1114    701    685
  7820   1164    671    665
  7830   1149    651    700
  7840   1168    638    694
  7850   1246    653    601
  7860   1185    644    671
  7870   1193    631    676
  7880   1186    621    693
  7890   1133    714    653
  7900   1165    650    685
  7910   1171    643    686
  7920   1235    655    610
  7930   1128    668    704
  7940   1164    679    657
  7950   1215    647    638
  7960   1165    638    697
  7970   1087    718    695
  7980   1143    660    697
  7990   1142    716    642
  8000   1205    630    665
  8010   1223    667    610
  8020   1158    697    645
  8030   1147    658    695
  8040   1162    676    662
  8050   1185    688    627
  8060   1214    629    657
  8070   1177    658    665
  8080   1180    625    695
  8090   1162    670    668
  8100   1235    591    674
  8110   1192    646    662
  8120   1222    669    609
  8130   1249    642    609
  8140   1261    600    639
  8150   1169    673    658
  8160   1106    716    678
  8170   1218    671    611
  8180   1193    661    646
  8190   1197    652    651
  8200   1110    681    709
  8210   1155    699    646
  8220   1226    629    645
  8230   1168    675    657
  8240   1204    629    667
  8250   1096    680    724
  8260   1150    697    653
  8270   1152    687    661
  8280   1075    731    694
  8290   1188    638    674
  8300   1143    667    690
  8310   1156    664    680
  8320   1093    702    705
  8330   1150    657    693
  8340   1124    705    671
  8350   1187    637    676
  8360   1220    646    634
  8370   1176    652    672
  8380   1192    654    654
  8390   1296    625    579
  8400   1140    646    714
  8410   1185    640    675
  8420   1158    623    719
  8430   1186    672    642
  8440   1167    660    673
  8450   1282    613    605
  8460   1181    695    624
  8470   1118    685    697
  8480   1157    684    659
  8490   1163    670    667
  8500   1211    670    619
  8510   1173    659    668
  8520   1134    696    670
  8530   1125    683    692
  8540   1262    557    681
  8550   1135    719    646
  8560   1136    664    700
  8570   1127    708    665
  8580   1280    577    643
  8590   1171    648    681
  8600   1156    673    671
  8610   1199    664    637
  8620   1215    656    629
  8630   1115    744    641
  8640   1184    643    673
  8650   1147    644    709
  8660   1113    687    700
  8670   1201    644    655
  8680   1193    664    643
  8690   1135    677    688
  8700   1148    677    675
  8710   1138    677    685
  8720   1152    687    661
  8730   1166    638    696
  8740   1127    701    672
  8750   1184    649    667
  8760   1143    683    674
  8770   1085    724    691
  8780   1188    695    617
  8790   1193    647    660
  8800   1181    671    648
  8810   1077    741    682
  8820   1074    722    704
  8830   1194    643    663
  8840   1177    665    658
  8850   1193    633    674
  8860   1156    682    662
  8870   1149    661    690
  8880   1168    640    692
  8890   1202    624    674
  8900   1181    696    623
  8910   1178    643    679
  8920   1160    676    664
  8930   1127    687    686
  8940   1145    630    725
  8950   1104    723    673
  8960   1147    698    655
  8970   1155    657    688
  8980   1150    656    694
  8990   1136    676    688
  9000   1188    649    663
  9010   1204    605    691
  9020   1147    684    669
  9030   1085    717    698
  9040   1195    662    643
  9050   1188    660    652
  9060   1165    689    646
  9070   1188    677    635
  9080   1150    732    618
  9090   1265    634    601
  9100   1256    665    579
  9110   1125    659    716
  9120   1095    704    701
  9130   1197    649    654
  9140   1084    700    716
  9150   1195    664    641
  9160   1139    690    671
  9170   1131    677    692
  9180   1200    683    617
  9190   1171    644    685
  9200   1157    638    705
  9210   1227    641    632
  9220   1170    639    691
  9230   1185    639    676
  9240   1183    635    682
  9250   1136    683    681
  9260   1178    662    660
  9270   1124    662    714
  9280   1139    708    653
  9290   1104    707    689
  9300   1125    675    700
  9310   1121    684    695
  9320   1198    687    615
  9330   1192    646    662
  9340   1143    693    664
  9350   1165    642    693
  9360   1166    670    664
  9370   1131    678    691
  9380   1157    682    661
  9390   1184    627    689
  9400   1134    685    681
  9410   1183    638    679
  9420   1097    704    699
  9430   1165    674    661
  9440   1182    665    653
  9450   1187    658    655
  9460   1065    739    696
  9470   1193    655    652
  9480   1140    681    679
  9490   1159    659    682
  9500   1222    676    602
  9510   1119    704    677
  9520   1184    667    649
  9530   1192    645    663
  9540   1099    689    712
  9550   1096    728    676
  9560   1183    673    644
  9570   1127    670    703
  9580   1184    676    640
  9590   1119    712    669
  9600   1174    675    651
  9610   1172    673    655
  9620   1096    738    666
  9630   1149    655    696
  9640   1203    644    653
  9650   1108    693    699
  9660   1135    686    679
  9670   1168    643    689
  9680   1228    659    613
  9690   1166    677    657
  9700   1219    618    663
  9710   1167    658    675
  9720   1147    697    656
  9730   1112    724    664
  9740   1153    699    648
  9750   1198    658    644
  9760   1148    703    649
  9770   1197    666    637
  9780   1187    675    638
  9790   1107    703    690
  9800   1190    639    671
  9810   1171    657    672
  9820   1203    667    630
  9830   1159    688    653
  9840   1152    659    689
  9850   1170    689    641
  9860   1192    666    642
  9870   1204    641    655
  9880   1203    672    625
  9890   1170    664    666
  9900   1167    634    699
  9910   1204    639    657
  9920   1208    631    661
  9930   1114    693    693
  9940   1212    644    644
  9950   1144    697    659
  9960   1135    701    664
  9970   1166    661    673
  9980   1127    708    665
  9990   1149    645    706
 10000   1168    655    677
