# time (sweeps) | total free energy density
     0      5
 10000   -143
 20000   -164
 30000   -173
 40000   -179
 50000   -183
 60000   -187
 70000   -189
 80000   -192
 90000   -194
100000   -196
110000   -198
120000   -200
130000   -203
140000   -204
150000   -205
160000   -206
170000   -207
180000   -208
190000   -209
200000   -210
210000   -210
220000   -211
230000   -212
240000   -213
250000   -213
260000   -214
270000   -214
280000   -215
290000   -216
300000   -216
310000   -217
320000   -218
330000   -218
340000   -219
350000   -219
360000   -220
370000   -220
380000   -221
390000   -221
400000   -221
410000   -222
420000   -222
430000   -222
440000   -222
450000   -223
460000   -223
470000   -223
480000   -224
490000   -224
500000   -224
510000   -225
520000   -225
530000   -225
540000   -226
550000   -226
560000   -227
570000   -229
580000   -230
590000   -230
600000   -230
610000   -230
620000   -230
630000   -230
640000   -230
650000   -230
660000   -230
670000   -230
680000   -230
690000   -230
700000   -230
710000   -231
720000   -231
730000   -231
740000   -231
750000   -231
760000   -231
770000   -231
780000   -231
790000   -231
800000   -231
810000   -231
820000   -231
830000   -231
840000   -231
850000   -231
860000   -231
870000   -231
880000   -231
890000   -231
900000   -231
910000   -231
920000   -231
930000   -231
940000   -231
950000   -231
960000   -231
970000   -231
980000   -231
990000   -231
1000000   -231
1010000   -231
1020000   -231
1030000   -231
1040000   -232
1050000   -232
1060000   -232
1070000   -232
1080000   -232
1090000   -232
1100000   -232
1110000   -232
1120000   -232
1130000   -232
1140000   -232
1150000   -232
1160000   -232
1170000   -232
1180000   -232
1190000   -232
1200000   -232
1210000   -232
1220000   -232
1230000   -232
1240000   -232
1250000   -232
1260000   -232
1270000   -232
1280000   -232
1290000   -232
1300000   -232
1310000   -232
1320000   -232
1330000   -232
1340000   -232
1350000   -232
1360000   -232
1370000   -232
1380000   -232
1390000   -232
1400000   -232
1410000   -232
1420000   -232
1430000   -232
1440000   -232
1450000   -232
1460000   -232
1470000   -232
1480000   -232
1490000   -232
1500000   -232
1510000   -232
1520000   -232
1530000   -232
1540000   -232
1550000   -232
1560000   -232
1570000   -232
1580000   -232
1590000   -232
1600000   -232
1610000   -232
1620000   -232
1630000   -232
1640000   -232
1650000   -232
1660000   -232
1670000   -232
1680000   -232
1690000   -232
1700000   -232
1710000   -232
1720000   -232
1730000   -232
1740000   -232
1750000   -232
1760000   -232
1770000   -232
1780000   -232
1790000   -232
1800000   -232
1810000   -232
1820000   -232
1830000   -232
1840000   -232
1850000   -232
1860000   -232
1870000   -232
1880000   -232
1890000   -232
1900000   -232
1910000   -232
1920000   -232
1930000   -232
1940000   -232
1950000   -232
1960000   -232
1970000   -232
1980000   -232
1990000   -232
2000000   -232
2010000   -232
2020000   -232
2030000   -232
2040000   -232
2050000   -232
2060000   -232
2070000   -232
2080000   -232
2090000   -232
2100000   -232
2110000   -232
2120000   -232
2130000   -232
2140000   -232
2150000   -232
2160000   -232
2170000   -232
2180000   -232
2190000   -232
2200000   -232
2210000   -232
2220000   -232
2230000   -232
2240000   -232
2250000   -232
2260000   -232
2270000   -232
2280000   -232
2290000   -232
2300000   -232
2310000   -232
2320000   -232
2330000   -232
2340000   -232
2350000   -232
2360000   -232
2370000   -232
2380000   -232
2390000   -232
2400000   -232
2410000   -232
2420000   -232
2430000   -232
2440000   -232
2450000   -232
2460000   -232
2470000   -232
2480000   -232
2490000   -232
2500000   -232
2510000   -232
2520000   -232
2530000   -232
2540000   -232
2550000   -232
2560000   -232
2570000   -232
2580000   -232
2590000   -232
2600000   -232
2610000   -232
2620000   -232
2630000   -232
2640000   -232
2650000   -232
2660000   -232
2670000   -232
2680000   -232
2690000   -232
2700000   -232
2710000   -232
2720000   -232
2730000   -232
2740000   -232
2750000   -232
2760000   -232
2770000   -232
2780000   -232
2790000   -232
2800000   -232
2810000   -232
2820000   -232
2830000   -232
2840000   -232
2850000   -232
2860000   -232
2870000   -232
2880000   -232
2890000   -232
2900000   -232
2910000   -232
2920000   -232
2930000   -232
2940000   -232
2950000   -232
2960000   -232
2970000   -232
2980000   -232
2990000   -232
3000000   -232
3010000   -232
3020000   -232
3030000   -232
3040000   -232
3050000   -232
3060000   -232
3070000   -232
3080000   -232
3090000   -232
3100000   -232
3110000   -232
3120000   -232
3130000   -232
3140000   -232
3150000   -232
3160000   -232
3170000   -232
3180000   -232
3190000   -232
3200000   -232
3210000   -232
3220000   -232
3230000   -232
3240000   -232
3250000   -232
3260000   -232
3270000   -232
3280000   -232
3290000   -232
3300000   -232
3310000   -232
3320000   -232
3330000   -232
3340000   -232
3350000   -232
3360000   -232
3370000   -232
3380000   -232
3390000   -232
3400000   -232
3410000   -232
3420000   -232
3430000   -232
3440000   -232
3450000   -232
3460000   -232
3470000   -232
3480000   -232
3490000   -232
3500000   -232
3510000   -232
3520000   -232
3530000   -232
3540000   -232
3550000   -232
3560000   -232
3570000   -232
3580000   -232
3590000   -232
3600000   -232
3610000   -232
3620000   -232
3630000   -232
3640000   -232
3650000   -232
3660000   -232
3670000   -232
3680000   -232
3690000   -232
3700000   -232
3710000   -232
3720000   -232
3730000   -232
3740000   -232
3750000   -232
3760000   -232
3770000   -232
3780000   -232
3790000   -232
3800000   -232
3810000   -232
3820000   -232
3830000   -232
3840000   -232
3850000   -232
3860000   -232
3870000   -232
3880000   -232
3890000   -232
3900000   -232
3910000   -232
3920000   -232
3930000   -232
3940000   -232
3950000   -232
3960000   -232
3970000   -232
3980000   -232
3990000   -232
4000000   -232
4010000   -232
4020000   -232
4030000   -232
4040000   -232
4050000   -232
4060000   -232
4070000   -232
4080000   -232
4090000   -232
4100000   -232
4110000   -232
4120000   -232
4130000   -232
4140000   -232
4150000   -232
4160000   -232
4170000   -232
4180000   -232
4190000   -232
4200000   -232
4210000   -232
4220000   -232
4230000   -232
4240000   -232
4250000   -232
4260000   -232
4270000   -232
4280000   -232
4290000   -232
4300000   -232
4310000   -232
4320000   -232
4330000   -232
4340000   -232
4350000   -232
4360000   -232
4370000   -232
4380000   -232
4390000   -232
4400000   -232
4410000   -232
4420000   -232
4430000   -232
4440000   -232
4450000   -232
4460000   -232
4470000   -232
4480000   -232
4490000   -232
4500000   -232
4510000   -232
4520000   -232
4530000   -232
4540000   -232
4550000   -232
4560000   -232
4570000   -232
4580000   -232
4590000   -232
4600000   -232
4610000   -232
4620000   -232
4630000   -232
4640000   -232
4650000   -232
4660000   -232
4670000   -232
4680000   -232
4690000   -232
4700000   -232
4710000   -232
4720000   -232
4730000   -232
4740000   -232
4750000   -232
4760000   -232
4770000   -232
4780000   -232
4790000   -232
4800000   -232
4810000   -232
4820000   -232
4830000   -232
4840000   -232
4850000   -232
4860000   -232
4870000   -232
4880000   -232
4890000   -232
4900000   -232
4910000   -232
4920000   -232
4930000   -232
4940000   -232
4950000   -232
4960000   -232
4970000   -232
4980000   -232
4990000   -232
5000000   -232
5010000   -232
5020000   -232
5030000   -232
5040000   -232
5050000   -232
5060000   -232
5070000   -232
5080000   -232
5090000   -232
5100000   -232
5110000   -232
5120000   -232
5130000   -232
5140000   -232
5150000   -232
5160000   -232
5170000   -232
5180000   -232
5190000   -232
5200000   -232
5210000   -232
5220000   -232
5230000   -232
5240000   -232
5250000   -232
5260000   -232
5270000   -232
5280000   -232
5290000   -232
5300000   -232
5310000   -232
5320000   -232
5330000   -232
5340000   -232
5350000   -232
5360000   -232
5370000   -232
5380000   -232
5390000   -232
5400000   -232
5410000   -232
5420000   -232
5430000   -232
5440000   -232
5450000   -232
5460000   -232
5470000   -232
5480000   -232
5490000   -232
5500000   -232
5510000   -232
5520000   -232
5530000   -232
5540000   -232
5550000   -232
5560000   -232
5570000   -232
5580000   -232
5590000   -232
5600000   -232
5610000   -232
5620000   -232
5630000   -232
5640000   -232
5650000   -232
5660000   -232
5670000   -232
5680000   -232
5690000   -232
5700000   -232
5710000   -232
5720000   -232
5730000   -232
5740000   -232
5750000   -232
5760000   -232
5770000   -232
5780000   -232
5790000   -232
5800000   -232
5810000   -232
5820000   -232
5830000   -232
5840000   -232
5850000   -232
5860000   -232
5870000   -232
5880000   -232
5890000   -232
5900000   -232
5910000   -232
5920000   -232
5930000   -232
5940000   -232
5950000   -232
5960000   -232
5970000   -232
5980000   -232
5990000   -232
6000000   -232
6010000   -232
6020000   -232
6030000   -232
6040000   -232
6050000   -232
6060000   -232
6070000   -232
6080000   -232
6090000   -232
6100000   -232
6110000   -232
6120000   -232
6130000   -232
6140000   -232
6150000   -232
6160000   -232
6170000   -232
6180000   -232
6190000   -232
6200000   -232
6210000   -232
6220000   -232
6230000   -232
6240000   -232
6250000   -232
6260000   -232
6270000   -232
6280000   -232
6290000   -232
6300000   -232
6310000   -232
6320000   -232
6330000   -232
6340000   -232
6350000   -232
6360000   -232
6370000   -232
6380000   -232
6390000   -232
6400000   -232
6410000   -232
6420000   -232
6430000   -232
6440000   -232
6450000   -232
6460000   -232
6470000   -232
6480000   -232
6490000   -232
6500000   -232
6510000   -232
6520000   -232
6530000   -232
6540000   -232
6550000   -232
6560000   -232
6570000   -232
6580000   -232
6590000   -232
6600000   -232
6610000   -232
6620000   -232
6630000   -232
6640000   -232
6650000   -232
6660000   -232
6670000   -232
6680000   -232
6690000   -232
6700000   -232
6710000   -232
6720000   -232
6730000   -232
6740000   -232
6750000   -232
6760000   -232
6770000   -232
6780000   -232
6790000   -232
6800000   -232
6810000   -232
6820000   -232
6830000   -232
6840000   -232
6850000   -232
6860000   -232
6870000   -232
6880000   -232
6890000   -232
6900000   -232
6910000   -232
6920000   -232
6930000   -232
6940000   -232
6950000   -232
6960000   -232
6970000   -232
6980000   -232
6990000   -232
7000000   -232
7010000   -232
7020000   -232
7030000   -232
7040000   -232
7050000   -232
7060000   -232
7070000   -232
7080000   -232
7090000   -232
7100000   -232
7110000   -232
7120000   -232
7130000   -232
7140000   -232
7150000   -232
7160000   -232
7170000   -232
7180000   -232
7190000   -232
7200000   -232
7210000   -232
7220000   -232
7230000   -232
7240000   -232
7250000   -232
7260000   -232
7270000   -232
7280000   -232
7290000   -232
7300000   -232
7310000   -232
7320000   -232
7330000   -232
7340000   -232
7350000   -232
7360000   -232
7370000   -232
7380000   -232
7390000   -232
7400000   -232
7410000   -232
7420000   -232
7430000   -232
7440000   -232
7450000   -232
7460000   -232
7470000   -232
7480000   -232
7490000   -232
7500000   -232
7510000   -232
7520000   -232
7530000   -232
7540000   -232
7550000   -232
7560000   -232
7570000   -232
7580000   -232
7590000   -232
7600000   -232
7610000   -232
7620000   -232
7630000   -232
7640000   -232
7650000   -232
7660000   -232
7670000   -232
7680000   -232
7690000   -232
7700000   -232
7710000   -232
7720000   -232
7730000   -232
7740000   -232
7750000   -232
7760000   -232
7770000   -232
7780000   -232
7790000   -232
7800000   -232
7810000   -232
7820000   -232
7830000   -232
7840000   -232
7850000   -232
7860000   -232
7870000   -232
7880000   -232
7890000   -232
7900000   -232
7910000   -232
7920000   -232
7930000   -232
7940000   -232
7950000   -232
7960000   -232
7970000   -232
7980000   -232
7990000   -232
8000000   -232
8010000   -232
8020000   -232
8030000   -232
8040000   -232
8050000   -232
8060000   -232
8070000   -232
8080000   -232
8090000   -232
8100000   -232
8110000   -232
8120000   -232
8130000   -232
8140000   -232
8150000   -232
8160000   -232
8170000   -232
8180000   -232
8190000   -232
8200000   -232
8210000   -232
8220000   -232
8230000   -232
8240000   -232
8250000   -232
8260000   -232
8270000   -232
8280000   -232
8290000   -232
8300000   -232
8310000   -232
8320000   -232
8330000   -232
8340000   -232
8350000   -232
8360000   -232
8370000   -232
8380000   -232
8390000   -232
8400000   -232
8410000   -232
8420000   -232
8430000   -232
8440000   -232
8450000   -232
8460000   -232
8470000   -232
8480000   -232
8490000   -232
8500000   -232
8510000   -232
8520000   -232
8530000   -232
8540000   -232
8550000   -232
8560000   -232
8570000   -232
8580000   -232
8590000   -232
8600000   -232
8610000   -232
8620000   -232
8630000   -232
8640000   -232
8650000   -232
8660000   -232
8670000   -232
8680000   -232
8690000   -232
8700000   -232
8710000   -232
8720000   -232
8730000   -232
8740000   -232
8750000   -232
8760000   -232
8770000   -232
8780000   -232
8790000   -232
8800000   -232
8810000   -232
8820000   -232
8830000   -232
8840000   -232
8850000   -232
8860000   -232
8870000   -232
8880000   -232
8890000   -232
8900000   -232
8910000   -232
8920000   -232
8930000   -232
8940000   -232
8950000   -232
8960000   -232
8970000   -232
8980000   -232
8990000   -232
9000000   -232
9010000   -232
9020000   -232
9030000   -232
9040000   -232
9050000   -232
9060000   -232
9070000   -232
9080000   -232
9090000   -232
9100000   -232
9110000   -232
9120000   -232
9130000   -232
9140000   -232
9150000   -232
9160000   -232
9170000   -232
9180000   -232
9190000   -232
9200000   -232
9210000   -232
9220000   -232
9230000   -232
9240000   -232
9250000   -232
9260000   -232
9270000   -232
9280000   -232
9290000   -232
9300000   -232
9310000   -232
9320000   -232
9330000   -232
9340000   -232
9350000   -232
9360000   -232
9370000   -232
9380000   -232
9390000   -232
9400000   -232
9410000   -232
9420000   -232
9430000   -232
9440000   -232
9450000   -232
9460000   -232
9470000   -232
9480000   -232
9490000   -232
9500000   -232
9510000   -232
9520000   -232
9530000   -232
9540000   -232
9550000   -232
9560000   -232
9570000   -232
9580000   -232
9590000   -232
9600000   -232
9610000   -232
9620000   -232
9630000   -232
9640000   -232
9650000   -232
9660000   -232
9670000   -232
9680000   -232
9690000   -232
9700000   -232
9710000   -232
9720000   -232
9730000   -232
9740000   -232
9750000   -232
9760000   -232
9770000   -232
9780000   -232
9790000   -232
9800000   -232
9810000   -232
9820000   -232
9830000   -232
9840000   -232
9850000   -232
9860000   -232
9870000   -232
9880000   -232
9890000   -232
9900000   -232
9910000   -232
9920000   -232
9930000   -232
9940000   -232
9950000   -232
9960000   -232
9970000   -232
9980000   -232
9990000   -232
10000000   -232
