# time (sweeps) | Magnetisation | Staggered Magnetisation | Total Energy
0.000000000000000000e+00 1.346000000000000000e+03 -2.000000000000000000e+00 -4.968000000000000000e+03
1.000000000000000000e+01 1.354000000000000000e+03 -4.600000000000000000e+01 -4.960000000000000000e+03
2.000000000000000000e+01 1.388000000000000000e+03 2.800000000000000000e+01 -4.972000000000000000e+03
3.000000000000000000e+01 1.360000000000000000e+03 6.800000000000000000e+01 -4.968000000000000000e+03
4.000000000000000000e+01 1.350000000000000000e+03 -1.400000000000000000e+01 -4.964000000000000000e+03
5.000000000000000000e+01 1.340000000000000000e+03 -7.200000000000000000e+01 -4.964000000000000000e+03
6.000000000000000000e+01 1.344000000000000000e+03 6.400000000000000000e+01 -4.964000000000000000e+03
7.000000000000000000e+01 1.386000000000000000e+03 -7.000000000000000000e+01 -4.980000000000000000e+03
8.000000000000000000e+01 1.354000000000000000e+03 -8.600000000000000000e+01 -4.980000000000000000e+03
9.000000000000000000e+01 1.338000000000000000e+03 -6.000000000000000000e+00 -4.972000000000000000e+03
1.000000000000000000e+02 1.328000000000000000e+03 -5.600000000000000000e+01 -4.984000000000000000e+03
1.100000000000000000e+02 1.374000000000000000e+03 -7.400000000000000000e+01 -4.968000000000000000e+03
1.200000000000000000e+02 1.376000000000000000e+03 4.000000000000000000e+00 -4.968000000000000000e+03
1.300000000000000000e+02 1.358000000000000000e+03 -9.000000000000000000e+01 -4.972000000000000000e+03
1.400000000000000000e+02 1.362000000000000000e+03 -1.100000000000000000e+02 -4.980000000000000000e+03
1.500000000000000000e+02 1.352000000000000000e+03 -5.600000000000000000e+01 -4.968000000000000000e+03
1.600000000000000000e+02 1.332000000000000000e+03 -1.520000000000000000e+02 -4.984000000000000000e+03
1.700000000000000000e+02 1.330000000000000000e+03 -1.460000000000000000e+02 -4.960000000000000000e+03
1.800000000000000000e+02 1.396000000000000000e+03 5.600000000000000000e+01 -4.968000000000000000e+03
1.900000000000000000e+02 1.398000000000000000e+03 3.800000000000000000e+01 -4.952000000000000000e+03
2.000000000000000000e+02 1.358000000000000000e+03 1.420000000000000000e+02 -4.964000000000000000e+03
2.100000000000000000e+02 1.276000000000000000e+03 5.200000000000000000e+01 -4.952000000000000000e+03
2.200000000000000000e+02 1.342000000000000000e+03 8.600000000000000000e+01 -4.976000000000000000e+03
2.300000000000000000e+02 1.390000000000000000e+03 -1.540000000000000000e+02 -4.976000000000000000e+03
2.400000000000000000e+02 1.354000000000000000e+03 -5.800000000000000000e+01 -4.968000000000000000e+03
2.500000000000000000e+02 1.344000000000000000e+03 -4.800000000000000000e+01 -4.964000000000000000e+03
2.600000000000000000e+02 1.374000000000000000e+03 -3.800000000000000000e+01 -4.988000000000000000e+03
2.700000000000000000e+02 1.390000000000000000e+03 1.580000000000000000e+02 -4.976000000000000000e+03
2.800000000000000000e+02 1.372000000000000000e+03 4.400000000000000000e+01 -4.964000000000000000e+03
2.900000000000000000e+02 1.370000000000000000e+03 -5.400000000000000000e+01 -4.976000000000000000e+03
3.000000000000000000e+02 1.328000000000000000e+03 0.000000000000000000e+00 -4.988000000000000000e+03
3.100000000000000000e+02 1.382000000000000000e+03 7.000000000000000000e+01 -4.980000000000000000e+03
3.200000000000000000e+02 1.360000000000000000e+03 -8.000000000000000000e+00 -4.972000000000000000e+03
3.300000000000000000e+02 1.338000000000000000e+03 9.000000000000000000e+01 -4.972000000000000000e+03
3.400000000000000000e+02 1.390000000000000000e+03 5.800000000000000000e+01 -4.980000000000000000e+03
3.500000000000000000e+02 1.366000000000000000e+03 -1.500000000000000000e+02 -4.964000000000000000e+03
3.600000000000000000e+02 1.366000000000000000e+03 4.600000000000000000e+01 -4.956000000000000000e+03
3.700000000000000000e+02 1.312000000000000000e+03 -2.400000000000000000e+01 -4.964000000000000000e+03
3.800000000000000000e+02 1.344000000000000000e+03 -6.000000000000000000e+01 -4.968000000000000000e+03
3.900000000000000000e+02 1.356000000000000000e+03 -1.640000000000000000e+02 -4.972000000000000000e+03
4.000000000000000000e+02 1.372000000000000000e+03 -4.000000000000000000e+01 -4.968000000000000000e+03
4.100000000000000000e+02 1.366000000000000000e+03 -1.420000000000000000e+02 -4.972000000000000000e+03
4.200000000000000000e+02 1.330000000000000000e+03 -2.000000000000000000e+00 -4.992000000000000000e+03
4.300000000000000000e+02 1.368000000000000000e+03 -1.400000000000000000e+02 -4.988000000000000000e+03
4.400000000000000000e+02 1.352000000000000000e+03 -3.200000000000000000e+01 -4.972000000000000000e+03
4.500000000000000000e+02 1.336000000000000000e+03 1.120000000000000000e+02 -4.964000000000000000e+03
4.600000000000000000e+02 1.334000000000000000e+03 -2.000000000000000000e+00 -4.996000000000000000e+03
4.700000000000000000e+02 1.372000000000000000e+03 0.000000000000000000e+00 -4.972000000000000000e+03
4.800000000000000000e+02 1.352000000000000000e+03 -3.600000000000000000e+01 -4.964000000000000000e+03
4.900000000000000000e+02 1.332000000000000000e+03 -1.640000000000000000e+02 -4.968000000000000000e+03
5.000000000000000000e+02 1.376000000000000000e+03 -3.160000000000000000e+02 -4.984000000000000000e+03
5.100000000000000000e+02 1.342000000000000000e+03 9.000000000000000000e+01 -4.988000000000000000e+03
5.200000000000000000e+02 1.370000000000000000e+03 5.400000000000000000e+01 -4.956000000000000000e+03
5.300000000000000000e+02 1.422000000000000000e+03 3.000000000000000000e+01 -4.976000000000000000e+03
5.400000000000000000e+02 1.368000000000000000e+03 8.400000000000000000e+01 -4.980000000000000000e+03
5.500000000000000000e+02 1.386000000000000000e+03 4.200000000000000000e+01 -4.976000000000000000e+03
5.600000000000000000e+02 1.376000000000000000e+03 -1.560000000000000000e+02 -4.976000000000000000e+03
5.700000000000000000e+02 1.376000000000000000e+03 3.200000000000000000e+01 -4.976000000000000000e+03
5.800000000000000000e+02 1.358000000000000000e+03 -7.400000000000000000e+01 -4.984000000000000000e+03
5.900000000000000000e+02 1.402000000000000000e+03 -7.000000000000000000e+01 -4.996000000000000000e+03
6.000000000000000000e+02 1.326000000000000000e+03 2.200000000000000000e+01 -4.956000000000000000e+03
6.100000000000000000e+02 1.350000000000000000e+03 -5.000000000000000000e+01 -4.980000000000000000e+03
6.200000000000000000e+02 1.342000000000000000e+03 -1.020000000000000000e+02 -4.984000000000000000e+03
6.300000000000000000e+02 1.366000000000000000e+03 -7.400000000000000000e+01 -4.980000000000000000e+03
6.400000000000000000e+02 1.350000000000000000e+03 -9.800000000000000000e+01 -4.968000000000000000e+03
6.500000000000000000e+02 1.396000000000000000e+03 -3.600000000000000000e+01 -4.972000000000000000e+03
6.600000000000000000e+02 1.366000000000000000e+03 -2.600000000000000000e+01 -4.976000000000000000e+03
6.700000000000000000e+02 1.362000000000000000e+03 2.200000000000000000e+01 -4.976000000000000000e+03
6.800000000000000000e+02 1.344000000000000000e+03 1.000000000000000000e+02 -4.992000000000000000e+03
6.900000000000000000e+02 1.348000000000000000e+03 1.680000000000000000e+02 -4.976000000000000000e+03
7.000000000000000000e+02 1.400000000000000000e+03 1.800000000000000000e+02 -4.992000000000000000e+03
7.100000000000000000e+02 1.348000000000000000e+03 -1.600000000000000000e+01 -4.980000000000000000e+03
7.200000000000000000e+02 1.314000000000000000e+03 -6.600000000000000000e+01 -4.968000000000000000e+03
7.300000000000000000e+02 1.370000000000000000e+03 9.000000000000000000e+01 -4.968000000000000000e+03
7.400000000000000000e+02 1.316000000000000000e+03 -2.800000000000000000e+01 -4.980000000000000000e+03
7.500000000000000000e+02 1.320000000000000000e+03 -8.000000000000000000e+01 -4.960000000000000000e+03
7.600000000000000000e+02 1.342000000000000000e+03 2.060000000000000000e+02 -4.968000000000000000e+03
7.700000000000000000e+02 1.324000000000000000e+03 2.400000000000000000e+01 -4.964000000000000000e+03
7.800000000000000000e+02 1.342000000000000000e+03 3.800000000000000000e+01 -4.956000000000000000e+03
7.900000000000000000e+02 1.374000000000000000e+03 -2.180000000000000000e+02 -4.968000000000000000e+03
8.000000000000000000e+02 1.306000000000000000e+03 -1.100000000000000000e+02 -4.972000000000000000e+03
8.100000000000000000e+02 1.342000000000000000e+03 -3.060000000000000000e+02 -4.972000000000000000e+03
8.200000000000000000e+02 1.352000000000000000e+03 -3.600000000000000000e+01 -4.976000000000000000e+03
8.300000000000000000e+02 1.316000000000000000e+03 -1.240000000000000000e+02 -4.960000000000000000e+03
8.400000000000000000e+02 1.380000000000000000e+03 -3.600000000000000000e+01 -4.984000000000000000e+03
8.500000000000000000e+02 1.324000000000000000e+03 1.080000000000000000e+02 -4.968000000000000000e+03
8.600000000000000000e+02 1.398000000000000000e+03 -1.800000000000000000e+01 -4.984000000000000000e+03
8.700000000000000000e+02 1.354000000000000000e+03 1.380000000000000000e+02 -4.976000000000000000e+03
8.800000000000000000e+02 1.326000000000000000e+03 -1.500000000000000000e+02 -4.952000000000000000e+03
8.900000000000000000e+02 1.372000000000000000e+03 8.000000000000000000e+01 -4.980000000000000000e+03
9.000000000000000000e+02 1.378000000000000000e+03 7.000000000000000000e+01 -4.980000000000000000e+03
9.100000000000000000e+02 1.352000000000000000e+03 -1.960000000000000000e+02 -4.956000000000000000e+03
9.200000000000000000e+02 1.366000000000000000e+03 -1.800000000000000000e+01 -4.960000000000000000e+03
9.300000000000000000e+02 1.332000000000000000e+03 -6.400000000000000000e+01 -4.988000000000000000e+03
9.400000000000000000e+02 1.420000000000000000e+03 -2.040000000000000000e+02 -4.980000000000000000e+03
9.500000000000000000e+02 1.350000000000000000e+03 -3.400000000000000000e+01 -4.968000000000000000e+03
9.600000000000000000e+02 1.316000000000000000e+03 5.600000000000000000e+01 -4.972000000000000000e+03
9.700000000000000000e+02 1.328000000000000000e+03 -2.400000000000000000e+01 -4.980000000000000000e+03
9.800000000000000000e+02 1.324000000000000000e+03 9.600000000000000000e+01 -4.980000000000000000e+03
9.900000000000000000e+02 1.326000000000000000e+03 -1.800000000000000000e+01 -4.972000000000000000e+03
1.000000000000000000e+03 1.338000000000000000e+03 1.180000000000000000e+02 -4.972000000000000000e+03
