# time (sweeps) | Susceptible | Infected | Recovered
     0   1057      0   1443
     1   1057      0   1443
     2   1057      0   1443
     3   1057      0   1443
     4   1057      0   1443
     5   1057      0   1443
     6   1057      0   1443
     7   1057      0   1443
     8   1057      0   1443
     9   1057      0   1443
    10   1057      0   1443
    11   1057      0   1443
    12   1057      0   1443
    13   1057      0   1443
    14   1057      0   1443
    15   1057      0   1443
    16   1057      0   1443
    17   1057      0   1443
    18   1057      0   1443
    19   1057      0   1443
    20   1057      0   1443
    21   1057      0   1443
    22   1057      0   1443
    23   1057      0   1443
    24   1057      0   1443
    25   1057      0   1443
    26   1057      0   1443
    27   1057      0   1443
    28   1057      0   1443
    29   1057      0   1443
    30   1057      0   1443
    31   1057      0   1443
    32   1057      0   1443
    33   1057      0   1443
    34   1057      0   1443
    35   1057      0   1443
    36   1057      0   1443
    37   1057      0   1443
    38   1057      0   1443
    39   1057      0   1443
    40   1057      0   1443
    41   1057      0   1443
    42   1057      0   1443
    43   1057      0   1443
    44   1057      0   1443
    45   1057      0   1443
    46   1057      0   1443
    47   1057      0   1443
    48   1057      0   1443
    49   1057      0   1443
    50   1057      0   1443
    51   1057      0   1443
    52   1057      0   1443
    53   1057      0   1443
    54   1057      0   1443
    55   1057      0   1443
    56   1057      0   1443
    57   1057      0   1443
    58   1057      0   1443
    59   1057      0   1443
    60   1057      0   1443
    61   1057      0   1443
    62   1057      0   1443
    63   1057      0   1443
    64   1057      0   1443
    65   1057      0   1443
    66   1057      0   1443
    67   1057      0   1443
    68   1057      0   1443
    69   1057      0   1443
    70   1057      0   1443
    71   1057      0   1443
    72   1057      0   1443
    73   1057      0   1443
    74   1057      0   1443
    75   1057      0   1443
    76   1057      0   1443
    77   1057      0   1443
    78   1057      0   1443
    79   1057      0   1443
    80   1057      0   1443
    81   1057      0   1443
    82   1057      0   1443
    83   1057      0   1443
    84   1057      0   1443
    85   1057      0   1443
    86   1057      0   1443
    87   1057      0   1443
    88   1057      0   1443
    89   1057      0   1443
    90   1057      0   1443
    91   1057      0   1443
    92   1057      0   1443
    93   1057      0   1443
    94   1057      0   1443
    95   1057      0   1443
    96   1057      0   1443
    97   1057      0   1443
    98   1057      0   1443
    99   1057      0   1443
   100   1057      0   1443
   101   1057      0   1443
   102   1057      0   1443
   103   1057      0   1443
   104   1057      0   1443
   105   1057      0   1443
   106   1057      0   1443
   107   1057      0   1443
   108   1057      0   1443
   109   1057      0   1443
   110   1057      0   1443
   111   1057      0   1443
   112   1057      0   1443
   113   1057      0   1443
   114   1057      0   1443
   115   1057      0   1443
   116   1057      0   1443
   117   1057      0   1443
   118   1057      0   1443
   119   1057      0   1443
   120   1057      0   1443
   121   1057      0   1443
   122   1057      0   1443
   123   1057      0   1443
   124   1057      0   1443
   125   1057      0   1443
   126   1057      0   1443
   127   1057      0   1443
   128   1057      0   1443
   129   1057      0   1443
   130   1057      0   1443
   131   1057      0   1443
   132   1057      0   1443
   133   1057      0   1443
   134   1057      0   1443
   135   1057      0   1443
   136   1057      0   1443
   137   1057      0   1443
   138   1057      0   1443
   139   1057      0   1443
   140   1057      0   1443
   141   1057      0   1443
   142   1057      0   1443
   143   1057      0   1443
   144   1057      0   1443
   145   1057      0   1443
   146   1057      0   1443
   147   1057      0   1443
   148   1057      0   1443
   149   1057      0   1443
   150   1057      0   1443
   151   1057      0   1443
   152   1057      0   1443
   153   1057      0   1443
   154   1057      0   1443
   155   1057      0   1443
   156   1057      0   1443
   157   1057      0   1443
   158   1057      0   1443
   159   1057      0   1443
   160   1057      0   1443
   161   1057      0   1443
   162   1057      0   1443
   163   1057      0   1443
   164   1057      0   1443
   165   1057      0   1443
   166   1057      0   1443
   167   1057      0   1443
   168   1057      0   1443
   169   1057      0   1443
   170   1057      0   1443
   171   1057      0   1443
   172   1057      0   1443
   173   1057      0   1443
   174   1057      0   1443
   175   1057      0   1443
   176   1057      0   1443
   177   1057      0   1443
   178   1057      0   1443
   179   1057      0   1443
   180   1057      0   1443
   181   1057      0   1443
   182   1057      0   1443
   183   1057      0   1443
   184   1057      0   1443
   185   1057      0   1443
   186   1057      0   1443
   187   1057      0   1443
   188   1057      0   1443
   189   1057      0   1443
   190   1057      0   1443
   191   1057      0   1443
   192   1057      0   1443
   193   1057      0   1443
   194   1057      0   1443
   195   1057      0   1443
   196   1057      0   1443
   197   1057      0   1443
   198   1057      0   1443
   199   1057      0   1443
   200   1057      0   1443
   201   1057      0   1443
   202   1057      0   1443
   203   1057      0   1443
   204   1057      0   1443
   205   1057      0   1443
   206   1057      0   1443
   207   1057      0   1443
   208   1057      0   1443
   209   1057      0   1443
   210   1057      0   1443
   211   1057      0   1443
   212   1057      0   1443
   213   1057      0   1443
   214   1057      0   1443
   215   1057      0   1443
   216   1057      0   1443
   217   1057      0   1443
   218   1057      0   1443
   219   1057      0   1443
   220   1057      0   1443
   221   1057      0   1443
   222   1057      0   1443
   223   1057      0   1443
   224   1057      0   1443
   225   1057      0   1443
   226   1057      0   1443
   227   1057      0   1443
   228   1057      0   1443
   229   1057      0   1443
   230   1057      0   1443
   231   1057      0   1443
   232   1057      0   1443
   233   1057      0   1443
   234   1057      0   1443
   235   1057      0   1443
   236   1057      0   1443
   237   1057      0   1443
   238   1057      0   1443
   239   1057      0   1443
   240   1057      0   1443
   241   1057      0   1443
   242   1057      0   1443
   243   1057      0   1443
   244   1057      0   1443
   245   1057      0   1443
   246   1057      0   1443
   247   1057      0   1443
   248   1057      0   1443
   249   1057      0   1443
   250   1057      0   1443
   251   1057      0   1443
   252   1057      0   1443
   253   1057      0   1443
   254   1057      0   1443
   255   1057      0   1443
   256   1057      0   1443
   257   1057      0   1443
   258   1057      0   1443
   259   1057      0   1443
   260   1057      0   1443
   261   1057      0   1443
   262   1057      0   1443
   263   1057      0   1443
   264   1057      0   1443
   265   1057      0   1443
   266   1057      0   1443
   267   1057      0   1443
   268   1057      0   1443
   269   1057      0   1443
   270   1057      0   1443
   271   1057      0   1443
   272   1057      0   1443
   273   1057      0   1443
   274   1057      0   1443
   275   1057      0   1443
   276   1057      0   1443
   277   1057      0   1443
   278   1057      0   1443
   279   1057      0   1443
   280   1057      0   1443
   281   1057      0   1443
   282   1057      0   1443
   283   1057      0   1443
   284   1057      0   1443
   285   1057      0   1443
   286   1057      0   1443
   287   1057      0   1443
   288   1057      0   1443
   289   1057      0   1443
   290   1057      0   1443
   291   1057      0   1443
   292   1057      0   1443
   293   1057      0   1443
   294   1057      0   1443
   295   1057      0   1443
   296   1057      0   1443
   297   1057      0   1443
   298   1057      0   1443
   299   1057      0   1443
   300   1057      0   1443
   301   1057      0   1443
   302   1057      0   1443
   303   1057      0   1443
   304   1057      0   1443
   305   1057      0   1443
   306   1057      0   1443
   307   1057      0   1443
   308   1057      0   1443
   309   1057      0   1443
   310   1057      0   1443
   311   1057      0   1443
   312   1057      0   1443
   313   1057      0   1443
   314   1057      0   1443
   315   1057      0   1443
   316   1057      0   1443
   317   1057      0   1443
   318   1057      0   1443
   319   1057      0   1443
   320   1057      0   1443
   321   1057      0   1443
   322   1057      0   1443
   323   1057      0   1443
   324   1057      0   1443
   325   1057      0   1443
   326   1057      0   1443
   327   1057      0   1443
   328   1057      0   1443
   329   1057      0   1443
   330   1057      0   1443
   331   1057      0   1443
   332   1057      0   1443
   333   1057      0   1443
   334   1057      0   1443
   335   1057      0   1443
   336   1057      0   1443
   337   1057      0   1443
   338   1057      0   1443
   339   1057      0   1443
   340   1057      0   1443
   341   1057      0   1443
   342   1057      0   1443
   343   1057      0   1443
   344   1057      0   1443
   345   1057      0   1443
   346   1057      0   1443
   347   1057      0   1443
   348   1057      0   1443
   349   1057      0   1443
   350   1057      0   1443
   351   1057      0   1443
   352   1057      0   1443
   353   1057      0   1443
   354   1057      0   1443
   355   1057      0   1443
   356   1057      0   1443
   357   1057      0   1443
   358   1057      0   1443
   359   1057      0   1443
   360   1057      0   1443
   361   1057      0   1443
   362   1057      0   1443
   363   1057      0   1443
   364   1057      0   1443
   365   1057      0   1443
   366   1057      0   1443
   367   1057      0   1443
   368   1057      0   1443
   369   1057      0   1443
   370   1057      0   1443
   371   1057      0   1443
   372   1057      0   1443
   373   1057      0   1443
   374   1057      0   1443
   375   1057      0   1443
   376   1057      0   1443
   377   1057      0   1443
   378   1057      0   1443
   379   1057      0   1443
   380   1057      0   1443
   381   1057      0   1443
   382   1057      0   1443
   383   1057      0   1443
   384   1057      0   1443
   385   1057      0   1443
   386   1057      0   1443
   387   1057      0   1443
   388   1057      0   1443
   389   1057      0   1443
   390   1057      0   1443
   391   1057      0   1443
   392   1057      0   1443
   393   1057      0   1443
   394   1057      0   1443
   395   1057      0   1443
   396   1057      0   1443
   397   1057      0   1443
   398   1057      0   1443
   399   1057      0   1443
   400   1057      0   1443
   401   1057      0   1443
   402   1057      0   1443
   403   1057      0   1443
   404   1057      0   1443
   405   1057      0   1443
   406   1057      0   1443
   407   1057      0   1443
   408   1057      0   1443
   409   1057      0   1443
   410   1057      0   1443
   411   1057      0   1443
   412   1057      0   1443
   413   1057      0   1443
   414   1057      0   1443
   415   1057      0   1443
   416   1057      0   1443
   417   1057      0   1443
   418   1057      0   1443
   419   1057      0   1443
   420   1057      0   1443
   421   1057      0   1443
   422   1057      0   1443
   423   1057      0   1443
   424   1057      0   1443
   425   1057      0   1443
   426   1057      0   1443
   427   1057      0   1443
   428   1057      0   1443
   429   1057      0   1443
   430   1057      0   1443
   431   1057      0   1443
   432   1057      0   1443
   433   1057      0   1443
   434   1057      0   1443
   435   1057      0   1443
   436   1057      0   1443
   437   1057      0   1443
   438   1057      0   1443
   439   1057      0   1443
   440   1057      0   1443
   441   1057      0   1443
   442   1057      0   1443
   443   1057      0   1443
   444   1057      0   1443
   445   1057      0   1443
   446   1057      0   1443
   447   1057      0   1443
   448   1057      0   1443
   449   1057      0   1443
   450   1057      0   1443
   451   1057      0   1443
   452   1057      0   1443
   453   1057      0   1443
   454   1057      0   1443
   455   1057      0   1443
   456   1057      0   1443
   457   1057      0   1443
   458   1057      0   1443
   459   1057      0   1443
   460   1057      0   1443
   461   1057      0   1443
   462   1057      0   1443
   463   1057      0   1443
   464   1057      0   1443
   465   1057      0   1443
   466   1057      0   1443
   467   1057      0   1443
   468   1057      0   1443
   469   1057      0   1443
   470   1057      0   1443
   471   1057      0   1443
   472   1057      0   1443
   473   1057      0   1443
   474   1057      0   1443
   475   1057      0   1443
   476   1057      0   1443
   477   1057      0   1443
   478   1057      0   1443
   479   1057      0   1443
   480   1057      0   1443
   481   1057      0   1443
   482   1057      0   1443
   483   1057      0   1443
   484   1057      0   1443
   485   1057      0   1443
   486   1057      0   1443
   487   1057      0   1443
   488   1057      0   1443
   489   1057      0   1443
   490   1057      0   1443
   491   1057      0   1443
   492   1057      0   1443
   493   1057      0   1443
   494   1057      0   1443
   495   1057      0   1443
   496   1057      0   1443
   497   1057      0   1443
   498   1057      0   1443
   499   1057      0   1443
   500   1057      0   1443
   501   1057      0   1443
   502   1057      0   1443
   503   1057      0   1443
   504   1057      0   1443
   505   1057      0   1443
   506   1057      0   1443
   507   1057      0   1443
   508   1057      0   1443
   509   1057      0   1443
   510   1057      0   1443
   511   1057      0   1443
   512   1057      0   1443
   513   1057      0   1443
   514   1057      0   1443
   515   1057      0   1443
   516   1057      0   1443
   517   1057      0   1443
   518   1057      0   1443
   519   1057      0   1443
   520   1057      0   1443
   521   1057      0   1443
   522   1057      0   1443
   523   1057      0   1443
   524   1057      0   1443
   525   1057      0   1443
   526   1057      0   1443
   527   1057      0   1443
   528   1057      0   1443
   529   1057      0   1443
   530   1057      0   1443
   531   1057      0   1443
   532   1057      0   1443
   533   1057      0   1443
   534   1057      0   1443
   535   1057      0   1443
   536   1057      0   1443
   537   1057      0   1443
   538   1057      0   1443
   539   1057      0   1443
   540   1057      0   1443
   541   1057      0   1443
   542   1057      0   1443
   543   1057      0   1443
   544   1057      0   1443
   545   1057      0   1443
   546   1057      0   1443
   547   1057      0   1443
   548   1057      0   1443
   549   1057      0   1443
   550   1057      0   1443
   551   1057      0   1443
   552   1057      0   1443
   553   1057      0   1443
   554   1057      0   1443
   555   1057      0   1443
   556   1057      0   1443
   557   1057      0   1443
   558   1057      0   1443
   559   1057      0   1443
   560   1057      0   1443
   561   1057      0   1443
   562   1057      0   1443
   563   1057      0   1443
   564   1057      0   1443
   565   1057      0   1443
   566   1057      0   1443
   567   1057      0   1443
   568   1057      0   1443
   569   1057      0   1443
   570   1057      0   1443
   571   1057      0   1443
   572   1057      0   1443
   573   1057      0   1443
   574   1057      0   1443
   575   1057      0   1443
   576   1057      0   1443
   577   1057      0   1443
   578   1057      0   1443
   579   1057      0   1443
   580   1057      0   1443
   581   1057      0   1443
   582   1057      0   1443
   583   1057      0   1443
   584   1057      0   1443
   585   1057      0   1443
   586   1057      0   1443
   587   1057      0   1443
   588   1057      0   1443
   589   1057      0   1443
   590   1057      0   1443
   591   1057      0   1443
   592   1057      0   1443
   593   1057      0   1443
   594   1057      0   1443
   595   1057      0   1443
   596   1057      0   1443
   597   1057      0   1443
   598   1057      0   1443
   599   1057      0   1443
   600   1057      0   1443
   601   1057      0   1443
   602   1057      0   1443
   603   1057      0   1443
   604   1057      0   1443
   605   1057      0   1443
   606   1057      0   1443
   607   1057      0   1443
   608   1057      0   1443
   609   1057      0   1443
   610   1057      0   1443
   611   1057      0   1443
   612   1057      0   1443
   613   1057      0   1443
   614   1057      0   1443
   615   1057      0   1443
   616   1057      0   1443
   617   1057      0   1443
   618   1057      0   1443
   619   1057      0   1443
   620   1057      0   1443
   621   1057      0   1443
   622   1057      0   1443
   623   1057      0   1443
   624   1057      0   1443
   625   1057      0   1443
   626   1057      0   1443
   627   1057      0   1443
   628   1057      0   1443
   629   1057      0   1443
   630   1057      0   1443
   631   1057      0   1443
   632   1057      0   1443
   633   1057      0   1443
   634   1057      0   1443
   635   1057      0   1443
   636   1057      0   1443
   637   1057      0   1443
   638   1057      0   1443
   639   1057      0   1443
   640   1057      0   1443
   641   1057      0   1443
   642   1057      0   1443
   643   1057      0   1443
   644   1057      0   1443
   645   1057      0   1443
   646   1057      0   1443
   647   1057      0   1443
   648   1057      0   1443
   649   1057      0   1443
   650   1057      0   1443
   651   1057      0   1443
   652   1057      0   1443
   653   1057      0   1443
   654   1057      0   1443
   655   1057      0   1443
   656   1057      0   1443
   657   1057      0   1443
   658   1057      0   1443
   659   1057      0   1443
   660   1057      0   1443
   661   1057      0   1443
   662   1057      0   1443
   663   1057      0   1443
   664   1057      0   1443
   665   1057      0   1443
   666   1057      0   1443
   667   1057      0   1443
   668   1057      0   1443
   669   1057      0   1443
   670   1057      0   1443
   671   1057      0   1443
   672   1057      0   1443
   673   1057      0   1443
   674   1057      0   1443
   675   1057      0   1443
   676   1057      0   1443
   677   1057      0   1443
   678   1057      0   1443
   679   1057      0   1443
   680   1057      0   1443
   681   1057      0   1443
   682   1057      0   1443
   683   1057      0   1443
   684   1057      0   1443
   685   1057      0   1443
   686   1057      0   1443
   687   1057      0   1443
   688   1057      0   1443
   689   1057      0   1443
   690   1057      0   1443
   691   1057      0   1443
   692   1057      0   1443
   693   1057      0   1443
   694   1057      0   1443
   695   1057      0   1443
   696   1057      0   1443
   697   1057      0   1443
   698   1057      0   1443
   699   1057      0   1443
   700   1057      0   1443
   701   1057      0   1443
   702   1057      0   1443
   703   1057      0   1443
   704   1057      0   1443
   705   1057      0   1443
   706   1057      0   1443
   707   1057      0   1443
   708   1057      0   1443
   709   1057      0   1443
   710   1057      0   1443
   711   1057      0   1443
   712   1057      0   1443
   713   1057      0   1443
   714   1057      0   1443
   715   1057      0   1443
   716   1057      0   1443
   717   1057      0   1443
   718   1057      0   1443
   719   1057      0   1443
   720   1057      0   1443
   721   1057      0   1443
   722   1057      0   1443
   723   1057      0   1443
   724   1057      0   1443
   725   1057      0   1443
   726   1057      0   1443
   727   1057      0   1443
   728   1057      0   1443
   729   1057      0   1443
   730   1057      0   1443
   731   1057      0   1443
   732   1057      0   1443
   733   1057      0   1443
   734   1057      0   1443
   735   1057      0   1443
   736   1057      0   1443
   737   1057      0   1443
   738   1057      0   1443
   739   1057      0   1443
   740   1057      0   1443
   741   1057      0   1443
   742   1057      0   1443
   743   1057      0   1443
   744   1057      0   1443
   745   1057      0   1443
   746   1057      0   1443
   747   1057      0   1443
   748   1057      0   1443
   749   1057      0   1443
   750   1057      0   1443
   751   1057      0   1443
   752   1057      0   1443
   753   1057      0   1443
   754   1057      0   1443
   755   1057      0   1443
   756   1057      0   1443
   757   1057      0   1443
   758   1057      0   1443
   759   1057      0   1443
   760   1057      0   1443
   761   1057      0   1443
   762   1057      0   1443
   763   1057      0   1443
   764   1057      0   1443
   765   1057      0   1443
   766   1057      0   1443
   767   1057      0   1443
   768   1057      0   1443
   769   1057      0   1443
   770   1057      0   1443
   771   1057      0   1443
   772   1057      0   1443
   773   1057      0   1443
   774   1057      0   1443
   775   1057      0   1443
   776   1057      0   1443
   777   1057      0   1443
   778   1057      0   1443
   779   1057      0   1443
   780   1057      0   1443
   781   1057      0   1443
   782   1057      0   1443
   783   1057      0   1443
   784   1057      0   1443
   785   1057      0   1443
   786   1057      0   1443
   787   1057      0   1443
   788   1057      0   1443
   789   1057      0   1443
   790   1057      0   1443
   791   1057      0   1443
   792   1057      0   1443
   793   1057      0   1443
   794   1057      0   1443
   795   1057      0   1443
   796   1057      0   1443
   797   1057      0   1443
   798   1057      0   1443
   799   1057      0   1443
   800   1057      0   1443
   801   1057      0   1443
   802   1057      0   1443
   803   1057      0   1443
   804   1057      0   1443
   805   1057      0   1443
   806   1057      0   1443
   807   1057      0   1443
   808   1057      0   1443
   809   1057      0   1443
   810   1057      0   1443
   811   1057      0   1443
   812   1057      0   1443
   813   1057      0   1443
   814   1057      0   1443
   815   1057      0   1443
   816   1057      0   1443
   817   1057      0   1443
   818   1057      0   1443
   819   1057      0   1443
   820   1057      0   1443
   821   1057      0   1443
   822   1057      0   1443
   823   1057      0   1443
   824   1057      0   1443
   825   1057      0   1443
   826   1057      0   1443
   827   1057      0   1443
   828   1057      0   1443
   829   1057      0   1443
   830   1057      0   1443
   831   1057      0   1443
   832   1057      0   1443
   833   1057      0   1443
   834   1057      0   1443
   835   1057      0   1443
   836   1057      0   1443
   837   1057      0   1443
   838   1057      0   1443
   839   1057      0   1443
   840   1057      0   1443
   841   1057      0   1443
   842   1057      0   1443
   843   1057      0   1443
   844   1057      0   1443
   845   1057      0   1443
   846   1057      0   1443
   847   1057      0   1443
   848   1057      0   1443
   849   1057      0   1443
   850   1057      0   1443
   851   1057      0   1443
   852   1057      0   1443
   853   1057      0   1443
   854   1057      0   1443
   855   1057      0   1443
   856   1057      0   1443
   857   1057      0   1443
   858   1057      0   1443
   859   1057      0   1443
   860   1057      0   1443
   861   1057      0   1443
   862   1057      0   1443
   863   1057      0   1443
   864   1057      0   1443
   865   1057      0   1443
   866   1057      0   1443
   867   1057      0   1443
   868   1057      0   1443
   869   1057      0   1443
   870   1057      0   1443
   871   1057      0   1443
   872   1057      0   1443
   873   1057      0   1443
   874   1057      0   1443
   875   1057      0   1443
   876   1057      0   1443
   877   1057      0   1443
   878   1057      0   1443
   879   1057      0   1443
   880   1057      0   1443
   881   1057      0   1443
   882   1057      0   1443
   883   1057      0   1443
   884   1057      0   1443
   885   1057      0   1443
   886   1057      0   1443
   887   1057      0   1443
   888   1057      0   1443
   889   1057      0   1443
   890   1057      0   1443
   891   1057      0   1443
   892   1057      0   1443
   893   1057      0   1443
   894   1057      0   1443
   895   1057      0   1443
   896   1057      0   1443
   897   1057      0   1443
   898   1057      0   1443
   899   1057      0   1443
   900   1057      0   1443
   901   1057      0   1443
   902   1057      0   1443
   903   1057      0   1443
   904   1057      0   1443
   905   1057      0   1443
   906   1057      0   1443
   907   1057      0   1443
   908   1057      0   1443
   909   1057      0   1443
   910   1057      0   1443
   911   1057      0   1443
   912   1057      0   1443
   913   1057      0   1443
   914   1057      0   1443
   915   1057      0   1443
   916   1057      0   1443
   917   1057      0   1443
   918   1057      0   1443
   919   1057      0   1443
   920   1057      0   1443
   921   1057      0   1443
   922   1057      0   1443
   923   1057      0   1443
   924   1057      0   1443
   925   1057      0   1443
   926   1057      0   1443
   927   1057      0   1443
   928   1057      0   1443
   929   1057      0   1443
   930   1057      0   1443
   931   1057      0   1443
   932   1057      0   1443
   933   1057      0   1443
   934   1057      0   1443
   935   1057      0   1443
   936   1057      0   1443
   937   1057      0   1443
   938   1057      0   1443
   939   1057      0   1443
   940   1057      0   1443
   941   1057      0   1443
   942   1057      0   1443
   943   1057      0   1443
   944   1057      0   1443
   945   1057      0   1443
   946   1057      0   1443
   947   1057      0   1443
   948   1057      0   1443
   949   1057      0   1443
   950   1057      0   1443
   951   1057      0   1443
   952   1057      0   1443
   953   1057      0   1443
   954   1057      0   1443
   955   1057      0   1443
   956   1057      0   1443
   957   1057      0   1443
   958   1057      0   1443
   959   1057      0   1443
   960   1057      0   1443
   961   1057      0   1443
   962   1057      0   1443
   963   1057      0   1443
   964   1057      0   1443
   965   1057      0   1443
   966   1057      0   1443
   967   1057      0   1443
   968   1057      0   1443
   969   1057      0   1443
   970   1057      0   1443
   971   1057      0   1443
   972   1057      0   1443
   973   1057      0   1443
   974   1057      0   1443
   975   1057      0   1443
   976   1057      0   1443
   977   1057      0   1443
   978   1057      0   1443
   979   1057      0   1443
   980   1057      0   1443
   981   1057      0   1443
   982   1057      0   1443
   983   1057      0   1443
   984   1057      0   1443
   985   1057      0   1443
   986   1057      0   1443
   987   1057      0   1443
   988   1057      0   1443
   989   1057      0   1443
   990   1057      0   1443
   991   1057      0   1443
   992   1057      0   1443
   993   1057      0   1443
   994   1057      0   1443
   995   1057      0   1443
   996   1057      0   1443
   997   1057      0   1443
   998   1057      0   1443
   999   1057      0   1443
  1000   1057      0   1443
