# time (sweeps) | Susceptible | Infected | Recovered
     0   1027    181   1292
     1   1050    188   1262
     2   1096    176   1228
     3   1131    175   1194
     4   1186    171   1143
     5   1193    175   1132
     6   1208    170   1122
     7   1245    183   1072
     8   1256    197   1047
     9   1254    195   1051
    10   1242    232   1026
    11   1221    233   1046
    12   1194    268   1038
    13   1163    274   1063
    14   1159    255   1086
    15   1164    213   1123
    16   1159    235   1106
    17   1110    258   1132
    18   1094    250   1156
    19   1084    245   1171
    20   1065    249   1186
    21   1072    219   1209
    22   1070    229   1201
    23   1100    213   1187
    24   1142    217   1141
    25   1114    239   1147
    26   1085    264   1151
    27   1050    279   1171
    28   1050    249   1201
    29   1059    219   1222
    30   1060    214   1226
    31   1088    195   1217
    32   1105    207   1188
    33   1114    224   1162
    34   1090    228   1182
    35   1104    224   1172
    36   1140    213   1147
    37   1158    201   1141
    38   1167    200   1133
    39   1180    222   1098
    40   1137    266   1097
    41   1135    267   1098
    42   1093    284   1123
    43   1082    268   1150
    44   1062    262   1176
    45   1033    275   1192
    46   1017    271   1212
    47   1035    260   1205
    48   1042    238   1220
    49   1069    218   1213
    50   1067    215   1218
    51   1082    225   1193
    52   1060    234   1206
    53   1064    242   1194
    54   1073    241   1186
    55   1091    246   1163
    56   1095    254   1151
    57   1088    237   1175
    58   1110    224   1166
    59   1117    210   1173
    60   1125    215   1160
    61   1158    210   1132
    62   1170    199   1131
    63   1186    197   1117
    64   1213    188   1099
    65   1240    191   1069
    66   1236    185   1079
    67   1253    195   1052
    68   1250    186   1064
    69   1240    200   1060
    70   1245    200   1055
    71   1193    226   1081
    72   1168    243   1089
    73   1148    246   1106
    74   1108    284   1108
    75   1056    306   1138
    76   1013    306   1181
    77    964    325   1211
    78    958    285   1257
    79    950    271   1279
    80    940    275   1285
    81    965    241   1294
    82    976    219   1305
    83   1024    201   1275
    84   1061    222   1217
    85   1089    216   1195
    86   1098    211   1191
    87   1123    206   1171
    88   1124    227   1149
    89   1116    223   1161
    90   1106    238   1156
    91   1105    225   1170
    92   1137    215   1148
    93   1180    211   1109
    94   1177    240   1083
    95   1168    235   1097
    96   1190    227   1083
    97   1179    222   1099
    98   1155    259   1086
    99   1131    247   1122
   100   1096    268   1136
   101   1062    263   1175
   102   1060    238   1202
   103   1043    221   1236
   104   1049    219   1232
   105   1049    222   1229
   106   1081    211   1208
   107   1123    179   1198
   108   1163    150   1187
   109   1201    157   1142
   110   1237    153   1110
   111   1246    153   1101
   112   1275    158   1067
   113   1309    155   1036
   114   1337    160   1003
   115   1358    166    976
   116   1358    191    951
   117   1352    200    948
   118   1352    192    956
   119   1344    204    952
   120   1355    190    955
   121   1326    215    959
   122   1302    225    973
   123   1261    256    983
   124   1218    280   1002
   125   1135    296   1069
   126   1082    300   1118
   127   1012    316   1172
   128    988    310   1202
   129    948    286   1266
   130    908    286   1306
   131    908    280   1312
   132    920    251   1329
   133    930    282   1288
   134    944    246   1310
   135    969    215   1316
   136   1009    206   1285
   137   1044    196   1260
   138   1061    203   1236
   139   1084    193   1223
   140   1094    207   1199
   141   1124    185   1191
   142   1143    192   1165
   143   1153    189   1158
   144   1181    178   1141
   145   1194    187   1119
   146   1223    183   1094
   147   1259    156   1085
   148   1296    156   1048
   149   1336    159   1005
   150   1344    156   1000
   151   1372    163    965
   152   1374    150    976
   153   1368    166    966
   154   1363    175    962
   155   1336    198    966
   156   1311    208    981
   157   1300    195   1005
   158   1260    213   1027
   159   1227    232   1041
   160   1196    251   1053
   161   1149    271   1080
   162   1134    257   1109
   163   1123    247   1130
   164   1120    242   1138
   165   1083    244   1173
   166   1070    256   1174
   167   1062    225   1213
   168   1107    210   1183
   169   1131    201   1168
   170   1140    190   1170
   171   1166    180   1154
   172   1176    183   1141
   173   1207    195   1098
   174   1213    211   1076
   175   1209    214   1077
   176   1236    205   1059
   177   1249    213   1038
   178   1259    195   1046
   179   1231    207   1062
   180   1243    201   1056
   181   1250    194   1056
   182   1242    193   1065
   183   1260    179   1061
   184   1273    171   1056
   185   1283    190   1027
   186   1248    209   1043
   187   1244    187   1069
   188   1241    217   1042
   189   1236    212   1052
   190   1244    203   1053
   191   1222    223   1055
   192   1199    253   1048
   193   1159    242   1099
   194   1120    265   1115
   195   1123    268   1109
   196   1103    253   1144
   197   1063    257   1180
   198   1053    255   1192
   199   1054    279   1167
   200   1022    279   1199
   201   1015    283   1202
   202   1010    282   1208
   203   1007    273   1220
   204   1028    258   1214
   205   1050    204   1246
   206   1079    185   1236
   207   1128    185   1187
   208   1140    171   1189
   209   1164    187   1149
   210   1144    229   1127
   211   1112    251   1137
   212   1077    260   1163
   213   1080    238   1182
   214   1111    222   1167
   215   1123    215   1162
   216   1156    206   1138
   217   1158    204   1138
   218   1183    190   1127
   219   1200    171   1129
   220   1208    176   1116
   221   1193    207   1100
   222   1181    225   1094
   223   1159    241   1100
   224   1152    266   1082
   225   1098    259   1143
   226   1069    258   1173
   227   1079    226   1195
   228   1111    207   1182
   229   1148    204   1148
   230   1182    199   1119
   231   1203    178   1119
   232   1212    185   1103
   233   1212    190   1098
   234   1230    174   1096
   235   1264    169   1067
   236   1287    163   1050
   237   1276    173   1051
   238   1298    162   1040
   239   1329    161   1010
   240   1330    168   1002
   241   1334    169    997
   242   1355    164    981
   243   1348    191    961
   244   1304    209    987
   245   1291    224    985
   246   1252    265    983
   247   1229    276    995
   248   1149    305   1046
   249   1103    288   1109
   250   1043    316   1141
   251    997    341   1162
   252    946    336   1218
   253    909    323   1268
   254    886    297   1317
   255    882    292   1326
   256    882    278   1340
   257    878    272   1350
   258    878    242   1380
   259    911    241   1348
   260    931    226   1343
   261    935    221   1344
   262    971    199   1330
   263   1009    186   1305
   264   1041    177   1282
   265   1073    178   1249
   266   1113    162   1225
   267   1146    177   1177
   268   1182    160   1158
   269   1254    130   1116
   270   1329     99   1072
   271   1409     93    998
   272   1460     98    942
   273   1456    127    917
   274   1503    125    872
   275   1521    137    842
   276   1528    144    828
   277   1515    156    829
   278   1487    193    820
   279   1467    196    837
   280   1384    244    872
   281   1353    247    900
   282   1293    281    926
   283   1218    339    943
   284   1124    365   1011
   285   1018    388   1094
   286    949    356   1195
   287    891    394   1215
   288    812    388   1300
   289    759    369   1372
   290    774    337   1389
   291    769    315   1416
   292    795    281   1424
   293    792    290   1418
   294    850    239   1411
   295    911    210   1379
   296    960    190   1350
   297   1013    163   1324
   298   1057    173   1270
   299   1110    168   1222
   300   1159    153   1188
   301   1186    155   1159
   302   1241    136   1123
   303   1266    127   1107
   304   1308    136   1056
   305   1336    136   1028
   306   1366    145    989
   307   1373    168    959
   308   1398    165    937
   309   1406    189    905
   310   1392    202    906
   311   1369    220    911
   312   1345    224    931
   313   1312    232    956
   314   1253    248    999
   315   1203    265   1032
   316   1145    262   1093
   317   1167    240   1093
   318   1144    253   1103
   319   1113    266   1121
   320   1101    275   1124
   321   1068    271   1161
   322   1030    280   1190
   323   1021    277   1202
   324   1000    262   1238
   325    995    280   1225
   326    987    279   1234
   327    934    297   1269
   328    931    285   1284
   329    926    251   1323
   330    953    240   1307
   331    947    233   1320
   332    973    210   1317
   333   1012    184   1304
   334   1049    188   1263
   335   1112    166   1222
   336   1169    168   1163
   337   1219    157   1124
   338   1241    155   1104
   339   1272    168   1060
   340   1322    161   1017
   341   1348    147   1005
   342   1375    152    973
   343   1383    175    942
   344   1408    167    925
   345   1409    160    931
   346   1395    194    911
   347   1378    187    935
   348   1355    197    948
   349   1292    243    965
   350   1223    294    983
   351   1136    318   1046
   352   1067    321   1112
   353   1027    308   1165
   354   1006    314   1180
   355   1013    282   1205
   356    979    303   1218
   357    984    293   1223
   358    969    270   1261
   359    944    267   1289
   360    963    254   1283
   361    984    230   1286
   362    987    225   1288
   363   1034    203   1263
   364   1088    196   1216
   365   1108    193   1199
   366   1139    195   1166
   367   1159    204   1137
   368   1152    217   1131
   369   1120    244   1136
   370   1121    249   1130
   371   1123    249   1128
   372   1116    245   1139
   373   1127    212   1161
   374   1154    217   1129
   375   1184    193   1123
   376   1212    182   1106
   377   1232    167   1101
   378   1231    163   1106
   379   1221    189   1090
   380   1226    222   1052
   381   1220    235   1045
   382   1186    263   1051
   383   1140    301   1059
   384   1113    299   1088
   385   1107    280   1113
   386   1079    271   1150
   387   1063    268   1169
   388   1070    261   1169
   389   1037    263   1200
   390   1015    255   1230
   391   1035    239   1226
   392   1021    257   1222
   393   1033    237   1230
   394   1073    211   1216
   395   1109    192   1199
   396   1135    205   1160
   397   1169    199   1132
   398   1176    201   1123
   399   1160    218   1122
   400   1130    244   1126
   401   1123    247   1130
   402   1105    247   1148
   403   1067    275   1158
   404   1045    279   1176
   405   1004    285   1211
   406   1003    256   1241
   407   1009    236   1255
   408   1055    201   1244
   409   1081    183   1236
   410   1129    176   1195
   411   1134    185   1181
   412   1157    188   1155
   413   1191    190   1119
   414   1189    199   1112
   415   1184    216   1100
   416   1186    233   1081
   417   1173    213   1114
   418   1152    240   1108
   419   1144    245   1111
   420   1135    228   1137
   421   1129    242   1129
   422   1106    263   1131
   423   1092    264   1144
   424   1078    262   1160
   425   1051    264   1185
   426   1059    247   1194
   427   1042    272   1186
   428   1030    279   1191
   429   1005    282   1213
   430   1016    268   1216
   431   1014    256   1230
   432   1029    262   1209
   433   1016    240   1244
   434   1053    221   1226
   435   1073    201   1226
   436   1126    170   1204
   437   1157    177   1166
   438   1158    187   1155
   439   1180    179   1141
   440   1216    178   1106
   441   1229    193   1078
   442   1235    202   1063
   443   1216    225   1059
   444   1187    244   1069
   445   1123    252   1125
   446   1091    265   1144
   447   1056    281   1163
   448   1035    265   1200
   449   1000    284   1216
   450    967    290   1243
   451    953    281   1266
   452    965    273   1262
   453    987    247   1266
   454    980    264   1256
   455   1016    240   1244
   456   1048    228   1224
   457   1063    210   1227
   458   1100    204   1196
   459   1117    209   1174
   460   1127    222   1151
   461   1145    190   1165
   462   1171    190   1139
   463   1186    188   1126
   464   1227    187   1086
   465   1228    210   1062
   466   1195    233   1072
   467   1173    256   1071
   468   1140    273   1087
   469   1109    273   1118
   470   1066    299   1135
   471   1029    312   1159
   472   1007    315   1178
   473   1001    307   1192
   474    995    299   1206
   475    976    278   1246
   476    971    257   1272
   477   1000    238   1262
   478   1026    234   1240
   479    992    256   1252
   480    935    282   1283
   481    926    270   1304
   482    921    269   1310
   483    922    268   1310
   484    958    237   1305
   485    974    211   1315
   486   1009    211   1280
   487   1057    189   1254
   488   1100    183   1217
   489   1133    187   1180
   490   1181    168   1151
   491   1202    170   1128
   492   1226    177   1097
   493   1237    201   1062
   494   1234    185   1081
   495   1240    180   1080
   496   1260    173   1067
   497   1276    194   1030
   498   1316    192    992
   499   1330    185    985
   500   1334    183    983
   501   1349    180    971
   502   1345    184    971
   503   1349    204    947
   504   1327    213    960
   505   1312    215    973
   506   1298    214    988
   507   1288    222    990
   508   1264    226   1010
   509   1269    215   1016
   510   1287    187   1026
   511   1297    173   1030
   512   1299    187   1014
   513   1303    209    988
   514   1307    191   1002
   515   1291    209   1000
   516   1282    213   1005
   517   1248    223   1029
   518   1196    260   1044
   519   1115    300   1085
   520   1048    294   1158
   521   1021    280   1199
   522    975    287   1238
   523    977    282   1241
   524    989    290   1221
   525    990    278   1232
   526   1019    264   1217
   527   1024    241   1235
   528   1047    230   1223
   529   1088    196   1216
   530   1120    205   1175
   531   1139    213   1148
   532   1166    213   1121
   533   1155    223   1122
   534   1135    241   1124
   535   1112    252   1136
   536   1088    268   1144
   537   1094    269   1137
   538   1069    284   1147
   539   1046    282   1172
   540   1046    260   1194
   541   1026    255   1219
   542   1060    235   1205
   543   1082    226   1192
   544   1102    211   1187
   545   1128    204   1168
   546   1105    214   1181
   547   1101    214   1185
   548   1077    217   1206
   549   1103    215   1182
   550   1107    233   1160
   551   1107    226   1167
   552   1110    201   1189
   553   1134    206   1160
   554   1150    186   1164
   555   1199    177   1124
   556   1224    180   1096
   557   1231    202   1067
   558   1215    200   1085
   559   1223    195   1082
   560   1213    199   1088
   561   1211    201   1088
   562   1226    203   1071
   563   1227    215   1058
   564   1225    226   1049
   565   1191    249   1060
   566   1147    263   1090
   567   1102    274   1124
   568   1058    281   1161
   569   1021    271   1208
   570   1030    280   1190
   571   1006    289   1205
   572    971    320   1209
   573    929    328   1243
   574    944    279   1277
   575    951    265   1284
   576    956    244   1300
   577    982    237   1281
   578   1014    218   1268
   579   1053    200   1247
   580   1077    214   1209
   581   1121    193   1186
   582   1141    205   1154
   583   1125    206   1169
   584   1121    203   1176
   585   1148    183   1169
   586   1178    194   1128
   587   1210    192   1098
   588   1232    169   1099
   589   1247    176   1077
   590   1265    194   1041
   591   1243    213   1044
   592   1217    240   1043
   593   1179    269   1052
   594   1134    275   1091
   595   1109    255   1136
   596   1080    248   1172
   597   1075    262   1163
   598   1062    274   1164
   599   1034    279   1187
   600   1027    259   1214
   601   1010    260   1230
   602   1004    263   1233
   603    971    272   1257
   604    943    296   1261
   605    894    329   1277
   606    895    324   1281
   607    878    323   1299
   608    879    290   1331
   609    901    277   1322
   610    900    276   1324
   611    936    241   1323
   612    959    214   1327
   613    980    203   1317
   614   1016    183   1301
   615   1064    167   1269
   616   1104    163   1233
   617   1158    147   1195
   618   1188    143   1169
   619   1230    159   1111
   620   1231    174   1095
   621   1249    180   1071
   622   1280    171   1049
   623   1285    173   1042
   624   1296    180   1024
   625   1296    210    994
   626   1289    211   1000
   627   1277    222   1001
   628   1217    265   1018
   629   1182    272   1046
   630   1143    297   1060
   631   1067    317   1116
   632   1056    278   1166
   633   1029    287   1184
   634   1038    265   1197
   635   1056    235   1209
   636   1101    234   1165
   637   1121    220   1159
   638   1142    239   1119
   639   1131    234   1135
   640   1095    268   1137
   641   1044    305   1151
   642   1014    297   1189
   643    999    293   1208
   644    983    276   1241
   645   1003    251   1246
   646   1043    237   1220
   647   1043    246   1211
   648   1041    256   1203
   649   1038    252   1210
   650   1053    256   1191
   651   1062    242   1196
   652   1032    285   1183
   653   1040    244   1216
   654   1044    257   1199
   655   1025    277   1198
   656    998    288   1214
   657    970    297   1233
   658    949    262   1289
   659    972    243   1285
   660    969    238   1293
   661    988    232   1280
   662   1000    234   1266
   663    994    233   1273
   664   1000    228   1272
   665   1048    206   1246
   666   1079    180   1241
   667   1125    164   1211
   668   1164    167   1169
   669   1183    190   1127
   670   1197    193   1110
   671   1205    210   1085
   672   1203    217   1080
   673   1203    217   1080
   674   1228    198   1074
   675   1238    196   1066
   676   1233    208   1059
   677   1242    217   1041
   678   1232    197   1071
   679   1243    189   1068
   680   1263    193   1044
   681   1285    187   1028
   682   1291    183   1026
   683   1289    218    993
   684   1274    199   1027
   685   1285    194   1021
   686   1315    193    992
   687   1305    184   1011
   688   1304    189   1007
   689   1283    209   1008
   690   1248    249   1003
   691   1247    227   1026
   692   1206    243   1051
   693   1166    249   1085
   694   1165    229   1106
   695   1154    216   1130
   696   1124    234   1142
   697   1077    272   1151
   698   1049    305   1146
   699   1039    298   1163
   700   1012    316   1172
   701   1011    317   1172
   702    999    294   1207
   703    991    261   1248
   704   1010    243   1247
   705   1035    230   1235
   706   1047    229   1224
   707   1057    232   1211
   708   1050    268   1182
   709   1041    248   1211
   710   1020    268   1212
   711    993    280   1227
   712    993    259   1248
   713   1029    223   1248
   714   1041    210   1249
   715   1079    203   1218
   716   1094    198   1208
   717   1120    191   1189
   718   1137    216   1147
   719   1108    254   1138
   720   1070    262   1168
   721   1072    255   1173
   722   1050    229   1221
   723   1070    243   1187
   724   1045    279   1176
   725   1028    280   1192
   726   1003    297   1200
   727   1015    250   1235
   728   1056    222   1222
   729   1070    236   1194
   730   1068    236   1196
   731   1069    250   1181
   732   1076    238   1186
   733   1080    238   1182
   734   1091    210   1199
   735   1130    197   1173
   736   1145    202   1153
   737   1147    199   1154
   738   1155    199   1146
   739   1183    189   1128
   740   1219    179   1102
   741   1274    158   1068
   742   1271    181   1048
   743   1261    181   1058
   744   1262    188   1050
   745   1264    210   1026
   746   1231    223   1046
   747   1207    258   1035
   748   1155    257   1088
   749   1131    265   1104
   750   1114    283   1103
   751   1106    261   1133
   752   1107    247   1146
   753   1086    242   1172
   754   1080    240   1180
   755   1082    250   1168
   756   1071    243   1186
   757   1061    250   1189
   758   1103    214   1183
   759   1137    210   1153
   760   1163    207   1130
   761   1148    194   1158
   762   1154    194   1152
   763   1167    193   1140
   764   1173    184   1143
   765   1198    179   1123
   766   1206    182   1112
   767   1194    183   1123
   768   1212    195   1093
   769   1215    223   1062
   770   1209    238   1053
   771   1205    234   1061
   772   1213    207   1080
   773   1188    203   1109
   774   1170    234   1096
   775   1138    259   1103
   776   1161    227   1112
   777   1173    217   1110
   778   1197    182   1121
   779   1217    172   1111
   780   1268    146   1086
   781   1317    135   1048
   782   1332    149   1019
   783   1330    160   1010
   784   1324    175   1001
   785   1328    186    986
   786   1333    199    968
   787   1332    203    965
   788   1317    209    974
   789   1293    209    998
   790   1279    208   1013
   791   1287    216    997
   792   1251    237   1012
   793   1245    230   1025
   794   1221    228   1051
   795   1223    226   1051
   796   1212    225   1063
   797   1193    231   1076
   798   1190    233   1077
   799   1167    245   1088
   800   1142    251   1107
   801   1132    253   1115
   802   1110    255   1135
   803   1066    274   1160
   804   1023    294   1183
   805   1005    279   1216
   806    992    268   1240
   807    993    247   1260
   808   1017    217   1266
   809   1028    211   1261
   810   1053    204   1243
   811   1070    219   1211
   812   1056    241   1203
   813   1074    221   1205
   814   1096    215   1189
   815   1129    212   1159
   816   1129    220   1151
   817   1166    212   1122
   818   1160    214   1126
   819   1171    205   1124
   820   1172    183   1145
   821   1208    182   1110
   822   1198    206   1096
   823   1181    217   1102
   824   1182    226   1092
   825   1161    250   1089
   826   1122    264   1114
   827   1094    256   1150
   828   1091    236   1173
   829   1102    230   1168
   830   1121    218   1161
   831   1119    224   1157
   832   1107    225   1168
   833   1090    247   1163
   834   1059    264   1177
   835   1049    278   1173
   836   1046    268   1186
   837   1080    246   1174
   838   1082    226   1192
   839   1103    230   1167
   840   1100    234   1166
   841   1125    220   1155
   842   1116    232   1152
   843   1112    238   1150
   844   1097    229   1174
   845   1114    252   1134
   846   1090    278   1132
   847   1036    299   1165
   848   1003    292   1205
   849    993    272   1235
   850   1004    275   1221
   851   1036    238   1226
   852   1074    221   1205
   853   1072    244   1184
   854   1085    231   1184
   855   1100    208   1192
   856   1124    198   1178
   857   1151    191   1158
   858   1182    184   1134
   859   1178    193   1129
   860   1185    206   1109
   861   1233    186   1081
   862   1224    206   1070
   863   1233    202   1065
   864   1226    215   1059
   865   1208    220   1072
   866   1180    246   1074
   867   1136    276   1088
   868   1119    260   1121
   869   1100    264   1136
   870   1090    269   1141
   871   1037    305   1158
   872    995    294   1211
   873    969    293   1238
   874    949    290   1261
   875    945    270   1285
   876    937    277   1286
   877    967    237   1296
   878    985    217   1298
   879   1038    197   1265
   880   1062    208   1230
   881   1097    213   1190
   882   1109    216   1175
   883   1135    186   1179
   884   1129    189   1182
   885   1151    200   1149
   886   1185    191   1124
   887   1195    195   1110
   888   1192    201   1107
   889   1189    219   1092
   890   1170    218   1112
   891   1169    234   1097
   892   1144    239   1117
   893   1120    256   1124
   894   1058    292   1150
   895   1024    294   1182
   896    993    287   1220
   897   1023    244   1233
   898   1022    247   1231
   899   1027    232   1241
   900   1036    241   1223
   901   1043    236   1221
   902   1064    215   1221
   903   1087    210   1203
   904   1106    202   1192
   905   1110    206   1184
   906   1159    198   1143
   907   1177    202   1121
   908   1159    214   1127
   909   1155    213   1132
   910   1164    218   1118
   911   1171    231   1098
   912   1178    217   1105
   913   1176    218   1106
   914   1164    233   1103
   915   1170    218   1112
   916   1168    215   1117
   917   1158    207   1135
   918   1148    240   1112
   919   1084    275   1141
   920   1047    260   1193
   921   1011    296   1193
   922    967    292   1241
   923    927    314   1259
   924    901    329   1270
   925    862    343   1295
   926    853    328   1319
   927    825    330   1345
   928    821    284   1395
   929    852    259   1389
   930    881    227   1392
   931    926    218   1356
   932    993    182   1325
   933   1036    166   1298
   934   1122    152   1226
   935   1167    143   1190
   936   1223    133   1144
   937   1251    134   1115
   938   1266    155   1079
   939   1320    155   1025
   940   1336    151   1013
   941   1356    161    983
   942   1355    195    950
   943   1347    194    959
   944   1335    201    964
   945   1317    200    983
   946   1298    200   1002
   947   1295    216    989
   948   1265    246    989
   949   1226    270   1004
   950   1159    296   1045
   951   1123    288   1089
   952   1083    305   1112
   953   1032    312   1156
   954   1020    285   1195
   955   1041    271   1188
   956   1035    245   1220
   957   1045    240   1215
   958   1016    276   1208
   959   1022    257   1221
   960   1016    239   1245
   961   1008    238   1254
   962   1011    239   1250
   963   1046    208   1246
   964   1078    196   1226
   965   1111    169   1220
   966   1161    176   1163
   967   1199    170   1131
   968   1220    163   1117
   969   1272    145   1083
   970   1292    150   1058
   971   1344    125   1031
   972   1394    125    981
   973   1403    122    975
   974   1436    131    933
   975   1457    145    898
   976   1454    140    906
   977   1472    152    876
   978   1448    182    870
   979   1457    176    867
   980   1409    205    886
   981   1363    227    910
   982   1331    224    945
   983   1329    203    968
   984   1329    189    982
   985   1325    207    968
   986   1332    188    980
   987   1287    233    980
   988   1250    256    994
   989   1215    257   1028
   990   1201    252   1047
   991   1146    283   1071
   992   1088    308   1104
   993   1015    341   1144
   994    941    333   1226
   995    905    300   1295
   996    901    307   1292
   997    927    283   1290
   998    950    242   1308
   999    988    228   1284
  1000   1023    209   1268
