# time (sweeps) | Susceptible | Infected | Recovered
     0   1556    133    811
     1   1560    140    800
     2   1562    134    804
     3   1585    150    765
     4   1598    146    756
     5   1594    165    741
     6   1589    150    761
     7   1593    140    767
     8   1580    123    797
     9   1616    130    754
    10   1625    134    741
    11   1618    139    743
    12   1607    131    762
    13   1619    118    763
    14   1627    130    743
    15   1629    134    737
    16   1649    131    720
    17   1652    122    726
    18   1656    134    710
    19   1641    125    734
    20   1679    114    707
    21   1701    108    691
    22   1715    107    678
    23   1738    102    660
    24   1732    120    648
    25   1734    114    652
    26   1712    146    642
    27   1702    148    650
    28   1716    146    638
    29   1708    148    644
    30   1713    142    645
    31   1697    156    647
    32   1702    141    657
    33   1672    143    685
    34   1661    150    689
    35   1662    141    697
    36   1668    114    718
    37   1650    146    704
    38   1637    158    705
    39   1614    186    700
    40   1614    165    721
    41   1593    176    731
    42   1570    192    738
    43   1562    183    755
    44   1527    200    773
    45   1496    212    792
    46   1470    211    819
    47   1473    197    830
    48   1481    175    844
    49   1488    170    842
    50   1491    156    853
    51   1490    168    842
    52   1494    172    834
    53   1502    164    834
    54   1505    151    844
    55   1486    164    850
    56   1445    189    866
    57   1442    190    868
    58   1449    172    879
    59   1435    189    876
    60   1422    189    889
    61   1435    181    884
    62   1442    166    892
    63   1452    161    887
    64   1489    135    876
    65   1498    128    874
    66   1525    122    853
    67   1561    137    802
    68   1561    137    802
    69   1543    159    798
    70   1546    151    803
    71   1518    154    828
    72   1490    165    845
    73   1472    181    847
    74   1494    165    841
    75   1500    153    847
    76   1517    132    851
    77   1522    162    816
    78   1532    153    815
    79   1551    160    789
    80   1556    151    793
    81   1554    168    778
    82   1555    159    786
    83   1537    187    776
    84   1556    161    783
    85   1564    155    781
    86   1550    163    787
    87   1543    159    798
    88   1549    143    808
    89   1569    142    789
    90   1583    129    788
    91   1591    143    766
    92   1610    137    753
    93   1610    128    762
    94   1605    150    745
    95   1605    160    735
    96   1578    182    740
    97   1549    180    771
    98   1542    183    775
    99   1518    187    795
   100   1508    176    816
   101   1492    161    847
   102   1496    162    842
   103   1524    139    837
   104   1564    126    810
   105   1575    136    789
   106   1589    143    768
   107   1623    115    762
   108   1660    100    740
   109   1675    100    725
   110   1684    107    709
   111   1682    100    718
   112   1720     96    684
   113   1755     75    670
   114   1760     82    658
   115   1769     92    639
   116   1781     88    631
   117   1766    109    625
   118   1775    106    619
   119   1804     97    599
   120   1806     96    598
   121   1792    113    595
   122   1769    133    598
   123   1759    130    611
   124   1756    130    614
   125   1743    144    613
   126   1716    157    627
   127   1688    161    651
   128   1666    172    662
   129   1659    150    691
   130   1663    156    681
   131   1648    149    703
   132   1626    140    734
   133   1636    123    741
   134   1638    110    752
   135   1643    115    742
   136   1647    108    745
   137   1653    119    728
   138   1635    142    723
   139   1623    139    738
   140   1624    146    730
   141   1616    133    751
   142   1634    135    731
   143   1615    145    740
   144   1613    146    741
   145   1595    173    732
   146   1578    181    741
   147   1553    204    743
   148   1545    202    753
   149   1526    204    770
   150   1505    178    817
   151   1501    159    840
   152   1508    150    842
   153   1513    153    834
   154   1550    148    802
   155   1555    169    776
   156   1551    163    786
   157   1520    190    790
   158   1503    192    805
   159   1493    180    827
   160   1495    166    839
   161   1513    142    845
   162   1529    132    839
   163   1555    147    798
   164   1557    148    795
   165   1566    148    786
   166   1582    140    778
   167   1554    164    782
   168   1549    182    769
   169   1532    174    794
   170   1544    164    792
   171   1531    178    791
   172   1533    176    791
   173   1504    174    822
   174   1502    169    829
   175   1497    165    838
   176   1472    185    843
   177   1470    184    846
   178   1453    181    866
   179   1449    183    868
   180   1424    204    872
   181   1428    184    888
   182   1432    176    892
   183   1464    155    881
   184   1458    165    877
   185   1448    180    872
   186   1453    168    879
   187   1473    114    913
   188   1497    112    891
   189   1534    102    864
   190   1576     87    837
   191   1628     88    784
   192   1651     97    752
   193   1654    115    731
   194   1650    145    705
   195   1661    131    708
   196   1661    146    693
   197   1620    157    723
   198   1613    151    736
   199   1628    144    728
   200   1630    151    719
   201   1603    151    746
   202   1607    146    747
   203   1616    138    746
   204   1629    135    736
   205   1619    151    730
   206   1614    150    736
   207   1612    152    736
   208   1618    144    738
   209   1612    150    738
   210   1624    134    742
   211   1611    153    736
   212   1609    157    734
   213   1608    157    735
   214   1607    155    738
   215   1605    149    746
   216   1629    129    742
   217   1641    117    742
   218   1651    111    738
   219   1647    141    712
   220   1618    165    717
   221   1596    175    729
   222   1577    196    727
   223   1564    198    738
   224   1566    178    756
   225   1557    170    773
   226   1541    176    783
   227   1553    157    790
   228   1529    183    788
   229   1520    174    806
   230   1499    160    841
   231   1496    157    847
   232   1485    175    840
   233   1494    160    846
   234   1487    178    835
   235   1456    190    854
   236   1418    211    871
   237   1422    185    893
   238   1455    163    882
   239   1448    177    875
   240   1455    179    866
   241   1458    168    874
   242   1441    189    870
   243   1438    194    868
   244   1478    163    859
   245   1492    154    854
   246   1499    138    863
   247   1512    150    838
   248   1508    164    828
   249   1510    152    838
   250   1512    154    834
   251   1531    142    827
   252   1537    140    823
   253   1556    136    808
   254   1576    130    794
   255   1594    129    777
   256   1613    124    763
   257   1619    125    756
   258   1621    143    736
   259   1622    143    735
   260   1625    149    726
   261   1610    155    735
   262   1587    175    738
   263   1581    169    750
   264   1559    158    783
   265   1571    162    767
   266   1552    181    767
   267   1541    166    793
   268   1552    163    785
   269   1532    183    785
   270   1535    172    793
   271   1536    166    798
   272   1534    170    796
   273   1506    191    803
   274   1468    201    831
   275   1463    190    847
   276   1426    204    870
   277   1404    205    891
   278   1393    197    910
   279   1410    172    918
   280   1398    185    917
   281   1373    200    927
   282   1388    175    937
   283   1410    165    925
   284   1418    150    932
   285   1430    149    921
   286   1439    147    914
   287   1436    176    888
   288   1432    181    887
   289   1433    180    887
   290   1425    179    896
   291   1432    166    902
   292   1454    167    879
   293   1429    192    879
   294   1439    183    878
   295   1421    180    899
   296   1419    194    887
   297   1434    166    900
   298   1459    170    871
   299   1470    170    860
   300   1470    151    879
   301   1482    151    867
   302   1479    155    866
   303   1474    152    874
   304   1482    152    866
   305   1483    137    880
   306   1490    151    859
   307   1478    155    867
   308   1481    169    850
   309   1485    173    842
   310   1467    181    852
   311   1447    172    881
   312   1441    179    880
   313   1442    170    888
   314   1458    157    885
   315   1484    145    871
   316   1518    124    858
   317   1538    131    831
   318   1555    121    824
   319   1579    122    799
   320   1582    118    800
   321   1630    107    763
   322   1663     88    749
   323   1703     76    721
   324   1745     69    686
   325   1782     77    641
   326   1805     91    604
   327   1806    106    588
   328   1816    107    577
   329   1805    117    578
   330   1798    103    599
   331   1798    104    598
   332   1786    118    596
   333   1785    122    593
   334   1763    147    590
   335   1762    126    612
   336   1762    122    616
   337   1731    131    638
   338   1710    141    649
   339   1709    137    654
   340   1701    129    670
   341   1693    144    663
   342   1681    157    662
   343   1683    160    657
   344   1668    173    659
   345   1652    164    684
   346   1632    166    702
   347   1611    185    704
   348   1603    176    721
   349   1593    168    739
   350   1568    182    750
   351   1557    186    757
   352   1515    182    803
   353   1500    173    827
   354   1502    146    852
   355   1513    150    837
   356   1486    166    848
   357   1479    173    848
   358   1490    156    854
   359   1492    167    841
   360   1504    167    829
   361   1503    175    822
   362   1481    192    827
   363   1488    188    824
   364   1491    171    838
   365   1495    165    840
   366   1476    186    838
   367   1482    180    838
   368   1473    160    867
   369   1466    175    859
   370   1463    162    875
   371   1505    129    866
   372   1529    115    856
   373   1554    123    823
   374   1544    138    818
   375   1555    144    801
   376   1550    135    815
   377   1558    137    805
   378   1585    124    791
   379   1610    127    763
   380   1617    112    771
   381   1638    101    761
   382   1676    103    721
   383   1708    100    692
   384   1710    100    690
   385   1732     95    673
   386   1756     85    659
   387   1793     78    629
   388   1802     86    612
   389   1819     77    604
   390   1825     83    592
   391   1828     93    579
   392   1835    103    562
   393   1830     98    572
   394   1834     99    567
   395   1837     95    568
   396   1848     98    554
   397   1848    102    550
   398   1836    109    555
   399   1819    116    565
   400   1796    141    563
   401   1770    144    586
   402   1756    157    587
   403   1747    138    615
   404   1718    157    625
   405   1678    182    640
   406   1666    173    661
   407   1631    191    678
   408   1603    189    708
   409   1582    184    734
   410   1560    190    750
   411   1539    181    780
   412   1515    179    806
   413   1491    208    801
   414   1469    190    841
   415   1462    175    863
   416   1490    161    849
   417   1478    153    869
   418   1492    153    855
   419   1484    153    863
   420   1490    170    840
   421   1498    156    846
   422   1490    174    836
   423   1488    165    847
   424   1514    161    825
   425   1533    140    827
   426   1525    146    829
   427   1537    133    830
   428   1566    123    811
   429   1600    108    792
   430   1623    102    775
   431   1652     96    752
   432   1672    113    715
   433   1688    123    689
   434   1695    122    683
   435   1716    122    662
   436   1718    116    666
   437   1708    125    667
   438   1724    127    649
   439   1743    130    627
   440   1746    129    625
   441   1707    151    642
   442   1714    136    650
   443   1744    134    622
   444   1731    128    641
   445   1728    129    643
   446   1731    122    647
   447   1738    113    649
   448   1737    122    641
   449   1737    126    637
   450   1748    136    616
   451   1740    120    640
   452   1749    107    644
   453   1763    106    631
   454   1760    109    631
   455   1757    127    616
   456   1762    128    610
   457   1742    143    615
   458   1720    151    629
   459   1728    123    649
   460   1736    126    638
   461   1733    109    658
   462   1740    114    646
   463   1734    121    645
   464   1731    139    630
   465   1708    158    634
   466   1705    158    637
   467   1708    153    639
   468   1664    177    659
   469   1637    172    691
   470   1623    155    722
   471   1589    181    730
   472   1588    170    742
   473   1579    179    742
   474   1527    191    782
   475   1496    199    805
   476   1496    189    815
   477   1488    185    827
   478   1480    186    834
   479   1474    166    860
   480   1470    169    861
   481   1454    172    874
   482   1463    172    865
   483   1482    140    878
   484   1503    143    854
   485   1506    149    845
   486   1507    146    847
   487   1525    140    835
   488   1513    162    825
   489   1504    172    824
   490   1523    167    810
   491   1525    163    812
   492   1532    153    815
   493   1538    159    803
   494   1532    155    813
   495   1530    161    809
   496   1511    179    810
   497   1491    182    827
   498   1462    200    838
   499   1447    202    851
   500   1447    200    853
   501   1430    197    873
   502   1439    171    890
   503   1466    152    882
   504   1482    142    876
   505   1488    136    876
   506   1483    161    856
   507   1493    159    848
   508   1501    158    841
   509   1500    156    844
   510   1503    153    844
   511   1523    147    830
   512   1515    138    847
   513   1551    123    826
   514   1563    114    823
   515   1602    110    788
   516   1627    109    764
   517   1646     98    756
   518   1670     99    731
   519   1687    111    702
   520   1688    104    708
   521   1687    111    702
   522   1710    108    682
   523   1721    116    663
   524   1743    108    649
   525   1753    107    640
   526   1742    116    642
   527   1744    110    646
   528   1713    135    652
   529   1680    180    640
   530   1654    182    664
   531   1620    198    682
   532   1586    195    719
   533   1532    208    760
   534   1496    215    789
   535   1460    217    823
   536   1426    223    851
   537   1399    227    874
   538   1391    229    880
   539   1379    198    923
   540   1384    177    939
   541   1427    134    939
   542   1437    128    935
   543   1477    132    891
   544   1516    121    863
   545   1527    126    847
   546   1547    131    822
   547   1548    139    813
   548   1574    136    790
   549   1582    128    790
   550   1594    146    760
   551   1574    161    765
   552   1572    176    752
   553   1568    150    782
   554   1599    132    769
   555   1622    126    752
   556   1633    120    747
   557   1637    124    739
   558   1650    134    716
   559   1656    141    703
   560   1641    148    711
   561   1620    147    733
   562   1613    156    731
   563   1593    165    742
   564   1576    165    759
   565   1587    138    775
   566   1606    122    772
   567   1630    114    756
   568   1651    102    747
   569   1663    107    730
   570   1669    100    731
   571   1683    117    700
   572   1681    130    689
   573   1670    140    690
   574   1668    154    678
   575   1658    154    688
   576   1658    151    691
   577   1645    164    691
   578   1591    211    698
   579   1541    224    735
   580   1524    213    763
   581   1502    205    793
   582   1468    206    826
   583   1452    213    835
   584   1426    206    868
   585   1421    214    865
   586   1403    199    898
   587   1380    210    910
   588   1377    207    916
   589   1376    204    920
   590   1360    224    916
   591   1373    173    954
   592   1406    146    948
   593   1447    132    921
   594   1453    141    906
   595   1477    136    887
   596   1494    137    869
   597   1521    132    847
   598   1546    121    833
   599   1577    127    796
   600   1602    116    782
   601   1627    109    764
   602   1639    106    755
   603   1648    110    742
   604   1673    109    718
   605   1687    114    699
   606   1691    120    689
   607   1686    123    691
   608   1687    121    692
   609   1693    131    676
   610   1688    120    692
   611   1688    126    686
   612   1697    125    678
   613   1701    135    664
   614   1688    150    662
   615   1683    144    673
   616   1676    140    684
   617   1651    153    696
   618   1650    163    687
   619   1640    146    714
   620   1616    170    714
   621   1588    174    738
   622   1563    182    755
   623   1560    178    762
   624   1547    169    784
   625   1558    175    767
   626   1540    184    776
   627   1525    187    788
   628   1510    186    804
   629   1534    161    805
   630   1517    186    797
   631   1531    157    812
   632   1509    189    802
   633   1506    178    816
   634   1492    191    817
   635   1486    193    821
   636   1492    178    830
   637   1461    172    867
   638   1458    187    855
   639   1455    186    859
   640   1447    202    851
   641   1439    183    878
   642   1425    183    892
   643   1425    150    925
   644   1426    145    929
   645   1468    123    909
   646   1522    126    852
   647   1532    130    838
   648   1555    115    830
   649   1567    114    819
   650   1603    115    782
   651   1610     96    794
   652   1668     91    741
   653   1699    109    692
   654   1697    120    683
   655   1701    125    674
   656   1702    121    677
   657   1705    117    678
   658   1704    116    680
   659   1706    116    678
   660   1721    112    667
   661   1740    112    648
   662   1724    118    658
   663   1744    117    639
   664   1745    112    643
   665   1758     98    644
   666   1790     95    615
   667   1789     96    615
   668   1796     91    613
   669   1816     96    588
   670   1825     91    584
   671   1863     77    560
   672   1883     77    540
   673   1903     59    538
   674   1933     57    510
   675   1970     57    473
   676   1986     51    463
   677   2011     55    434
   678   2018     64    418
   679   2014     76    410
   680   2007     90    403
   681   2004     86    410
   682   1995     95    410
   683   1990     94    416
   684   1990    106    404
   685   1969    123    408
   686   1945    123    432
   687   1908    141    451
   688   1888    149    463
   689   1847    170    483
   690   1798    190    512
   691   1737    196    567
   692   1675    219    606
   693   1613    246    641
   694   1543    248    709
   695   1501    249    750
   696   1451    261    788
   697   1381    268    851
   698   1347    260    893
   699   1341    236    923
   700   1328    241    931
   701   1349    209    942
   702   1322    227    951
   703   1310    216    974
   704   1293    213    994
   705   1296    211    993
   706   1335    185    980
   707   1366    170    964
   708   1397    160    943
   709   1421    162    917
   710   1417    163    920
   711   1402    185    913
   712   1411    196    893
   713   1403    190    907
   714   1412    165    923
   715   1430    161    909
   716   1449    154    897
   717   1448    176    876
   718   1417    218    865
   719   1433    195    872
   720   1417    177    906
   721   1441    172    887
   722   1430    175    895
   723   1434    190    876
   724   1411    186    903
   725   1411    175    914
   726   1391    174    935
   727   1406    176    918
   728   1417    178    905
   729   1427    175    898
   730   1440    152    908
   731   1461    135    904
   732   1484    140    876
   733   1497    140    863
   734   1506    145    849
   735   1531    130    839
   736   1543    135    822
   737   1569    115    816
   738   1593    129    778
   739   1584    138    778
   740   1604    131    765
   741   1599    153    748
   742   1587    172    741
   743   1572    164    764
   744   1577    143    780
   745   1598    118    784
   746   1627    120    753
   747   1637    127    736
   748   1627    136    737
   749   1645    139    716
   750   1598    163    739
   751   1585    168    747
   752   1579    172    749
   753   1559    187    754
   754   1562    169    769
   755   1561    166    773
   756   1576    156    768
   757   1587    156    757
   758   1569    163    768
   759   1573    160    767
   760   1571    157    772
   761   1544    167    789
   762   1522    181    797
   763   1484    212    804
   764   1487    181    832
   765   1479    182    839
   766   1476    168    856
   767   1515    146    839
   768   1549    134    817
   769   1556    139    805
   770   1580    128    792
   771   1596    135    769
   772   1602    141    757
   773   1616    139    745
   774   1600    155    745
   775   1591    144    765
   776   1604    139    757
   777   1607    135    758
   778   1621    127    752
   779   1633    129    738
   780   1642    138    720
   781   1647    138    715
   782   1633    142    725
   783   1607    165    728
   784   1604    167    729
   785   1610    164    726
   786   1616    140    744
   787   1626    142    732
   788   1641    140    719
   789   1639    142    719
   790   1625    150    725
   791   1613    154    733
   792   1603    163    734
   793   1603    154    743
   794   1598    163    739
   795   1553    183    764
   796   1527    193    780
   797   1492    204    804
   798   1497    189    814
   799   1506    186    808
   800   1467    206    827
   801   1440    224    836
   802   1445    196    859
   803   1446    188    866
   804   1457    190    853
   805   1441    180    879
   806   1439    184    877
   807   1420    196    884
   808   1395    218    887
   809   1391    185    924
   810   1397    175    928
   811   1399    164    937
   812   1395    165    940
   813   1395    164    941
   814   1407    167    926
   815   1405    199    896
   816   1395    191    914
   817   1394    202    904
   818   1403    191    906
   819   1407    193    900
   820   1396    203    901
   821   1398    187    915
   822   1410    204    886
   823   1402    221    877
   824   1375    226    899
   825   1360    222    918
   826   1324    256    920
   827   1332    219    949
   828   1338    197    965
   829   1343    189    968
   830   1359    195    946
   831   1364    185    951
   832   1365    185    950
   833   1384    182    934
   834   1402    171    927
   835   1387    194    919
   836   1403    165    932
   837   1421    145    934
   838   1441    138    921
   839   1454    144    902
   840   1490    133    877
   841   1530    124    846
   842   1556    129    815
   843   1565    127    808
   844   1586    123    791
   845   1602    130    768
   846   1627    114    759
   847   1635    129    736
   848   1630    146    724
   849   1629    136    735
   850   1625    143    732
   851   1606    154    740
   852   1623    155    722
   853   1619    150    731
   854   1612    154    734
   855   1597    160    743
   856   1600    162    738
   857   1591    162    747
   858   1565    176    759
   859   1528    200    772
   860   1478    215    807
   861   1449    236    815
   862   1385    242    873
   863   1338    262    900
   864   1320    253    927
   865   1320    231    949
   866   1321    212    967
   867   1316    204    980
   868   1331    205    964
   869   1319    202    979
   870   1322    191    987
   871   1330    183    987
   872   1344    182    974
   873   1339    179    982
   874   1331    202    967
   875   1325    201    974
   876   1300    214    986
   877   1325    193    982
   878   1328    194    978
   879   1331    189    980
   880   1369    146    985
   881   1389    157    954
   882   1405    154    941
   883   1420    158    922
   884   1459    146    895
   885   1468    145    887
   886   1519    142    839
   887   1528    147    825
   888   1535    141    824
   889   1542    148    810
   890   1559    136    805
   891   1572    132    796
   892   1587    132    781
   893   1603    139    758
   894   1629    125    746
   895   1642    122    736
   896   1655    126    719
   897   1668    125    707
   898   1652    141    707
   899   1622    153    725
   900   1594    180    726
   901   1550    217    733
   902   1535    201    764
   903   1484    219    797
   904   1462    220    818
   905   1414    228    858
   906   1381    213    906
   907   1380    193    927
   908   1385    191    924
   909   1400    189    911
   910   1404    180    916
   911   1406    180    914
   912   1418    161    921
   913   1433    172    895
   914   1432    167    901
   915   1419    186    895
   916   1442    168    890
   917   1435    172    893
   918   1463    148    889
   919   1457    157    886
   920   1457    167    876
   921   1449    167    884
   922   1463    155    882
   923   1459    162    879
   924   1463    164    873
   925   1476    161    863
   926   1504    153    843
   927   1514    157    829
   928   1526    153    821
   929   1530    149    821
   930   1552    143    805
   931   1531    158    811
   932   1519    160    821
   933   1516    182    802
   934   1500    187    813
   935   1473    199    828
   936   1470    199    831
   937   1446    196    858
   938   1447    185    868
   939   1439    190    871
   940   1439    173    888
   941   1434    173    893
   942   1437    178    885
   943   1432    188    880
   944   1424    201    875
   945   1426    197    877
   946   1398    205    897
   947   1385    225    890
   948   1359    220    921
   949   1304    261    935
   950   1276    237    987
   951   1285    224    991
   952   1302    203    995
   953   1321    198    981
   954   1327    189    984
   955   1338    199    963
   956   1348    192    960
   957   1370    197    933
   958   1362    196    942
   959   1350    200    950
   960   1343    197    960
   961   1373    169    958
   962   1405    171    924
   963   1431    155    914
   964   1466    137    897
   965   1475    156    869
   966   1472    149    879
   967   1491    129    880
   968   1499    130    871
   969   1506    148    846
   970   1500    161    839
   971   1486    180    834
   972   1490    151    859
   973   1486    153    861
   974   1503    154    843
   975   1516    141    843
   976   1525    148    827
   977   1537    132    831
   978   1551    136    813
   979   1572    137    791
   980   1587    123    790
   981   1623    100    777
   982   1659     92    749
   983   1677     99    724
   984   1700     86    714
   985   1727    100    673
   986   1740     90    670
   987   1772     81    647
   988   1799     75    626
   989   1812     80    608
   990   1839     74    587
   991   1861     70    569
   992   1885     65    550
   993   1911     67    522
   994   1928     71    501
   995   1940     69    491
   996   1954     57    489
   997   1960     67    473
   998   1963     85    452
   999   1960     90    450
  1000   1958     94    448
