# time (sweeps) | Susceptible | Infected | Recovered
     0    730    931    839
     1    807    910    783
     2    784    956    760
     3    779    951    770
     4    807    938    755
     5    754    940    806
     6    739    960    801
     7    762    960    778
     8    772    935    793
     9    770    953    777
    10    760    974    766
    11    750    923    827
    12    764    957    779
    13    711   1004    785
    14    775    896    829
    15    803    920    777
    16    755    945    800
    17    736    975    789
    18    732    973    795
    19    767    943    790
    20    760    957    783
    21    727    992    781
    22    774    976    750
    23    759    970    771
    24    760    968    772
    25    760    975    765
    26    775    940    785
    27    798    923    779
    28    775    966    759
    29    776    939    785
    30    763    918    819
    31    755    933    812
    32    738    942    820
    33    713    987    800
    34    745    981    774
    35    727    975    798
    36    756    934    810
    37    755    948    797
    38    768    960    772
    39    758    954    788
    40    793    914    793
    41    791    911    798
    42    826    924    750
    43    793    955    752
    44    765    972    763
    45    715    984    801
    46    774    914    812
    47    799    930    771
    48    744    951    805
    49    756    947    797
    50    751    960    789
    51    781    906    813
    52    826    942    732
    53    737    976    787
    54    732    957    811
    55    780    930    790
    56    730    956    814
    57    714    949    837
    58    711    945    844
    59    766    910    824
    60    740    961    799
    61    765    977    758
    62    776    934    790
    63    750    944    806
    64    750    988    762
    65    725    994    781
    66    718    999    783
    67    737    982    781
    68    727    950    823
    69    792    898    810
    70    777    965    758
    71    774    940    786
    72    783    919    798
    73    800    910    790
    74    822    903    775
    75    737    956    807
    76    760    935    805
    77    750    972    778
    78    769    998    733
    79    756    989    755
    80    739    991    770
    81    695    983    822
    82    734    974    792
    83    754    951    795
    84    763    971    766
    85    803    913    784
    86    785    936    779
    87    787    936    777
    88    812    916    772
    89    773    936    791
    90    771    932    797
    91    805    912    783
    92    797    886    817
    93    815    928    757
    94    800    965    735
    95    738    982    780
    96    728    967    805
    97    779    961    760
    98    800    914    786
    99    811    933    756
   100    789    943    768
   101    776    963    761
   102    775    953    772
   103    765    953    782
   104    766    946    788
   105    770    933    797
   106    780    921    799
   107    771    947    782
   108    798    925    777
   109    790    942    768
   110    728    964    808
   111    745    917    838
   112    767    971    762
   113    769    939    792
   114    742    915    843
   115    770    924    806
   116    781    949    770
   117    744    956    800
   118    751    925    824
   119    796    905    799
   120    819    932    749
   121    747    965    788
   122    772    954    774
   123    731    976    793
   124    761    950    789
   125    746    961    793
   126    779    969    752
   127    732    995    773
   128    707   1005    788
   129    725    939    836
   130    810    889    801
   131    778    941    781
   132    767    957    776
   133    772    935    793
   134    792    929    779
   135    770    950    780
   136    731    942    827
   137    779    907    814
   138    821    880    799
   139    794    922    784
   140    742    966    792
   141    743    976    781
   142    756    961    783
   143    783    926    791
   144    800    912    788
   145    819    935    746
   146    784    962    754
   147    702    960    838
   148    738    947    815
   149    771    927    802
   150    806    902    792
   151    775    918    807
   152    782    941    777
   153    761    971    768
   154    753    976    771
   155    735    972    793
   156    740    971    789
   157    720    984    796
   158    724    984    792
   159    708    972    820
   160    762    917    821
   161    820    864    816
   162    834    885    781
   163    782    925    793
   164    800    918    782
   165    787    940    773
   166    783    945    772
   167    794    947    759
   168    743    961    796
   169    777    960    763
   170    763    985    752
   171    757    992    751
   172    795    947    758
   173    770    952    778
   174    766    967    767
   175    731    959    810
   176    768    927    805
   177    799    898    803
   178    816    901    783
   179    814    924    762
   180    824    908    768
   181    769    977    754
   182    731    983    786
   183    765    932    803
   184    747    932    821
   185    796    912    792
   186    831    908    761
   187    748    975    777
   188    794    902    804
   189    754    965    781
   190    723    970    807
   191    737    946    817
   192    772    918    810
   193    805    915    780
   194    755    982    763
   195    683   1034    783
   196    750    949    801
   197    764    941    795
   198    757    957    786
   199    751    944    805
   200    818    919    763
   201    785    939    776
   202    728    977    795
   203    743    949    808
   204    752    936    812
   205    762    962    776
   206    734    964    802
   207    747    952    801
   208    795    939    766
   209    789    945    766
   210    814    941    745
   211    786    970    744
   212    789    950    761
   213    755    967    778
   214    746    998    756
   215    766    958    776
   216    769    972    759
   217    754    962    784
   218    745    955    800
   219    740    966    794
   220    766    919    815
   221    768    928    804
   222    757    945    798
   223    753    962    785
   224    760    925    815
   225    793    916    791
   226    744    922    834
   227    754    914    832
   228    816    875    809
   229    770    957    773
   230    753    922    825
   231    763    932    805
   232    796    908    796
   233    776    920    804
   234    810    935    755
   235    786    976    738
   236    760    959    781
   237    773    971    756
   238    743    946    811
   239    815    872    813
   240    825    870    805
   241    846    898    756
   242    784    957    759
   243    806    922    772
   244    760    947    793
   245    758    975    767
   246    741    972    787
   247    735   1001    764
   248    728    973    799
   249    734    945    821
   250    750    925    825
   251    820    878    802
   252    799    930    771
   253    781    946    773
   254    717   1001    782
   255    719    998    783
   256    755    960    785
   257    736    960    804
   258    737    943    820
   259    702    983    815
   260    731    958    811
   261    755    940    805
   262    735    967    798
   263    708    957    835
   264    745    917    838
   265    724   1009    767
   266    758    936    806
   267    723    958    819
   268    747    929    824
   269    759    931    810
   270    774    956    770
   271    737   1005    758
   272    706    985    809
   273    713    964    823
   274    734    945    821
   275    744    953    803
   276    731    970    799
   277    777    907    816
   278    811    907    782
   279    780    945    775
   280    728    949    823
   281    772    924    804
   282    727    930    843
   283    773    949    778
   284    764    917    819
   285    803    904    793
   286    808    944    748
   287    817    941    742
   288    734   1009    757
   289    804    936    760
   290    774    968    758
   291    797    957    746
   292    790    935    775
   293    781    925    794
   294    749    944    807
   295    760    931    809
   296    734    957    809
   297    725    964    811
   298    730    946    824
   299    779    942    779
   300    792    937    771
   301    790    950    760
   302    772    983    745
   303    732   1017    751
   304    708   1001    791
   305    730    957    813
   306    771    933    796
   307    795    910    795
   308    779    986    735
   309    794    928    778
   310    825    893    782
   311    812    940    748
   312    754    958    788
   313    832    912    756
   314    752    991    757
   315    761    954    785
   316    735    964    801
   317    760    919    821
   318    736    987    777
   319    747    917    836
   320    790    886    824
   321    801    922    777
   322    777   1010    713
   323    776    977    747
   324    794    971    735
   325    755    989    756
   326    783    942    775
   327    803    950    747
   328    781    980    739
   329    758   1003    739
   330    740    963    797
   331    788    919    793
   332    768    901    831
   333    804    916    780
   334    798    929    773
   335    787    953    760
   336    766    936    798
   337    761    933    806
   338    768    973    759
   339    746    965    789
   340    776    945    779
   341    770    924    806
   342    728    981    791
   343    778    927    795
   344    775    977    748
   345    707    987    806
   346    703    970    827
   347    748    966    786
   348    727    945    828
   349    754    905    841
   350    788    877    835
   351    792    912    796
   352    787    895    818
   353    779    958    763
   354    771    930    799
   355    770    971    759
   356    739    975    786
   357    740    981    779
   358    737    950    813
   359    784    905    811
   360    764    940    796
   361    794    933    773
   362    799    919    782
   363    796    933    771
   364    793    922    785
   365    766    937    797
   366    765    942    793
   367    758    989    753
   368    765    971    764
   369    740    969    791
   370    733    979    788
   371    760    967    773
   372    747    977    776
   373    747    947    806
   374    753    968    779
   375    747    960    793
   376    766    924    810
   377    765    934    801
   378    773    944    783
   379    743    980    777
   380    731    926    843
   381    776    887    837
   382    787    890    823
   383    807    918    775
   384    841    896    763
   385    798    901    801
   386    777    992    731
   387    746    974    780
   388    719    948    833
   389    767    916    817
   390    832    882    786
   391    779    942    779
   392    764    956    780
   393    798    919    783
   394    754    948    798
   395    774    936    790
   396    778    938    784
   397    784    928    788
   398    767    941    792
   399    742    938    820
   400    774    919    807
   401    810    890    800
   402    797    907    796
   403    708   1003    789
   404    773    915    812
   405    776    938    786
   406    791    919    790
   407    754    931    815
   408    751    941    808
   409    770    916    814
   410    774    922    804
   411    763    935    802
   412    786    911    803
   413    811    925    764
   414    750    954    796
   415    701    967    832
   416    730    927    843
   417    754    896    850
   418    793    921    786
   419    826    891    783
   420    784    946    770
   421    809    874    817
   422    802    914    784
   423    816    908    776
   424    780    934    786
   425    745    961    794
   426    770    929    801
   427    742    944    814
   428    764    927    809
   429    806    918    776
   430    764    960    776
   431    777    957    766
   432    771    965    764
   433    753    970    777
   434    757    973    770
   435    760    945    795
   436    794    938    768
   437    771    974    755
   438    731    999    770
   439    731    967    802
   440    700    989    811
   441    725    964    811
   442    755    930    815
   443    790    906    804
   444    804    916    780
   445    807    911    782
   446    787    944    769
   447    755    929    816
   448    787    925    788
   449    800    934    766
   450    747    930    823
   451    773    935    792
   452    748    942    810
   453    735    974    791
   454    753    929    818
   455    758    970    772
   456    771    942    787
   457    756    972    772
   458    726    998    776
   459    745    931    824
   460    730    949    821
   461    733    939    828
   462    749    964    787
   463    753    969    778
   464    707    953    840
   465    757    910    833
   466    752    912    836
   467    734    945    821
   468    780    881    839
   469    782    935    783
   470    780    954    766
   471    776    964    760
   472    763    961    776
   473    751    958    791
   474    750    975    775
   475    701   1015    784
   476    748    949    803
   477    751    945    804
   478    780    948    772
   479    753    969    778
   480    773    911    816
   481    761    924    815
   482    772    935    793
   483    759    968    773
   484    749    971    780
   485    749    934    817
   486    768    934    798
   487    763    994    743
   488    728    993    779
   489    740    949    811
   490    747    922    831
   491    779    898    823
   492    775    893    832
   493    782    931    787
   494    786    954    760
   495    773    978    749
   496    760    968    772
   497    792    912    796
   498    762    924    814
   499    771    917    812
   500    735    942    823
   501    786    920    794
   502    760    936    804
   503    785    927    788
   504    772    954    774
   505    676   1015    809
   506    703    972    825
   507    726    902    872
   508    730    899    871
   509    771    882    847
   510    803    885    812
   511    780    922    798
   512    773    934    793
   513    778    953    769
   514    787    954    759
   515    794    935    771
   516    778    942    780
   517    807    909    784
   518    746    959    795
   519    800    901    799
   520    844    883    773
   521    797    937    766
   522    761    979    760
   523    786    940    774
   524    754    976    770
   525    733    978    789
   526    724    948    828
   527    779    953    768
   528    741    977    782
   529    704    994    802
   530    738    990    772
   531    766    983    751
   532    797    949    754
   533    769    966    765
   534    778    955    767
   535    760    951    789
   536    781    937    782
   537    802    920    778
   538    754    949    797
   539    746    984    770
   540    727    970    803
   541    801    908    791
   542    817    910    773
   543    778    950    772
   544    755    967    778
   545    779    984    737
   546    746    977    777
   547    715    956    829
   548    743    974    783
   549    724    952    824
   550    779    923    798
   551    790    916    794
   552    787    932    781
   553    736    985    779
   554    736    954    810
   555    761    961    778
   556    724    968    808
   557    727    992    781
   558    734    963    803
   559    745    960    795
   560    768    971    761
   561    744    978    778
   562    747    946    807
   563    735    939    826
   564    765    937    798
   565    841    914    745
   566    772    961    767
   567    726   1017    757
   568    700    994    806
   569    752    933    815
   570    803    922    775
   571    765    957    778
   572    793    941    766
   573    814    908    778
   574    850    873    777
   575    788    929    783
   576    816    916    768
   577    782    981    737
   578    714    999    787
   579    719   1009    772
   580    728    974    798
   581    705    961    834
   582    752    954    794
   583    712    984    804
   584    755    930    815
   585    798    931    771
   586    778    951    771
   587    775    911    814
   588    782    956    762
   589    766    946    788
   590    727    943    830
   591    791    914    795
   592    797    913    790
   593    838    885    777
   594    769    950    781
   595    812    927    761
   596    824    925    751
   597    752    965    783
   598    718   1002    780
   599    719    982    799
   600    737    915    848
   601    824    905    771
   602    769    930    801
   603    840    878    782
   604    837    877    786
   605    800    885    815
   606    767    929    804
   607    749    926    825
   608    776    937    787
   609    767    937    796
   610    754    938    808
   611    765    934    801
   612    799    956    745
   613    798    928    774
   614    805    918    777
   615    760    945    795
   616    779    940    781
   617    739    941    820
   618    784    930    786
   619    782    945    773
   620    760    971    769
   621    726    956    818
   622    703   1000    797
   623    742    970    788
   624    773    950    777
   625    751    969    780
   626    731    984    785
   627    766    968    766
   628    694    982    824
   629    732    952    816
   630    758    950    792
   631    790    969    741
   632    776    963    761
   633    713   1011    776
   634    694    978    828
   635    717    969    814
   636    727    992    781
   637    738    954    808
   638    774    940    786
   639    764    958    778
   640    700   1009    791
   641    728    929    843
   642    827    903    770
   643    837    918    745
   644    788    973    739
   645    770    968    762
   646    729    981    790
   647    757    898    845
   648    774    896    830
   649    767    948    785
   650    773    915    812
   651    739    955    806
   652    777    919    804
   653    787    916    797
   654    835    914    751
   655    786    969    745
   656    723    972    805
   657    787    921    792
   658    795    976    729
   659    719    980    801
   660    756    927    817
   661    780    939    781
   662    795    909    796
   663    800    932    768
   664    789    916    795
   665    785    909    806
   666    760    971    769
   667    709    986    805
   668    749    965    786
   669    786    942    772
   670    723    994    783
   671    751    968    781
   672    742    954    804
   673    774    930    796
   674    737    960    803
   675    751    959    790
   676    752    938    810
   677    764    961    775
   678    740   1004    756
   679    711    991    798
   680    751    921    828
   681    770    907    823
   682    816    888    796
   683    808    918    774
   684    810    930    760
   685    797    932    771
   686    783    906    811
   687    800    898    802
   688    811    885    804
   689    837    903    760
   690    762    953    785
   691    787    956    757
   692    761    955    784
   693    727    921    852
   694    769    923    808
   695    770    911    819
   696    753    958    789
   697    770    930    800
   698    783    921    796
   699    788    953    759
   700    753    979    768
   701    753    972    775
   702    740    954    806
   703    774    924    802
   704    709   1025    766
   705    674   1024    802
   706    729    971    800
   707    750    973    777
   708    797    930    773
   709    768    906    826
   710    746    934    820
   711    782    955    763
   712    726    943    831
   713    755    929    816
   714    805    909    786
   715    759    990    751
   716    779    940    781
   717    773    952    775
   718    754    919    827
   719    791    925    784
   720    754    952    794
   721    726    964    810
   722    706    984    810
   723    683    966    851
   724    724    907    869
   725    832    888    780
   726    777    939    784
   727    817    912    771
   728    743    948    809
   729    759    943    798
   730    784    950    766
   731    744    949    807
   732    785    937    778
   733    769    958    773
   734    763    935    802
   735    803    911    786
   736    778    908    814
   737    796    944    760
   738    795    939    766
   739    791    978    731
   740    770    939    791
   741    761    943    796
   742    809    915    776
   743    768    928    804
   744    790    894    816
   745    782    917    801
   746    778    915    807
   747    782    938    780
   748    755   1000    745
   749    766    936    798
   750    781    920    799
   751    783    944    773
   752    760    959    781
   753    763    951    786
   754    740    983    777
   755    713   1028    759
   756    736    971    793
   757    743    968    789
   758    767    952    781
   759    747   1010    743
   760    747    962    791
   761    770    930    800
   762    726    962    812
   763    746    960    794
   764    787    939    774
   765    792    958    750
   766    745   1008    747
   767    724    988    788
   768    722    980    798
   769    750    930    820
   770    722    960    818
   771    751    940    809
   772    757    903    840
   773    803    928    769
   774    810    915    775
   775    789    932    779
   776    778    940    782
   777    745    983    772
   778    741    983    776
   779    698   1015    787
   780    714    958    828
   781    739    921    840
   782    753    943    804
   783    740    956    804
   784    752    937    811
   785    743    965    792
   786    722    961    817
   787    736    930    834
   788    778    919    803
   789    839    895    766
   790    796    917    787
   791    774    963    763
   792    763    983    754
   793    754    978    768
   794    751    945    804
   795    764    935    801
   796    764    939    797
   797    778    929    793
   798    770    913    817
   799    790    925    785
   800    762    958    780
   801    752    938    810
   802    787    951    762
   803    766    950    784
   804    809    921    770
   805    772    977    751
   806    735    993    772
   807    774    937    789
   808    759    937    804
   809    765    902    833
   810    788    919    793
   811    785    942    773
   812    764    974    762
   813    730    982    788
   814    735    966    799
   815    716    995    789
   816    710   1004    786
   817    731    978    791
   818    756    931    813
   819    792    905    803
   820    819    925    756
   821    836    913    751
   822    813    958    729
   823    790    953    757
   824    767    969    764
   825    754    956    790
   826    740    956    804
   827    745    916    839
   828    746    947    807
   829    751    941    808
   830    736    965    799
   831    793    923    784
   832    791    897    812
   833    783    906    811
   834    826    886    788
   835    797    887    816
   836    790    894    816
   837    823    908    769
   838    795    942    763
   839    808    955    737
   840    757    992    751
   841    743    984    773
   842    745    970    785
   843    761    918    821
   844    755    935    810
   845    756    946    798
   846    781    905    814
   847    780    945    775
   848    791    927    782
   849    761    907    832
   850    774    950    776
   851    766    962    772
   852    774    928    798
   853    788    902    810
   854    713    983    804
   855    663    991    846
   856    720    942    838
   857    726    918    856
   858    769    919    812
   859    733    971    796
   860    764    924    812
   861    829    937    734
   862    779    941    780
   863    770    949    781
   864    753    960    787
   865    764    988    748
   866    782    954    764
   867    748    965    787
   868    769    954    777
   869    764    946    790
   870    780    949    771
   871    775    948    777
   872    780    952    768
   873    765    968    767
   874    794    899    807
   875    792    912    796
   876    768    933    799
   877    752    944    804
   878    784    911    805
   879    765    903    832
   880    801    915    784
   881    794    919    787
   882    793    931    776
   883    789    948    763
   884    765    968    767
   885    774    952    774
   886    758    972    770
   887    770    958    772
   888    774    927    799
   889    784    920    796
   890    817    930    753
   891    775    965    760
   892    750    962    788
   893    737    979    784
   894    747    980    773
   895    711   1006    783
   896    753    960    787
   897    768    940    792
   898    781    962    757
   899    747    981    772
   900    767    953    780
   901    783    927    790
   902    810    908    782
   903    840    900    760
   904    783    917    800
   905    811    915    774
   906    804    946    750
   907    779    897    824
   908    718    937    845
   909    772    891    837
   910    812    857    831
   911    830    861    809
   912    846    860    794
   913    846    884    770
   914    824    970    706
   915    744    998    758
   916    750    972    778
   917    768    933    799
   918    731    998    771
   919    714    975    811
   920    726    987    787
   921    755    951    794
   922    793    954    753
   923    778    960    762
   924    776    933    791
   925    754    920    826
   926    786    906    808
   927    784    937    779
   928    738   1002    760
   929    791    938    771
   930    781    937    782
   931    726    978    796
   932    724    952    824
   933    806    900    794
   934    771    934    795
   935    774    923    803
   936    767    954    779
   937    752    977    771
   938    793    949    758
   939    742    958    800
   940    717    984    799
   941    738    960    802
   942    738    953    809
   943    751    939    810
   944    799    948    753
   945    804    941    755
   946    777    926    797
   947    794    926    780
   948    843    916    741
   949    782    964    754
   950    791    944    765
   951    765    980    755
   952    758    955    787
   953    772    917    811
   954    776    932    792
   955    785    940    775
   956    756    968    776
   957    712    997    791
   958    698    998    804
   959    735    939    826
   960    787    937    776
   961    786    940    774
   962    744    978    778
   963    733    959    808
   964    758    907    835
   965    795    934    771
   966    777    924    799
   967    791    909    800
   968    798    941    761
   969    750    922    828
   970    763    939    798
   971    746    935    819
   972    761    962    777
   973    751    963    786
   974    734    968    798
   975    751    940    809
   976    715   1006    779
   977    753    950    797
   978    751    962    787
   979    718    944    838
   980    771    932    797
   981    765    909    826
   982    815    907    778
   983    825    941    734
   984    753    991    756
   985    765    958    777
   986    746    952    802
   987    760    950    790
   988    730    988    782
   989    725    969    806
   990    735   1007    758
   991    774    966    760
   992    754    963    783
   993    762    969    769
   994    712    991    797
   995    785    908    807
   996    850    897    753
   997    812    950    738
   998    805    923    772
   999    775    958    767
  1000    733   1009    758
