# time (sweeps) | Susceptible | Infected | Recovered
     0   1396    408    696
     1   1385    421    694
     2   1363    416    721
     3   1353    428    719
     4   1354    414    732
     5   1360    444    696
     6   1341    428    731
     7   1314    452    734
     8   1324    455    721
     9   1318    465    717
    10   1284    494    722
    11   1285    511    704
    12   1250    527    723
    13   1218    535    747
    14   1201    518    781
    15   1189    502    809
    16   1169    518    813
    17   1166    506    828
    18   1194    489    817
    19   1237    484    779
    20   1190    523    787
    21   1203    477    820
    22   1235    439    826
    23   1293    439    768
    24   1338    434    728
    25   1333    442    725
    26   1288    464    748
    27   1303    414    783
    28   1316    390    794
    29   1322    421    757
    30   1354    430    716
    31   1329    439    732
    32   1347    424    729
    33   1359    438    703
    34   1360    427    713
    35   1372    427    701
    36   1367    440    693
    37   1379    454    667
    38   1352    472    676
    39   1339    482    679
    40   1295    488    717
    41   1266    471    763
    42   1243    477    780
    43   1255    466    779
    44   1278    450    772
    45   1302    442    756
    46   1270    483    747
    47   1235    493    772
    48   1260    472    768
    49   1297    428    775
    50   1324    427    749
    51   1325    430    745
    52   1379    408    713
    53   1352    446    702
    54   1336    448    716
    55   1293    464    743
    56   1311    450    739
    57   1324    442    734
    58   1365    416    719
    59   1383    405    712
    60   1372    404    724
    61   1392    388    720
    62   1375    425    700
    63   1402    412    686
    64   1414    369    717
    65   1433    347    720
    66   1469    355    676
    67   1498    358    644
    68   1516    337    647
    69   1532    359    609
    70   1524    398    578
    71   1505    372    623
    72   1490    391    619
    73   1497    370    633
    74   1483    397    620
    75   1469    414    617
    76   1475    403    622
    77   1418    440    642
    78   1368    446    686
    79   1314    453    733
    80   1341    427    732
    81   1332    455    713
    82   1348    420    732
    83   1368    393    739
    84   1361    415    724
    85   1382    411    707
    86   1384    421    695
    87   1368    453    679
    88   1359    464    677
    89   1367    438    695
    90   1359    449    692
    91   1357    468    675
    92   1321    461    718
    93   1300    484    716
    94   1275    463    762
    95   1279    448    773
    96   1280    460    760
    97   1268    470    762
    98   1241    471    788
    99   1243    465    792
   100   1240    460    800
   101   1292    462    746
   102   1269    475    756
   103   1282    457    761
   104   1305    450    745
   105   1312    435    753
   106   1346    412    742
   107   1364    425    711
   108   1350    433    717
   109   1362    434    704
   110   1342    466    692
   111   1275    489    736
   112   1256    477    767
   113   1222    490    788
   114   1222    478    800
   115   1237    460    803
   116   1234    480    786
   117   1251    476    773
   118   1260    490    750
   119   1251    504    745
   120   1251    466    783
   121   1216    484    800
   122   1230    465    805
   123   1216    486    798
   124   1258    443    799
   125   1244    473    783
   126   1230    500    770
   127   1252    465    783
   128   1253    473    774
   129   1264    474    762
   130   1255    462    783
   131   1244    482    774
   132   1235    466    799
   133   1260    458    782
   134   1259    455    786
   135   1251    477    772
   136   1253    470    777
   137   1263    483    754
   138   1207    491    802
   139   1209    484    807
   140   1223    486    791
   141   1264    474    762
   142   1237    483    780
   143   1257    465    778
   144   1284    451    765
   145   1285    447    768
   146   1320    441    739
   147   1330    462    708
   148   1321    438    741
   149   1330    421    749
   150   1331    423    746
   151   1359    392    749
   152   1374    385    741
   153   1407    370    723
   154   1371    413    716
   155   1324    441    735
   156   1335    428    737
   157   1324    421    755
   158   1323    411    766
   159   1349    390    761
   160   1383    397    720
   161   1374    436    690
   162   1364    450    686
   163   1401    418    681
   164   1389    432    679
   165   1358    460    682
   166   1351    445    704
   167   1350    435    715
   168   1364    414    722
   169   1363    427    710
   170   1390    413    697
   171   1336    464    700
   172   1294    491    715
   173   1259    465    776
   174   1247    468    785
   175   1272    455    773
   176   1270    452    778
   177   1260    458    782
   178   1271    443    786
   179   1261    465    774
   180   1298    444    758
   181   1296    448    756
   182   1309    455    736
   183   1309    465    726
   184   1280    476    744
   185   1285    420    795
   186   1307    424    769
   187   1358    397    745
   188   1377    391    732
   189   1373    400    727
   190   1373    388    739
   191   1417    391    692
   192   1426    368    706
   193   1424    377    699
   194   1450    361    689
   195   1464    385    651
   196   1484    391    625
   197   1504    378    618
   198   1472    381    647
   199   1456    414    630
   200   1443    427    630
   201   1437    390    673
   202   1456    380    664
   203   1462    395    643
   204   1430    412    658
   205   1432    390    678
   206   1445    382    673
   207   1464    393    643
   208   1422    439    639
   209   1356    448    696
   210   1301    468    731
   211   1312    443    745
   212   1339    434    727
   213   1346    412    742
   214   1335    445    720
   215   1325    453    722
   216   1306    453    741
   217   1288    474    738
   218   1266    475    759
   219   1258    493    749
   220   1253    474    773
   221   1205    502    793
   222   1168    529    803
   223   1175    493    832
   224   1179    474    847
   225   1198    486    816
   226   1186    514    800
   227   1180    488    832
   228   1205    440    855
   229   1245    422    833
   230   1275    431    794
   231   1350    405    745
   232   1352    439    709
   233   1341    460    699
   234   1370    447    683
   235   1331    455    714
   236   1344    452    704
   237   1320    450    730
   238   1341    426    733
   239   1344    428    728
   240   1347    400    753
   241   1385    395    720
   242   1392    407    701
   243   1368    403    729
   244   1414    384    702
   245   1413    397    690
   246   1417    387    696
   247   1403    391    706
   248   1400    398    702
   249   1424    386    690
   250   1409    388    703
   251   1367    423    710
   252   1308    465    727
   253   1309    432    759
   254   1328    431    741
   255   1367    391    742
   256   1397    388    715
   257   1397    386    717
   258   1392    412    696
   259   1420    416    664
   260   1441    380    679
   261   1412    400    688
   262   1428    403    669
   263   1444    385    671
   264   1454    392    654
   265   1432    418    650
   266   1402    421    677
   267   1394    431    675
   268   1353    457    690
   269   1362    445    693
   270   1337    466    697
   271   1315    443    742
   272   1299    466    735
   273   1318    439    743
   274   1297    459    744
   275   1268    478    754
   276   1258    470    772
   277   1232    487    781
   278   1220    472    808
   279   1272    446    782
   280   1296    403    801
   281   1336    425    739
   282   1354    417    729
   283   1403    398    699
   284   1439    370    691
   285   1454    347    699
   286   1448    354    698
   287   1483    356    661
   288   1448    387    665
   289   1406    400    694
   290   1406    381    713
   291   1439    375    686
   292   1435    389    676
   293   1404    427    669
   294   1341    456    703
   295   1363    426    711
   296   1371    434    695
   297   1337    457    706
   298   1329    472    699
   299   1313    481    706
   300   1301    475    724
   301   1307    451    742
   302   1276    459    765
   303   1263    452    785
   304   1285    440    775
   305   1319    399    782
   306   1349    401    750
   307   1349    413    738
   308   1329    456    715
   309   1328    428    744
   310   1349    406    745
   311   1374    412    714
   312   1369    442    689
   313   1345    453    702
   314   1298    492    710
   315   1262    502    736
   316   1241    535    724
   317   1191    537    772
   318   1186    514    800
   319   1185    476    839
   320   1203    473    824
   321   1237    460    803
   322   1289    418    793
   323   1336    405    759
   324   1374    381    745
   325   1421    390    689
   326   1422    409    669
   327   1416    405    679
   328   1393    402    705
   329   1407    387    706
   330   1405    411    684
   331   1382    411    707
   332   1389    412    699
   333   1389    421    690
   334   1400    422    678
   335   1385    386    729
   336   1391    394    715
   337   1408    389    703
   338   1410    391    699
   339   1421    390    689
   340   1435    402    663
   341   1436    409    655
   342   1409    434    657
   343   1409    437    654
   344   1344    454    702
   345   1357    447    696
   346   1332    455    713
   347   1341    452    707
   348   1279    476    745
   349   1301    465    734
   350   1288    480    732
   351   1297    484    719
   352   1269    493    738
   353   1268    482    750
   354   1262    499    739
   355   1244    458    798
   356   1248    442    810
   357   1287    400    813
   358   1335    400    765
   359   1328    431    741
   360   1300    465    735
   361   1311    464    725
   362   1291    494    715
   363   1280    487    733
   364   1271    482    747
   365   1266    452    782
   366   1245    440    815
   367   1320    393    787
   368   1350    405    745
   369   1357    439    704
   370   1355    436    709
   371   1379    398    723
   372   1433    383    684
   373   1440    379    681
   374   1422    435    643
   375   1408    433    659
   376   1337    454    709
   377   1318    460    722
   378   1296    460    744
   379   1340    445    715
   380   1338    436    726
   381   1353    443    704
   382   1369    420    711
   383   1342    437    721
   384   1340    422    738
   385   1329    431    740
   386   1345    424    731
   387   1351    411    738
   388   1364    424    712
   389   1341    432    727
   390   1352    446    702
   391   1317    454    729
   392   1311    440    749
   393   1324    419    757
   394   1316    427    757
   395   1328    420    752
   396   1340    416    744
   397   1371    437    692
   398   1354    441    705
   399   1361    425    714
   400   1384    376    740
   401   1366    390    744
   402   1369    395    736
   403   1356    411    733
   404   1375    447    678
   405   1349    451    700
   406   1361    406    733
   407   1382    426    692
   408   1398    411    691
   409   1393    423    684
   410   1396    423    681
   411   1371    438    691
   412   1360    436    704
   413   1325    465    710
   414   1327    439    734
   415   1332    437    731
   416   1364    422    714
   417   1385    390    725
   418   1395    393    712
   419   1422    410    668
   420   1407    411    682
   421   1396    448    656
   422   1377    446    677
   423   1324    479    697
   424   1322    454    724
   425   1332    425    743
   426   1389    381    730
   427   1396    404    700
   428   1379    397    724
   429   1434    368    698
   430   1411    395    694
   431   1366    426    708
   432   1343    442    715
   433   1347    440    713
   434   1365    436    699
   435   1338    434    728
   436   1349    401    750
   437   1348    397    755
   438   1350    418    732
   439   1360    407    733
   440   1368    419    713
   441   1394    404    702
   442   1396    420    684
   443   1393    429    678
   444   1347    454    699
   445   1327    447    726
   446   1317    456    727
   447   1331    436    733
   448   1290    458    752
   449   1314    440    746
   450   1299    475    726
   451   1311    459    730
   452   1329    457    714
   453   1344    445    711
   454   1299    476    725
   455   1272    498    730
   456   1260    492    748
   457   1273    478    749
   458   1308    431    761
   459   1300    457    743
   460   1309    436    755
   461   1260    454    786
   462   1271    445    784
   463   1314    438    748
   464   1355    443    702
   465   1362    430    708
   466   1348    455    697
   467   1352    435    713
   468   1366    438    696
   469   1354    457    689
   470   1345    453    702
   471   1329    443    728
   472   1352    427    721
   473   1385    415    700
   474   1405    408    687
   475   1429    397    674
   476   1427    410    663
   477   1424    413    663
   478   1401    423    676
   479   1359    407    734
   480   1387    405    708
   481   1375    408    717
   482   1377    409    714
   483   1385    430    685
   484   1375    442    683
   485   1355    458    687
   486   1324    448    728
   487   1317    435    748
   488   1374    405    721
   489   1392    408    700
   490   1373    424    703
   491   1387    442    671
   492   1337    437    726
   493   1384    416    700
   494   1367    425    708
   495   1357    419    724
   496   1358    403    739
   497   1400    413    687
   498   1425    392    683
   499   1423    398    679
   500   1420    385    695
   501   1420    416    664
   502   1426    382    692
   503   1443    378    679
   504   1412    419    669
   505   1385    421    694
   506   1369    411    720
   507   1376    425    699
   508   1363    443    694
   509   1331    451    718
   510   1339    415    746
   511   1400    381    719
   512   1389    425    686
   513   1376    423    701
   514   1387    417    696
   515   1406    420    674
   516   1401    425    674
   517   1350    446    704
   518   1356    415    729
   519   1380    409    711
   520   1369    429    702
   521   1357    431    712
   522   1345    406    749
   523   1376    405    719
   524   1343    454    703
   525   1350    431    719
   526   1362    431    707
   527   1330    478    692
   528   1287    495    718
   529   1264    485    751
   530   1267    437    796
   531   1338    391    771
   532   1371    392    737
   533   1379    405    716
   534   1383    402    715
   535   1363    452    685
   536   1386    417    697
   537   1365    426    709
   538   1369    434    697
   539   1366    437    697
   540   1355    461    684
   541   1351    429    720
   542   1349    434    717
   543   1338    446    716
   544   1332    452    716
   545   1326    419    755
   546   1353    403    744
   547   1358    417    725
   548   1366    418    716
   549   1345    449    706
   550   1326    459    715
   551   1321    447    732
   552   1316    500    684
   553   1260    507    733
   554   1240    489    771
   555   1232    476    792
   556   1253    485    762
   557   1262    469    769
   558   1273    435    792
   559   1303    421    776
   560   1364    412    724
   561   1388    401    711
   562   1394    409    697
   563   1403    444    653
   564   1370    451    679
   565   1303    478    719
   566   1307    460    733
   567   1310    467    723
   568   1314    449    737
   569   1361    417    722
   570   1306    449    745
   571   1334    420    746
   572   1338    449    713
   573   1315    455    730
   574   1297    499    704
   575   1275    480    745
   576   1253    481    766
   577   1264    468    768
   578   1241    462    797
   579   1280    438    782
   580   1279    442    779
   581   1267    431    802
   582   1304    433    763
   583   1324    410    766
   584   1406    404    690
   585   1389    418    693
   586   1402    412    686
   587   1372    428    700
   588   1362    408    730
   589   1358    416    726
   590   1362    414    724
   591   1357    440    703
   592   1369    417    714
   593   1359    431    710
   594   1367    437    696
   595   1365    443    692
   596   1334    443    723
   597   1355    421    724
   598   1342    435    723
   599   1342    440    718
   600   1364    429    707
   601   1348    465    687
   602   1347    441    712
   603   1364    444    692
   604   1313    468    719
   605   1308    450    742
   606   1304    459    737
   607   1308    468    724
   608   1282    481    737
   609   1282    468    750
   610   1303    429    768
   611   1361    417    722
   612   1359    429    712
   613   1357    420    723
   614   1341    438    721
   615   1324    438    738
   616   1332    412    756
   617   1337    408    755
   618   1389    360    751
   619   1403    391    706
   620   1387    439    674
   621   1353    431    716
   622   1376    431    693
   623   1365    455    680
   624   1353    470    677
   625   1339    474    687
   626   1296    484    720
   627   1280    481    739
   628   1305    454    741
   629   1292    469    739
   630   1298    446    756
   631   1302    433    765
   632   1305    446    749
   633   1335    394    771
   634   1353    419    728
   635   1370    417    713
   636   1365    436    699
   637   1360    426    714
   638   1344    432    724
   639   1344    420    736
   640   1349    441    710
   641   1349    430    721
   642   1340    433    727
   643   1343    438    719
   644   1350    424    726
   645   1374    424    702
   646   1337    451    712
   647   1310    455    735
   648   1290    482    728
   649   1257    483    760
   650   1222    494    784
   651   1260    449    791
   652   1257    471    772
   653   1296    437    767
   654   1321    427    752
   655   1343    444    713
   656   1308    445    747
   657   1315    453    732
   658   1298    461    741
   659   1322    449    729
   660   1321    439    740
   661   1332    421    747
   662   1338    429    733
   663   1342    442    716
   664   1313    448    739
   665   1317    428    755
   666   1347    447    706
   667   1374    435    691
   668   1389    443    668
   669   1331    479    690
   670   1335    473    692
   671   1311    458    731
   672   1277    456    767
   673   1290    445    765
   674   1262    447    791
   675   1299    426    775
   676   1287    463    750
   677   1286    454    760
   678   1267    483    750
   679   1283    473    744
   680   1256    488    756
   681   1239    453    808
   682   1274    428    798
   683   1328    391    781
   684   1374    372    754
   685   1359    383    758
   686   1386    388    726
   687   1387    405    708
   688   1380    427    693
   689   1382    416    702
   690   1359    456    685
   691   1331    455    714
   692   1351    422    727
   693   1351    441    708
   694   1338    474    688
   695   1317    447    736
   696   1301    465    734
   697   1288    434    778
   698   1300    423    777
   699   1315    417    768
   700   1316    439    745
   701   1360    386    754
   702   1373    387    740
   703   1402    392    706
   704   1436    361    703
   705   1441    357    702
   706   1430    387    683
   707   1447    396    657
   708   1449    404    647
   709   1401    419    680
   710   1374    421    705
   711   1396    401    703
   712   1401    418    681
   713   1363    415    722
   714   1358    441    701
   715   1363    412    725
   716   1390    390    720
   717   1455    368    677
   718   1499    347    654
   719   1510    368    622
   720   1480    395    625
   721   1468    392    640
   722   1448    423    629
   723   1434    446    620
   724   1391    429    680
   725   1375    436    689
   726   1370    433    697
   727   1344    435    721
   728   1361    425    714
   729   1352    437    711
   730   1324    447    729
   731   1311    428    761
   732   1318    415    767
   733   1349    421    730
   734   1347    417    736
   735   1373    389    738
   736   1408    373    719
   737   1424    365    711
   738   1426    388    686
   739   1393    406    701
   740   1377    441    682
   741   1334    467    699
   742   1291    483    726
   743   1271    492    737
   744   1249    488    763
   745   1246    457    797
   746   1239    446    815
   747   1266    458    776
   748   1271    443    786
   749   1269    463    768
   750   1294    442    764
   751   1278    443    779
   752   1284    423    793
   753   1287    417    796
   754   1297    425    778
   755   1341    425    734
   756   1317    461    722
   757   1302    460    738
   758   1291    468    741
   759   1307    467    726
   760   1291    484    725
   761   1256    501    743
   762   1252    504    744
   763   1216    509    775
   764   1202    507    791
   765   1230    477    793
   766   1247    480    773
   767   1263    472    765
   768   1261    477    762
   769   1276    481    743
   770   1273    483    744
   771   1219    508    773
   772   1230    501    769
   773   1223    488    789
   774   1187    523    790
   775   1225    498    777
   776   1217    507    776
   777   1185    517    798
   778   1233    457    810
   779   1257    434    809
   780   1270    451    779
   781   1264    426    810
   782   1299    440    761
   783   1294    448    758
   784   1317    417    766
   785   1344    431    725
   786   1359    411    730
   787   1367    413    720
   788   1362    419    719
   789   1359    408    733
   790   1353    440    707
   791   1337    450    713
   792   1315    470    715
   793   1271    461    768
   794   1298    448    754
   795   1361    383    756
   796   1422    367    711
   797   1440    369    691
   798   1418    398    684
   799   1422    408    670
   800   1423    391    686
   801   1414    387    699
   802   1426    385    689
   803   1447    391    662
   804   1424    407    669
   805   1393    426    681
   806   1424    414    662
   807   1422    402    676
   808   1443    379    678
   809   1413    414    673
   810   1422    390    688
   811   1409    393    698
   812   1334    465    701
   813   1320    459    721
   814   1301    450    749
   815   1301    448    751
   816   1268    473    759
   817   1244    482    774
   818   1253    464    783
   819   1263    449    788
   820   1269    441    790
   821   1278    458    764
   822   1308    437    755
   823   1326    438    736
   824   1333    456    711
   825   1343    453    704
   826   1329    451    720
   827   1307    455    738
   828   1297    438    765
   829   1304    444    752
   830   1332    447    721
   831   1303    460    737
   832   1334    428    738
   833   1337    398    765
   834   1344    397    759
   835   1354    412    734
   836   1346    420    734
   837   1320    428    752
   838   1363    391    746
   839   1383    379    738
   840   1403    380    717
   841   1426    362    712
   842   1438    350    712
   843   1442    360    698
   844   1475    351    674
   845   1483    377    640
   846   1464    386    650
   847   1460    395    645
   848   1416    403    681
   849   1462    367    671
   850   1475    370    655
   851   1496    362    642
   852   1449    417    634
   853   1411    437    652
   854   1358    466    676
   855   1327    465    708
   856   1358    431    711
   857   1351    430    719
   858   1357    440    703
   859   1348    419    733
   860   1381    427    692
   861   1401    427    672
   862   1409    394    697
   863   1460    344    696
   864   1490    363    647
   865   1462    356    682
   866   1499    362    639
   867   1490    385    625
   868   1439    442    619
   869   1377    464    659
   870   1373    455    672
   871   1356    446    698
   872   1358    445    697
   873   1353    452    695
   874   1331    457    712
   875   1319    445    736
   876   1313    420    767
   877   1374    422    704
   878   1354    440    706
   879   1364    417    719
   880   1367    430    703
   881   1348    426    726
   882   1389    443    668
   883   1346    461    693
   884   1340    447    713
   885   1326    416    758
   886   1380    425    695
   887   1381    410    709
   888   1340    460    700
   889   1296    448    756
   890   1296    451    753
   891   1290    463    747
   892   1260    491    749
   893   1243    504    753
   894   1213    498    789
   895   1214    471    815
   896   1255    435    810
   897   1280    426    794
   898   1319    378    803
   899   1352    405    743
   900   1360    409    731
   901   1378    394    728
   902   1341    427    732
   903   1356    427    717
   904   1399    396    705
   905   1369    423    708
   906   1376    423    701
   907   1397    417    686
   908   1371    429    700
   909   1383    416    701
   910   1343    440    717
   911   1339    458    703
   912   1318    464    718
   913   1301    473    726
   914   1281    462    757
   915   1280    436    784
   916   1273    442    785
   917   1308    427    765
   918   1307    453    740
   919   1290    444    766
   920   1302    489    709
   921   1265    521    714
   922   1261    484    755
   923   1286    449    765
   924   1298    445    757
   925   1296    446    758
   926   1290    453    757
   927   1284    461    755
   928   1292    441    767
   929   1341    401    758
   930   1388    406    706
   931   1382    408    710
   932   1385    421    694
   933   1400    404    696
   934   1390    414    696
   935   1392    417    691
   936   1381    445    674
   937   1335    464    701
   938   1316    471    713
   939   1298    487    715
   940   1294    485    721
   941   1281    468    751
   942   1282    485    733
   943   1294    475    731
   944   1259    474    767
   945   1246    477    777
   946   1267    478    755
   947   1246    452    802
   948   1256    447    797
   949   1273    446    781
   950   1270    452    778
   951   1323    454    723
   952   1349    405    746
   953   1366    410    724
   954   1384    405    711
   955   1357    429    714
   956   1351    441    708
   957   1301    468    731
   958   1292    480    728
   959   1243    503    754
   960   1290    465    745
   961   1309    430    761
   962   1352    406    742
   963   1365    406    729
   964   1383    411    706
   965   1391    413    696
   966   1308    489    703
   967   1312    470    718
   968   1333    429    738
   969   1323    421    756
   970   1313    441    746
   971   1311    438    751
   972   1276    459    765
   973   1283    450    767
   974   1343    404    753
   975   1373    434    693
   976   1344    417    739
   977   1318    434    748
   978   1319    433    748
   979   1305    456    739
   980   1290    473    737
   981   1246    479    775
   982   1215    474    811
   983   1223    459    818
   984   1260    430    810
   985   1322    398    780
   986   1353    400    747
   987   1390    405    705
   988   1397    391    712
   989   1440    381    679
   990   1416    388    696
   991   1425    387    688
   992   1459    360    681
   993   1449    374    677
   994   1442    408    650
   995   1444    412    644
   996   1394    459    647
   997   1340    457    703
   998   1332    457    711
   999   1290    492    718
  1000   1255    473    772
