# time (sweeps) | Susceptible | Infected | Recovered
     0    497      0   2003
     1    497      0   2003
     2    497      0   2003
     3    497      0   2003
     4    497      0   2003
     5    497      0   2003
     6    497      0   2003
     7    497      0   2003
     8    497      0   2003
     9    497      0   2003
    10    497      0   2003
    11    497      0   2003
    12    497      0   2003
    13    497      0   2003
    14    497      0   2003
    15    497      0   2003
    16    497      0   2003
    17    497      0   2003
    18    497      0   2003
    19    497      0   2003
    20    497      0   2003
    21    497      0   2003
    22    497      0   2003
    23    497      0   2003
    24    497      0   2003
    25    497      0   2003
    26    497      0   2003
    27    497      0   2003
    28    497      0   2003
    29    497      0   2003
    30    497      0   2003
    31    497      0   2003
    32    497      0   2003
    33    497      0   2003
    34    497      0   2003
    35    497      0   2003
    36    497      0   2003
    37    497      0   2003
    38    497      0   2003
    39    497      0   2003
    40    497      0   2003
    41    497      0   2003
    42    497      0   2003
    43    497      0   2003
    44    497      0   2003
    45    497      0   2003
    46    497      0   2003
    47    497      0   2003
    48    497      0   2003
    49    497      0   2003
    50    497      0   2003
    51    497      0   2003
    52    497      0   2003
    53    497      0   2003
    54    497      0   2003
    55    497      0   2003
    56    497      0   2003
    57    497      0   2003
    58    497      0   2003
    59    497      0   2003
    60    497      0   2003
    61    497      0   2003
    62    497      0   2003
    63    497      0   2003
    64    497      0   2003
    65    497      0   2003
    66    497      0   2003
    67    497      0   2003
    68    497      0   2003
    69    497      0   2003
    70    497      0   2003
    71    497      0   2003
    72    497      0   2003
    73    497      0   2003
    74    497      0   2003
    75    497      0   2003
    76    497      0   2003
    77    497      0   2003
    78    497      0   2003
    79    497      0   2003
    80    497      0   2003
    81    497      0   2003
    82    497      0   2003
    83    497      0   2003
    84    497      0   2003
    85    497      0   2003
    86    497      0   2003
    87    497      0   2003
    88    497      0   2003
    89    497      0   2003
    90    497      0   2003
    91    497      0   2003
    92    497      0   2003
    93    497      0   2003
    94    497      0   2003
    95    497      0   2003
    96    497      0   2003
    97    497      0   2003
    98    497      0   2003
    99    497      0   2003
   100    497      0   2003
   101    497      0   2003
   102    497      0   2003
   103    497      0   2003
   104    497      0   2003
   105    497      0   2003
   106    497      0   2003
   107    497      0   2003
   108    497      0   2003
   109    497      0   2003
   110    497      0   2003
   111    497      0   2003
   112    497      0   2003
   113    497      0   2003
   114    497      0   2003
   115    497      0   2003
   116    497      0   2003
   117    497      0   2003
   118    497      0   2003
   119    497      0   2003
   120    497      0   2003
   121    497      0   2003
   122    497      0   2003
   123    497      0   2003
   124    497      0   2003
   125    497      0   2003
   126    497      0   2003
   127    497      0   2003
   128    497      0   2003
   129    497      0   2003
   130    497      0   2003
   131    497      0   2003
   132    497      0   2003
   133    497      0   2003
   134    497      0   2003
   135    497      0   2003
   136    497      0   2003
   137    497      0   2003
   138    497      0   2003
   139    497      0   2003
   140    497      0   2003
   141    497      0   2003
   142    497      0   2003
   143    497      0   2003
   144    497      0   2003
   145    497      0   2003
   146    497      0   2003
   147    497      0   2003
   148    497      0   2003
   149    497      0   2003
   150    497      0   2003
   151    497      0   2003
   152    497      0   2003
   153    497      0   2003
   154    497      0   2003
   155    497      0   2003
   156    497      0   2003
   157    497      0   2003
   158    497      0   2003
   159    497      0   2003
   160    497      0   2003
   161    497      0   2003
   162    497      0   2003
   163    497      0   2003
   164    497      0   2003
   165    497      0   2003
   166    497      0   2003
   167    497      0   2003
   168    497      0   2003
   169    497      0   2003
   170    497      0   2003
   171    497      0   2003
   172    497      0   2003
   173    497      0   2003
   174    497      0   2003
   175    497      0   2003
   176    497      0   2003
   177    497      0   2003
   178    497      0   2003
   179    497      0   2003
   180    497      0   2003
   181    497      0   2003
   182    497      0   2003
   183    497      0   2003
   184    497      0   2003
   185    497      0   2003
   186    497      0   2003
   187    497      0   2003
   188    497      0   2003
   189    497      0   2003
   190    497      0   2003
   191    497      0   2003
   192    497      0   2003
   193    497      0   2003
   194    497      0   2003
   195    497      0   2003
   196    497      0   2003
   197    497      0   2003
   198    497      0   2003
   199    497      0   2003
   200    497      0   2003
   201    497      0   2003
   202    497      0   2003
   203    497      0   2003
   204    497      0   2003
   205    497      0   2003
   206    497      0   2003
   207    497      0   2003
   208    497      0   2003
   209    497      0   2003
   210    497      0   2003
   211    497      0   2003
   212    497      0   2003
   213    497      0   2003
   214    497      0   2003
   215    497      0   2003
   216    497      0   2003
   217    497      0   2003
   218    497      0   2003
   219    497      0   2003
   220    497      0   2003
   221    497      0   2003
   222    497      0   2003
   223    497      0   2003
   224    497      0   2003
   225    497      0   2003
   226    497      0   2003
   227    497      0   2003
   228    497      0   2003
   229    497      0   2003
   230    497      0   2003
   231    497      0   2003
   232    497      0   2003
   233    497      0   2003
   234    497      0   2003
   235    497      0   2003
   236    497      0   2003
   237    497      0   2003
   238    497      0   2003
   239    497      0   2003
   240    497      0   2003
   241    497      0   2003
   242    497      0   2003
   243    497      0   2003
   244    497      0   2003
   245    497      0   2003
   246    497      0   2003
   247    497      0   2003
   248    497      0   2003
   249    497      0   2003
   250    497      0   2003
   251    497      0   2003
   252    497      0   2003
   253    497      0   2003
   254    497      0   2003
   255    497      0   2003
   256    497      0   2003
   257    497      0   2003
   258    497      0   2003
   259    497      0   2003
   260    497      0   2003
   261    497      0   2003
   262    497      0   2003
   263    497      0   2003
   264    497      0   2003
   265    497      0   2003
   266    497      0   2003
   267    497      0   2003
   268    497      0   2003
   269    497      0   2003
   270    497      0   2003
   271    497      0   2003
   272    497      0   2003
   273    497      0   2003
   274    497      0   2003
   275    497      0   2003
   276    497      0   2003
   277    497      0   2003
   278    497      0   2003
   279    497      0   2003
   280    497      0   2003
   281    497      0   2003
   282    497      0   2003
   283    497      0   2003
   284    497      0   2003
   285    497      0   2003
   286    497      0   2003
   287    497      0   2003
   288    497      0   2003
   289    497      0   2003
   290    497      0   2003
   291    497      0   2003
   292    497      0   2003
   293    497      0   2003
   294    497      0   2003
   295    497      0   2003
   296    497      0   2003
   297    497      0   2003
   298    497      0   2003
   299    497      0   2003
   300    497      0   2003
   301    497      0   2003
   302    497      0   2003
   303    497      0   2003
   304    497      0   2003
   305    497      0   2003
   306    497      0   2003
   307    497      0   2003
   308    497      0   2003
   309    497      0   2003
   310    497      0   2003
   311    497      0   2003
   312    497      0   2003
   313    497      0   2003
   314    497      0   2003
   315    497      0   2003
   316    497      0   2003
   317    497      0   2003
   318    497      0   2003
   319    497      0   2003
   320    497      0   2003
   321    497      0   2003
   322    497      0   2003
   323    497      0   2003
   324    497      0   2003
   325    497      0   2003
   326    497      0   2003
   327    497      0   2003
   328    497      0   2003
   329    497      0   2003
   330    497      0   2003
   331    497      0   2003
   332    497      0   2003
   333    497      0   2003
   334    497      0   2003
   335    497      0   2003
   336    497      0   2003
   337    497      0   2003
   338    497      0   2003
   339    497      0   2003
   340    497      0   2003
   341    497      0   2003
   342    497      0   2003
   343    497      0   2003
   344    497      0   2003
   345    497      0   2003
   346    497      0   2003
   347    497      0   2003
   348    497      0   2003
   349    497      0   2003
   350    497      0   2003
   351    497      0   2003
   352    497      0   2003
   353    497      0   2003
   354    497      0   2003
   355    497      0   2003
   356    497      0   2003
   357    497      0   2003
   358    497      0   2003
   359    497      0   2003
   360    497      0   2003
   361    497      0   2003
   362    497      0   2003
   363    497      0   2003
   364    497      0   2003
   365    497      0   2003
   366    497      0   2003
   367    497      0   2003
   368    497      0   2003
   369    497      0   2003
   370    497      0   2003
   371    497      0   2003
   372    497      0   2003
   373    497      0   2003
   374    497      0   2003
   375    497      0   2003
   376    497      0   2003
   377    497      0   2003
   378    497      0   2003
   379    497      0   2003
   380    497      0   2003
   381    497      0   2003
   382    497      0   2003
   383    497      0   2003
   384    497      0   2003
   385    497      0   2003
   386    497      0   2003
   387    497      0   2003
   388    497      0   2003
   389    497      0   2003
   390    497      0   2003
   391    497      0   2003
   392    497      0   2003
   393    497      0   2003
   394    497      0   2003
   395    497      0   2003
   396    497      0   2003
   397    497      0   2003
   398    497      0   2003
   399    497      0   2003
   400    497      0   2003
   401    497      0   2003
   402    497      0   2003
   403    497      0   2003
   404    497      0   2003
   405    497      0   2003
   406    497      0   2003
   407    497      0   2003
   408    497      0   2003
   409    497      0   2003
   410    497      0   2003
   411    497      0   2003
   412    497      0   2003
   413    497      0   2003
   414    497      0   2003
   415    497      0   2003
   416    497      0   2003
   417    497      0   2003
   418    497      0   2003
   419    497      0   2003
   420    497      0   2003
   421    497      0   2003
   422    497      0   2003
   423    497      0   2003
   424    497      0   2003
   425    497      0   2003
   426    497      0   2003
   427    497      0   2003
   428    497      0   2003
   429    497      0   2003
   430    497      0   2003
   431    497      0   2003
   432    497      0   2003
   433    497      0   2003
   434    497      0   2003
   435    497      0   2003
   436    497      0   2003
   437    497      0   2003
   438    497      0   2003
   439    497      0   2003
   440    497      0   2003
   441    497      0   2003
   442    497      0   2003
   443    497      0   2003
   444    497      0   2003
   445    497      0   2003
   446    497      0   2003
   447    497      0   2003
   448    497      0   2003
   449    497      0   2003
   450    497      0   2003
   451    497      0   2003
   452    497      0   2003
   453    497      0   2003
   454    497      0   2003
   455    497      0   2003
   456    497      0   2003
   457    497      0   2003
   458    497      0   2003
   459    497      0   2003
   460    497      0   2003
   461    497      0   2003
   462    497      0   2003
   463    497      0   2003
   464    497      0   2003
   465    497      0   2003
   466    497      0   2003
   467    497      0   2003
   468    497      0   2003
   469    497      0   2003
   470    497      0   2003
   471    497      0   2003
   472    497      0   2003
   473    497      0   2003
   474    497      0   2003
   475    497      0   2003
   476    497      0   2003
   477    497      0   2003
   478    497      0   2003
   479    497      0   2003
   480    497      0   2003
   481    497      0   2003
   482    497      0   2003
   483    497      0   2003
   484    497      0   2003
   485    497      0   2003
   486    497      0   2003
   487    497      0   2003
   488    497      0   2003
   489    497      0   2003
   490    497      0   2003
   491    497      0   2003
   492    497      0   2003
   493    497      0   2003
   494    497      0   2003
   495    497      0   2003
   496    497      0   2003
   497    497      0   2003
   498    497      0   2003
   499    497      0   2003
   500    497      0   2003
   501    497      0   2003
   502    497      0   2003
   503    497      0   2003
   504    497      0   2003
   505    497      0   2003
   506    497      0   2003
   507    497      0   2003
   508    497      0   2003
   509    497      0   2003
   510    497      0   2003
   511    497      0   2003
   512    497      0   2003
   513    497      0   2003
   514    497      0   2003
   515    497      0   2003
   516    497      0   2003
   517    497      0   2003
   518    497      0   2003
   519    497      0   2003
   520    497      0   2003
   521    497      0   2003
   522    497      0   2003
   523    497      0   2003
   524    497      0   2003
   525    497      0   2003
   526    497      0   2003
   527    497      0   2003
   528    497      0   2003
   529    497      0   2003
   530    497      0   2003
   531    497      0   2003
   532    497      0   2003
   533    497      0   2003
   534    497      0   2003
   535    497      0   2003
   536    497      0   2003
   537    497      0   2003
   538    497      0   2003
   539    497      0   2003
   540    497      0   2003
   541    497      0   2003
   542    497      0   2003
   543    497      0   2003
   544    497      0   2003
   545    497      0   2003
   546    497      0   2003
   547    497      0   2003
   548    497      0   2003
   549    497      0   2003
   550    497      0   2003
   551    497      0   2003
   552    497      0   2003
   553    497      0   2003
   554    497      0   2003
   555    497      0   2003
   556    497      0   2003
   557    497      0   2003
   558    497      0   2003
   559    497      0   2003
   560    497      0   2003
   561    497      0   2003
   562    497      0   2003
   563    497      0   2003
   564    497      0   2003
   565    497      0   2003
   566    497      0   2003
   567    497      0   2003
   568    497      0   2003
   569    497      0   2003
   570    497      0   2003
   571    497      0   2003
   572    497      0   2003
   573    497      0   2003
   574    497      0   2003
   575    497      0   2003
   576    497      0   2003
   577    497      0   2003
   578    497      0   2003
   579    497      0   2003
   580    497      0   2003
   581    497      0   2003
   582    497      0   2003
   583    497      0   2003
   584    497      0   2003
   585    497      0   2003
   586    497      0   2003
   587    497      0   2003
   588    497      0   2003
   589    497      0   2003
   590    497      0   2003
   591    497      0   2003
   592    497      0   2003
   593    497      0   2003
   594    497      0   2003
   595    497      0   2003
   596    497      0   2003
   597    497      0   2003
   598    497      0   2003
   599    497      0   2003
   600    497      0   2003
   601    497      0   2003
   602    497      0   2003
   603    497      0   2003
   604    497      0   2003
   605    497      0   2003
   606    497      0   2003
   607    497      0   2003
   608    497      0   2003
   609    497      0   2003
   610    497      0   2003
   611    497      0   2003
   612    497      0   2003
   613    497      0   2003
   614    497      0   2003
   615    497      0   2003
   616    497      0   2003
   617    497      0   2003
   618    497      0   2003
   619    497      0   2003
   620    497      0   2003
   621    497      0   2003
   622    497      0   2003
   623    497      0   2003
   624    497      0   2003
   625    497      0   2003
   626    497      0   2003
   627    497      0   2003
   628    497      0   2003
   629    497      0   2003
   630    497      0   2003
   631    497      0   2003
   632    497      0   2003
   633    497      0   2003
   634    497      0   2003
   635    497      0   2003
   636    497      0   2003
   637    497      0   2003
   638    497      0   2003
   639    497      0   2003
   640    497      0   2003
   641    497      0   2003
   642    497      0   2003
   643    497      0   2003
   644    497      0   2003
   645    497      0   2003
   646    497      0   2003
   647    497      0   2003
   648    497      0   2003
   649    497      0   2003
   650    497      0   2003
   651    497      0   2003
   652    497      0   2003
   653    497      0   2003
   654    497      0   2003
   655    497      0   2003
   656    497      0   2003
   657    497      0   2003
   658    497      0   2003
   659    497      0   2003
   660    497      0   2003
   661    497      0   2003
   662    497      0   2003
   663    497      0   2003
   664    497      0   2003
   665    497      0   2003
   666    497      0   2003
   667    497      0   2003
   668    497      0   2003
   669    497      0   2003
   670    497      0   2003
   671    497      0   2003
   672    497      0   2003
   673    497      0   2003
   674    497      0   2003
   675    497      0   2003
   676    497      0   2003
   677    497      0   2003
   678    497      0   2003
   679    497      0   2003
   680    497      0   2003
   681    497      0   2003
   682    497      0   2003
   683    497      0   2003
   684    497      0   2003
   685    497      0   2003
   686    497      0   2003
   687    497      0   2003
   688    497      0   2003
   689    497      0   2003
   690    497      0   2003
   691    497      0   2003
   692    497      0   2003
   693    497      0   2003
   694    497      0   2003
   695    497      0   2003
   696    497      0   2003
   697    497      0   2003
   698    497      0   2003
   699    497      0   2003
   700    497      0   2003
   701    497      0   2003
   702    497      0   2003
   703    497      0   2003
   704    497      0   2003
   705    497      0   2003
   706    497      0   2003
   707    497      0   2003
   708    497      0   2003
   709    497      0   2003
   710    497      0   2003
   711    497      0   2003
   712    497      0   2003
   713    497      0   2003
   714    497      0   2003
   715    497      0   2003
   716    497      0   2003
   717    497      0   2003
   718    497      0   2003
   719    497      0   2003
   720    497      0   2003
   721    497      0   2003
   722    497      0   2003
   723    497      0   2003
   724    497      0   2003
   725    497      0   2003
   726    497      0   2003
   727    497      0   2003
   728    497      0   2003
   729    497      0   2003
   730    497      0   2003
   731    497      0   2003
   732    497      0   2003
   733    497      0   2003
   734    497      0   2003
   735    497      0   2003
   736    497      0   2003
   737    497      0   2003
   738    497      0   2003
   739    497      0   2003
   740    497      0   2003
   741    497      0   2003
   742    497      0   2003
   743    497      0   2003
   744    497      0   2003
   745    497      0   2003
   746    497      0   2003
   747    497      0   2003
   748    497      0   2003
   749    497      0   2003
   750    497      0   2003
   751    497      0   2003
   752    497      0   2003
   753    497      0   2003
   754    497      0   2003
   755    497      0   2003
   756    497      0   2003
   757    497      0   2003
   758    497      0   2003
   759    497      0   2003
   760    497      0   2003
   761    497      0   2003
   762    497      0   2003
   763    497      0   2003
   764    497      0   2003
   765    497      0   2003
   766    497      0   2003
   767    497      0   2003
   768    497      0   2003
   769    497      0   2003
   770    497      0   2003
   771    497      0   2003
   772    497      0   2003
   773    497      0   2003
   774    497      0   2003
   775    497      0   2003
   776    497      0   2003
   777    497      0   2003
   778    497      0   2003
   779    497      0   2003
   780    497      0   2003
   781    497      0   2003
   782    497      0   2003
   783    497      0   2003
   784    497      0   2003
   785    497      0   2003
   786    497      0   2003
   787    497      0   2003
   788    497      0   2003
   789    497      0   2003
   790    497      0   2003
   791    497      0   2003
   792    497      0   2003
   793    497      0   2003
   794    497      0   2003
   795    497      0   2003
   796    497      0   2003
   797    497      0   2003
   798    497      0   2003
   799    497      0   2003
   800    497      0   2003
   801    497      0   2003
   802    497      0   2003
   803    497      0   2003
   804    497      0   2003
   805    497      0   2003
   806    497      0   2003
   807    497      0   2003
   808    497      0   2003
   809    497      0   2003
   810    497      0   2003
   811    497      0   2003
   812    497      0   2003
   813    497      0   2003
   814    497      0   2003
   815    497      0   2003
   816    497      0   2003
   817    497      0   2003
   818    497      0   2003
   819    497      0   2003
   820    497      0   2003
   821    497      0   2003
   822    497      0   2003
   823    497      0   2003
   824    497      0   2003
   825    497      0   2003
   826    497      0   2003
   827    497      0   2003
   828    497      0   2003
   829    497      0   2003
   830    497      0   2003
   831    497      0   2003
   832    497      0   2003
   833    497      0   2003
   834    497      0   2003
   835    497      0   2003
   836    497      0   2003
   837    497      0   2003
   838    497      0   2003
   839    497      0   2003
   840    497      0   2003
   841    497      0   2003
   842    497      0   2003
   843    497      0   2003
   844    497      0   2003
   845    497      0   2003
   846    497      0   2003
   847    497      0   2003
   848    497      0   2003
   849    497      0   2003
   850    497      0   2003
   851    497      0   2003
   852    497      0   2003
   853    497      0   2003
   854    497      0   2003
   855    497      0   2003
   856    497      0   2003
   857    497      0   2003
   858    497      0   2003
   859    497      0   2003
   860    497      0   2003
   861    497      0   2003
   862    497      0   2003
   863    497      0   2003
   864    497      0   2003
   865    497      0   2003
   866    497      0   2003
   867    497      0   2003
   868    497      0   2003
   869    497      0   2003
   870    497      0   2003
   871    497      0   2003
   872    497      0   2003
   873    497      0   2003
   874    497      0   2003
   875    497      0   2003
   876    497      0   2003
   877    497      0   2003
   878    497      0   2003
   879    497      0   2003
   880    497      0   2003
   881    497      0   2003
   882    497      0   2003
   883    497      0   2003
   884    497      0   2003
   885    497      0   2003
   886    497      0   2003
   887    497      0   2003
   888    497      0   2003
   889    497      0   2003
   890    497      0   2003
   891    497      0   2003
   892    497      0   2003
   893    497      0   2003
   894    497      0   2003
   895    497      0   2003
   896    497      0   2003
   897    497      0   2003
   898    497      0   2003
   899    497      0   2003
   900    497      0   2003
   901    497      0   2003
   902    497      0   2003
   903    497      0   2003
   904    497      0   2003
   905    497      0   2003
   906    497      0   2003
   907    497      0   2003
   908    497      0   2003
   909    497      0   2003
   910    497      0   2003
   911    497      0   2003
   912    497      0   2003
   913    497      0   2003
   914    497      0   2003
   915    497      0   2003
   916    497      0   2003
   917    497      0   2003
   918    497      0   2003
   919    497      0   2003
   920    497      0   2003
   921    497      0   2003
   922    497      0   2003
   923    497      0   2003
   924    497      0   2003
   925    497      0   2003
   926    497      0   2003
   927    497      0   2003
   928    497      0   2003
   929    497      0   2003
   930    497      0   2003
   931    497      0   2003
   932    497      0   2003
   933    497      0   2003
   934    497      0   2003
   935    497      0   2003
   936    497      0   2003
   937    497      0   2003
   938    497      0   2003
   939    497      0   2003
   940    497      0   2003
   941    497      0   2003
   942    497      0   2003
   943    497      0   2003
   944    497      0   2003
   945    497      0   2003
   946    497      0   2003
   947    497      0   2003
   948    497      0   2003
   949    497      0   2003
   950    497      0   2003
   951    497      0   2003
   952    497      0   2003
   953    497      0   2003
   954    497      0   2003
   955    497      0   2003
   956    497      0   2003
   957    497      0   2003
   958    497      0   2003
   959    497      0   2003
   960    497      0   2003
   961    497      0   2003
   962    497      0   2003
   963    497      0   2003
   964    497      0   2003
   965    497      0   2003
   966    497      0   2003
   967    497      0   2003
   968    497      0   2003
   969    497      0   2003
   970    497      0   2003
   971    497      0   2003
   972    497      0   2003
   973    497      0   2003
   974    497      0   2003
   975    497      0   2003
   976    497      0   2003
   977    497      0   2003
   978    497      0   2003
   979    497      0   2003
   980    497      0   2003
   981    497      0   2003
   982    497      0   2003
   983    497      0   2003
   984    497      0   2003
   985    497      0   2003
   986    497      0   2003
   987    497      0   2003
   988    497      0   2003
   989    497      0   2003
   990    497      0   2003
   991    497      0   2003
   992    497      0   2003
   993    497      0   2003
   994    497      0   2003
   995    497      0   2003
   996    497      0   2003
   997    497      0   2003
   998    497      0   2003
   999    497      0   2003
  1000    497      0   2003
