# time (sweeps) | Susceptible | Infected | Recovered
     0   1220    716    564
     1   1197    754    549
     2   1209    722    569
     3   1204    726    570
     4   1185    736    579
     5   1250    675    575
     6   1211    757    532
     7   1181    763    556
     8   1179    759    562
     9   1190    760    550
    10   1220    729    551
    11   1228    736    536
    12   1187    745    568
    13   1193    745    562
    14   1170    768    562
    15   1194    742    564
    16   1199    744    557
    17   1181    757    562
    18   1204    725    571
    19   1198    730    572
    20   1219    712    569
    21   1174    746    580
    22   1233    702    565
    23   1227    685    588
    24   1252    698    550
    25   1225    737    538
    26   1227    710    563
    27   1214    704    582
    28   1236    716    548
    29   1241    728    531
    30   1214    739    547
    31   1218    734    548
    32   1179    732    589
    33   1224    702    574
    34   1214    726    560
    35   1225    720    555
    36   1174    768    558
    37   1143    783    574
    38   1127    799    574
    39   1106    817    577
    40   1145    758    597
    41   1123    759    618
    42   1177    703    620
    43   1201    732    567
    44   1188    755    557
    45   1236    717    547
    46   1232    710    558
    47   1225    731    544
    48   1220    723    557
    49   1232    747    521
    50   1270    686    544
    51   1222    743    535
    52   1202    754    544
    53   1159    767    574
    54   1177    760    563
    55   1223    718    559
    56   1198    720    582
    57   1193    744    563
    58   1166    764    570
    59   1200    714    586
    60   1217    715    568
    61   1220    740    540
    62   1264    697    539
    63   1239    739    522
    64   1139    813    548
    65   1131    806    563
    66   1122    793    585
    67   1127    784    589
    68   1125    802    573
    69   1131    758    611
    70   1192    742    566
    71   1216    701    583
    72   1126    795    579
    73   1161    730    609
    74   1204    730    566
    75   1191    773    536
    76   1174    775    551
    77   1180    750    570
    78   1202    718    580
    79   1214    742    544
    80   1197    731    572
    81   1172    775    553
    82   1148    800    552
    83   1205    742    553
    84   1198    717    585
    85   1237    723    540
    86   1250    725    525
    87   1277    696    527
    88   1253    690    557
    89   1225    744    531
    90   1187    760    553
    91   1166    765    569
    92   1221    721    558
    93   1203    732    565
    94   1193    700    607
    95   1280    653    567
    96   1299    638    563
    97   1304    671    525
    98   1258    705    537
    99   1245    726    529
   100   1196    746    558
   101   1196    754    550
   102   1182    730    588
   103   1194    723    583
   104   1195    753    552
   105   1170    777    553
   106   1179    728    593
   107   1193    734    573
   108   1263    668    569
   109   1274    701    525
   110   1197    769    534
   111   1169    753    578
   112   1177    734    589
   113   1160    742    598
   114   1223    735    542
   115   1184    759    557
   116   1160    784    556
   117   1176    764    560
   118   1159    780    561
   119   1179    737    584
   120   1183    732    585
   121   1222    702    576
   122   1213    740    547
   123   1189    767    544
   124   1160    780    560
   125   1170    764    566
   126   1178    739    583
   127   1172    762    566
   128   1154    760    586
   129   1180    762    558
   130   1228    711    561
   131   1232    695    573
   132   1202    751    547
   133   1190    756    554
   134   1204    726    570
   135   1202    741    557
   136   1227    738    535
   137   1182    746    572
   138   1189    728    583
   139   1205    714    581
   140   1223    707    570
   141   1225    694    581
   142   1233    678    589
   143   1283    662    555
   144   1322    661    517
   145   1316    692    492
   146   1248    738    514
   147   1226    735    539
   148   1208    734    558
   149   1210    731    559
   150   1217    759    524
   151   1173    786    541
   152   1148    767    585
   153   1169    757    574
   154   1179    737    584
   155   1186    770    544
   156   1207    739    554
   157   1222    723    555
   158   1201    743    556
   159   1183    767    550
   160   1211    755    534
   161   1167    773    560
   162   1209    722    569
   163   1238    694    568
   164   1223    718    559
   165   1196    737    567
   166   1182    774    544
   167   1170    765    565
   168   1174    767    559
   169   1158    778    564
   170   1213    766    521
   171   1171    780    549
   172   1147    778    575
   173   1162    736    602
   174   1162    756    582
   175   1154    766    580
   176   1161    732    607
   177   1184    718    598
   178   1220    695    585
   179   1291    680    529
   180   1240    716    544
   181   1231    748    521
   182   1231    741    528
   183   1180    754    566
   184   1212    722    566
   185   1211    737    552
   186   1185    738    577
   187   1174    734    592
   188   1158    751    591
   189   1154    757    589
   190   1208    716    576
   191   1165    770    565
   192   1202    771    527
   193   1207    745    548
   194   1173    778    549
   195   1179    758    563
   196   1173    749    578
   197   1179    745    576
   198   1159    768    573
   199   1186    764    550
   200   1173    761    566
   201   1134    767    599
   202   1115    801    584
   203   1110    784    606
   204   1128    734    638
   205   1213    683    604
   206   1234    693    573
   207   1243    704    553
   208   1268    660    572
   209   1269    681    550
   210   1263    710    527
   211   1289    659    552
   212   1314    676    510
   213   1246    721    533
   214   1276    704    520
   215   1241    723    536
   216   1191    734    575
   217   1161    747    592
   218   1181    748    571
   219   1178    771    551
   220   1200    715    585
   221   1215    721    564
   222   1176    764    560
   223   1163    822    515
   224   1151    800    549
   225   1178    754    568
   226   1203    730    567
   227   1175    759    566
   228   1199    729    572
   229   1205    731    564
   230   1206    749    545
   231   1188    760    552
   232   1203    752    545
   233   1166    744    590
   234   1170    750    580
   235   1158    778    564
   236   1137    776    587
   237   1171    767    562
   238   1091    836    573
   239   1097    797    606
   240   1116    791    593
   241   1137    784    579
   242   1134    758    608
   243   1209    706    585
   244   1184    757    559
   245   1199    739    562
   246   1190    731    579
   247   1201    729    570
   248   1216    714    570
   249   1189    741    570
   250   1178    746    576
   251   1163    749    588
   252   1225    725    550
   253   1175    741    584
   254   1196    723    581
   255   1165    730    605
   256   1170    754    576
   257   1185    731    584
   258   1206    717    577
   259   1204    714    582
   260   1201    719    580
   261   1196    750    554
   262   1184    757    559
   263   1183    705    612
   264   1198    727    575
   265   1233    712    555
   266   1233    718    549
   267   1239    713    548
   268   1216    716    568
   269   1243    702    555
   270   1237    705    558
   271   1225    737    538
   272   1219    775    506
   273   1203    735    562
   274   1193    728    579
   275   1199    720    581
   276   1185    743    572
   277   1217    734    549
   278   1200    741    559
   279   1166    774    560
   280   1158    742    600
   281   1200    740    560
   282   1202    754    544
   283   1184    725    591
   284   1127    764    609
   285   1188    744    568
   286   1207    689    604
   287   1251    703    546
   288   1268    680    552
   289   1282    684    534
   290   1262    663    575
   291   1244    725    531
   292   1232    724    544
   293   1230    717    553
   294   1181    752    567
   295   1152    749    599
   296   1168    754    578
   297   1158    749    593
   298   1218    696    586
   299   1193    719    588
   300   1271    673    556
   301   1272    667    561
   302   1270    696    534
   303   1218    711    571
   304   1210    714    576
   305   1234    730    536
   306   1173    769    558
   307   1191    719    590
   308   1205    735    560
   309   1147    768    585
   310   1159    746    595
   311   1178    738    584
   312   1213    728    559
   313   1203    726    571
   314   1245    704    551
   315   1203    756    541
   316   1200    728    572
   317   1146    762    592
   318   1167    786    547
   319   1146    775    579
   320   1165    776    559
   321   1173    755    572
   322   1193    779    528
   323   1184    748    568
   324   1123    802    575
   325   1138    764    598
   326   1164    771    565
   327   1134    755    611
   328   1159    750    591
   329   1154    753    593
   330   1167    752    581
   331   1210    738    552
   332   1219    697    584
   333   1200    713    587
   334   1206    690    604
   335   1191    728    581
   336   1236    690    574
   337   1221    701    578
   338   1237    708    555
   339   1254    687    559
   340   1208    735    557
   341   1218    756    526
   342   1173    740    587
   343   1175    766    559
   344   1216    718    566
   345   1209    693    598
   346   1201    731    568
   347   1170    754    576
   348   1186    741    573
   349   1172    754    574
   350   1138    780    582
   351   1138    783    579
   352   1181    740    579
   353   1196    737    567
   354   1160    750    590
   355   1202    705    593
   356   1230    700    570
   357   1228    724    548
   358   1229    702    569
   359   1227    706    567
   360   1226    717    557
   361   1192    759    549
   362   1152    764    584
   363   1168    745    587
   364   1206    730    564
   365   1215    723    562
   366   1233    731    536
   367   1199    726    575
   368   1261    674    565
   369   1218    707    575
   370   1201    735    564
   371   1226    702    572
   372   1236    692    572
   373   1251    707    542
   374   1189    740    571
   375   1205    720    575
   376   1192    710    598
   377   1216    772    512
   378   1186    762    552
   379   1182    769    549
   380   1169    777    554
   381   1152    716    632
   382   1217    696    587
   383   1196    727    577
   384   1200    715    585
   385   1250    682    568
   386   1210    736    554
   387   1191    734    575
   388   1199    728    573
   389   1211    722    567
   390   1171    754    575
   391   1190    735    575
   392   1222    710    568
   393   1213    734    553
   394   1250    712    538
   395   1222    756    522
   396   1242    719    539
   397   1231    743    526
   398   1248    752    500
   399   1161    763    576
   400   1191    726    583
   401   1240    733    527
   402   1230    740    530
   403   1214    726    560
   404   1186    742    572
   405   1135    769    596
   406   1172    745    583
   407   1174    733    593
   408   1188    723    589
   409   1198    706    596
   410   1206    724    570
   411   1217    720    563
   412   1236    712    552
   413   1237    718    545
   414   1198    750    552
   415   1186    761    553
   416   1177    733    590
   417   1160    752    588
   418   1169    775    556
   419   1190    730    580
   420   1225    683    592
   421   1262    661    577
   422   1299    664    537
   423   1323    648    529
   424   1347    638    515
   425   1253    716    531
   426   1225    729    546
   427   1220    746    534
   428   1182    766    552
   429   1176    778    546
   430   1183    772    545
   431   1134    791    575
   432   1138    800    562
   433   1117    803    580
   434   1171    769    560
   435   1167    777    556
   436   1158    767    575
   437   1157    792    551
   438   1153    766    581
   439   1146    785    569
   440   1201    722    577
   441   1204    713    583
   442   1201    739    560
   443   1188    772    540
   444   1231    721    548
   445   1159    787    554
   446   1145    825    530
   447   1137    791    572
   448   1142    746    612
   449   1154    732    614
   450   1204    715    581
   451   1228    715    557
   452   1248    736    516
   453   1238    738    524
   454   1201    746    553
   455   1173    764    563
   456   1199    740    561
   457   1220    722    558
   458   1217    725    558
   459   1224    727    549
   460   1215    711    574
   461   1198    760    542
   462   1199    760    541
   463   1151    762    587
   464   1173    733    594
   465   1170    742    588
   466   1173    731    596
   467   1162    757    581
   468   1160    724    616
   469   1167    736    597
   470   1138    765    597
   471   1093    799    608
   472   1131    778    591
   473   1123    755    622
   474   1120    754    626
   475   1136    731    633
   476   1175    729    596
   477   1200    737    563
   478   1198    706    596
   479   1258    686    556
   480   1256    720    524
   481   1264    739    497
   482   1233    716    551
   483   1221    698    581
   484   1244    659    597
   485   1288    673    539
   486   1267    700    533
   487   1263    711    526
   488   1255    717    528
   489   1244    697    559
   490   1210    753    537
   491   1209    731    560
   492   1206    756    538
   493   1151    789    560
   494   1177    751    572
   495   1165    743    592
   496   1189    727    584
   497   1151    741    608
   498   1158    755    587
   499   1117    806    577
   500   1148    778    574
   501   1152    776    572
   502   1144    767    589
   503   1154    761    585
   504   1146    768    586
   505   1204    705    591
   506   1214    700    586
   507   1221    697    582
   508   1211    697    592
   509   1231    739    530
   510   1186    744    570
   511   1188    767    545
   512   1199    754    547
   513   1195    743    562
   514   1184    739    577
   515   1170    735    595
   516   1220    686    594
   517   1278    667    555
   518   1263    720    517
   519   1191    755    554
   520   1231    725    544
   521   1247    713    540
   522   1189    748    563
   523   1216    689    595
   524   1235    684    581
   525   1242    706    552
   526   1253    687    560
   527   1208    747    545
   528   1184    738    578
   529   1223    705    572
   530   1266    706    528
   531   1255    729    516
   532   1232    721    547
   533   1231    696    573
   534   1222    726    552
   535   1210    729    561
   536   1212    724    564
   537   1214    706    580
   538   1191    726    583
   539   1224    712    564
   540   1237    752    511
   541   1169    780    551
   542   1173    740    587
   543   1167    743    590
   544   1127    791    582
   545   1148    732    620
   546   1185    675    640
   547   1309    635    556
   548   1302    688    510
   549   1311    655    534
   550   1329    663    508
   551   1301    695    504
   552   1230    761    509
   553   1193    746    561
   554   1195    746    559
   555   1195    745    560
   556   1173    777    550
   557   1160    775    565
   558   1150    775    575
   559   1166    753    581
   560   1153    752    595
   561   1180    740    580
   562   1163    713    624
   563   1224    653    623
   564   1225    705    570
   565   1231    715    554
   566   1231    727    542
   567   1228    728    544
   568   1254    713    533
   569   1227    697    576
   570   1279    668    553
   571   1296    674    530
   572   1281    675    544
   573   1337    632    531
   574   1295    684    521
   575   1208    740    552
   576   1173    746    581
   577   1195    714    591
   578   1199    706    595
   579   1216    695    589
   580   1260    708    532
   581   1187    768    545
   582   1218    724    558
   583   1219    764    517
   584   1154    764    582
   585   1120    769    611
   586   1136    749    615
   587   1171    760    569
   588   1205    730    565
   589   1221    730    549
   590   1181    794    525
   591   1137    777    586
   592   1136    772    592
   593   1150    738    612
   594   1200    715    585
   595   1160    744    596
   596   1183    717    600
   597   1223    688    589
   598   1233    718    549
   599   1220    740    540
   600   1188    762    550
   601   1241    715    544
   602   1233    700    567
   603   1252    706    542
   604   1249    717    534
   605   1300    672    528
   606   1268    715    517
   607   1220    745    535
   608   1217    756    527
   609   1235    724    541
   610   1254    729    517
   611   1217    725    558
   612   1229    735    536
   613   1226    711    563
   614   1212    723    565
   615   1214    733    553
   616   1261    683    556
   617   1269    709    522
   618   1262    688    550
   619   1276    677    547
   620   1320    663    517
   621   1244    736    520
   622   1205    736    559
   623   1176    760    564
   624   1165    737    598
   625   1156    764    580
   626   1195    751    554
   627   1164    751    585
   628   1210    719    571
   629   1221    731    548
   630   1226    715    559
   631   1210    717    573
   632   1241    702    557
   633   1256    674    570
   634   1282    698    520
   635   1200    763    537
   636   1147    791    562
   637   1171    743    586
   638   1139    758    603
   639   1176    739    585
   640   1202    744    554
   641   1207    760    533
   642   1208    723    569
   643   1223    700    577
   644   1225    724    551
   645   1181    757    562
   646   1186    758    556
   647   1165    762    573
   648   1140    763    597
   649   1185    729    586
   650   1206    731    563
   651   1202    721    577
   652   1257    697    546
   653   1229    744    527
   654   1214    772    514
   655   1218    741    541
   656   1188    751    561
   657   1184    767    549
   658   1192    778    530
   659   1187    775    538
   660   1166    750    584
   661   1160    764    576
   662   1178    720    602
   663   1195    700    605
   664   1236    713    551
   665   1221    710    569
   666   1208    752    540
   667   1228    741    531
   668   1250    697    553
   669   1262    694    544
   670   1254    710    536
   671   1195    740    565
   672   1224    712    564
   673   1202    746    552
   674   1230    724    546
   675   1222    739    539
   676   1218    722    560
   677   1183    718    599
   678   1222    720    558
   679   1231    713    556
   680   1254    725    521
   681   1275    681    544
   682   1271    683    546
   683   1256    738    506
   684   1192    755    553
   685   1179    762    559
   686   1212    726    562
   687   1217    757    526
   688   1190    789    521
   689   1130    822    548
   690   1128    794    578
   691   1176    721    603
   692   1195    734    571
   693   1186    736    578
   694   1176    750    574
   695   1194    729    577
   696   1212    699    589
   697   1201    742    557
   698   1228    729    543
   699   1238    719    543
   700   1188    771    541
   701   1181    762    557
   702   1159    751    590
   703   1174    765    561
   704   1165    770    565
   705   1127    790    583
   706   1207    723    570
   707   1213    728    559
   708   1187    751    562
   709   1147    795    558
   710   1124    811    565
   711   1116    777    607
   712   1194    716    590
   713   1174    785    541
   714   1182    764    554
   715   1144    760    596
   716   1165    743    592
   717   1199    712    589
   718   1253    691    556
   719   1274    699    527
   720   1290    676    534
   721   1271    714    515
   722   1234    722    544
   723   1204    710    586
   724   1209    715    576
   725   1218    721    561
   726   1240    716    544
   727   1221    729    550
   728   1221    732    547
   729   1219    737    544
   730   1212    725    563
   731   1217    705    578
   732   1249    723    528
   733   1246    750    504
   734   1146    798    556
   735   1124    808    568
   736   1131    788    581
   737   1130    765    605
   738   1168    736    596
   739   1225    720    555
   740   1210    725    565
   741   1223    733    544
   742   1203    735    562
   743   1202    726    572
   744   1178    745    577
   745   1210    705    585
   746   1214    740    546
   747   1200    767    533
   748   1188    766    546
   749   1178    729    593
   750   1167    753    580
   751   1163    769    568
   752   1167    784    549
   753   1187    772    541
   754   1154    744    602
   755   1159    722    619
   756   1216    719    565
   757   1217    709    574
   758   1265    728    507
   759   1198    764    538
   760   1212    753    535
   761   1235    714    551
   762   1201    727    572
   763   1191    733    576
   764   1151    747    602
   765   1178    743    579
   766   1179    718    603
   767   1204    714    582
   768   1147    771    582
   769   1157    766    577
   770   1181    730    589
   771   1165    713    622
   772   1239    696    565
   773   1236    722    542
   774   1250    716    534
   775   1240    701    559
   776   1219    737    544
   777   1192    741    567
   778   1165    761    574
   779   1178    743    579
   780   1153    774    573
   781   1180    748    572
   782   1169    754    577
   783   1141    803    556
   784   1130    774    596
   785   1145    756    599
   786   1176    737    587
   787   1167    761    572
   788   1189    721    590
   789   1183    728    589
   790   1206    726    568
   791   1184    739    577
   792   1192    718    590
   793   1249    665    586
   794   1270    669    561
   795   1262    701    537
   796   1289    675    536
   797   1304    653    543
   798   1313    689    498
   799   1263    709    528
   800   1209    750    541
   801   1148    742    610
   802   1179    757    564
   803   1162    760    578
   804   1217    739    544
   805   1246    702    552
   806   1290    692    518
   807   1275    718    507
   808   1295    656    549
   809   1254    712    534
   810   1245    691    564
   811   1288    690    522
   812   1238    725    537
   813   1264    729    507
   814   1195    776    529
   815   1147    790    563
   816   1187    764    549
   817   1175    753    572
   818   1194    776    530
   819   1169    729    602
   820   1164    756    580
   821   1195    736    569
   822   1197    730    573
   823   1239    733    528
   824   1216    765    519
   825   1182    743    575
   826   1151    747    602
   827   1173    728    599
   828   1194    721    585
   829   1193    721    586
   830   1241    712    547
   831   1199    738    563
   832   1192    720    588
   833   1201    739    560
   834   1201    708    591
   835   1226    691    583
   836   1253    667    580
   837   1218    699    583
   838   1246    734    520
   839   1144    805    551
   840   1177    742    581
   841   1205    726    569
   842   1205    747    548
   843   1218    717    565
   844   1177    740    583
   845   1202    739    559
   846   1219    742    539
   847   1188    720    592
   848   1228    723    549
   849   1236    718    546
   850   1171    768    561
   851   1173    755    572
   852   1168    774    558
   853   1165    772    563
   854   1172    774    554
   855   1117    788    595
   856   1128    768    604
   857   1108    795    597
   858   1161    761    578
   859   1182    743    575
   860   1177    737    586
   861   1201    718    581
   862   1229    730    541
   863   1233    733    534
   864   1258    745    497
   865   1218    736    546
   866   1179    763    558
   867   1124    778    598
   868   1164    734    602
   869   1182    762    556
   870   1179    742    579
   871   1116    768    616
   872   1177    720    603
   873   1148    777    575
   874   1185    743    572
   875   1261    722    517
   876   1208    744    548
   877   1247    718    535
   878   1231    703    566
   879   1258    686    556
   880   1257    717    526
   881   1237    719    544
   882   1225    716    559
   883   1199    735    566
   884   1231    724    545
   885   1210    749    541
   886   1270    673    557
   887   1238    718    544
   888   1236    715    549
   889   1253    710    537
   890   1281    692    527
   891   1235    736    529
   892   1199    751    550
   893   1203    725    572
   894   1209    743    548
   895   1211    754    535
   896   1196    765    539
   897   1158    789    553
   898   1158    744    598
   899   1129    777    594
   900   1132    752    616
   901   1214    716    570
   902   1235    723    542
   903   1260    687    553
   904   1274    689    537
   905   1243    697    560
   906   1256    674    570
   907   1288    645    567
   908   1265    706    529
   909   1212    755    533
   910   1206    770    524
   911   1175    791    534
   912   1185    776    539
   913   1157    756    587
   914   1148    770    582
   915   1215    740    545
   916   1155    761    584
   917   1179    719    602
   918   1216    692    592
   919   1159    749    592
   920   1150    775    575
   921   1158    753    589
   922   1188    690    622
   923   1286    656    558
   924   1259    693    548
   925   1215    718    567
   926   1214    712    574
   927   1217    732    551
   928   1172    752    576
   929   1242    702    556
   930   1271    646    583
   931   1252    690    558
   932   1288    665    547
   933   1257    677    566
   934   1269    699    532
   935   1271    716    513
   936   1230    720    550
   937   1184    744    572
   938   1220    716    564
   939   1224    723    553
   940   1205    742    553
   941   1201    739    560
   942   1262    686    552
   943   1267    702    531
   944   1261    728    511
   945   1264    725    511
   946   1225    729    546
   947   1247    698    555
   948   1250    697    553
   949   1240    726    534
   950   1172    775    553
   951   1176    766    558
   952   1192    763    545
   953   1212    715    573
   954   1175    724    601
   955   1221    730    549
   956   1172    764    564
   957   1242    743    515
   958   1178    781    541
   959   1165    756    579
   960   1210    728    562
   961   1205    772    523
   962   1205    745    550
   963   1201    740    559
   964   1198    746    556
   965   1166    774    560
   966   1199    770    531
   967   1150    786    564
   968   1193    721    586
   969   1201    716    583
   970   1230    685    585
   971   1231    698    571
   972   1178    714    608
   973   1216    697    587
   974   1222    741    537
   975   1125    822    553
   976   1116    806    578
   977   1132    781    587
   978   1111    765    624
   979   1141    751    608
   980   1128    754    618
   981   1153    747    600
   982   1185    764    551
   983   1189    750    561
   984   1158    755    587
   985   1207    732    561
   986   1212    689    599
   987   1233    713    554
   988   1206    750    544
   989   1216    704    580
   990   1234    704    562
   991   1267    687    546
   992   1260    688    552
   993   1258    709    533
   994   1241    707    552
   995   1188    733    579
   996   1144    778    578
   997   1124    799    577
   998   1150    733    617
   999   1176    754    570
  1000   1175    714    611
