# time (sweeps) | Susceptible | Infected | Recovered
     0   1345    762    393
     1   1328    746    426
     2   1378    706    416
     3   1359    705    436
     4   1376    710    414
     5   1363    742    395
     6   1367    711    422
     7   1397    706    397
     8   1435    693    372
     9   1414    723    363
    10   1385    745    370
    11   1328    806    366
    12   1339    742    419
    13   1306    779    415
    14   1359    726    415
    15   1350    717    433
    16   1371    685    444
    17   1415    679    406
    18   1478    644    378
    19   1500    641    359
    20   1454    686    360
    21   1429    699    372
    22   1445    695    360
    23   1378    711    411
    24   1431    692    377
    25   1435    696    369
    26   1443    682    375
    27   1335    753    412
    28   1381    703    416
    29   1381    728    391
    30   1392    705    403
    31   1356    766    378
    32   1390    723    387
    33   1378    705    417
    34   1410    678    412
    35   1441    650    409
    36   1463    658    379
    37   1478    656    366
    38   1414    722    364
    39   1395    709    396
    40   1391    747    362
    41   1450    674    376
    42   1433    705    362
    43   1374    757    369
    44   1338    765    397
    45   1343    752    405
    46   1376    704    420
    47   1424    692    384
    48   1413    690    397
    49   1418    695    387
    50   1337    759    404
    51   1327    749    424
    52   1402    690    408
    53   1369    722    409
    54   1377    711    412
    55   1406    695    399
    56   1411    658    431
    57   1427    702    371
    58   1430    687    383
    59   1413    695    392
    60   1465    653    382
    61   1428    676    396
    62   1412    688    400
    63   1427    702    371
    64   1404    717    379
    65   1390    721    389
    66   1426    687    387
    67   1403    732    365
    68   1425    677    398
    69   1470    657    373
    70   1481    646    373
    71   1458    686    356
    72   1456    651    393
    73   1444    648    408
    74   1415    689    396
    75   1449    672    379
    76   1415    711    374
    77   1405    716    379
    78   1378    724    398
    79   1355    749    396
    80   1389    730    381
    81   1338    760    402
    82   1300    804    396
    83   1309    798    393
    84   1314    778    408
    85   1332    743    425
    86   1357    718    425
    87   1384    703    413
    88   1401    689    410
    89   1370    706    424
    90   1424    668    408
    91   1499    655    346
    92   1461    670    369
    93   1442    708    350
    94   1391    741    368
    95   1400    699    401
    96   1387    717    396
    97   1437    689    374
    98   1421    695    384
    99   1400    714    386
   100   1390    705    405
   101   1435    702    363
   102   1391    747    362
   103   1400    733    367
   104   1339    746    415
   105   1352    753    395
   106   1373    703    424
   107   1381    728    391
   108   1374    712    414
   109   1390    707    403
   110   1412    687    401
   111   1390    730    380
   112   1361    729    410
   113   1336    749    415
   114   1374    718    408
   115   1383    717    400
   116   1394    725    381
   117   1406    705    389
   118   1415    700    385
   119   1423    684    393
   120   1450    661    389
   121   1441    654    405
   122   1468    667    365
   123   1432    693    375
   124   1404    716    380
   125   1460    668    372
   126   1405    701    394
   127   1394    665    441
   128   1418    682    400
   129   1387    733    380
   130   1392    700    408
   131   1380    726    394
   132   1397    715    388
   133   1348    758    394
   134   1307    761    432
   135   1338    760    402
   136   1361    746    393
   137   1336    755    409
   138   1355    744    401
   139   1357    727    416
   140   1340    767    393
   141   1359    729    412
   142   1371    700    429
   143   1426    640    434
   144   1498    641    361
   145   1429    695    376
   146   1418    695    387
   147   1439    675    386
   148   1451    691    358
   149   1460    667    373
   150   1442    690    368
   151   1384    752    364
   152   1363    732    405
   153   1374    723    403
   154   1391    729    380
   155   1387    726    387
   156   1434    662    404
   157   1460    679    361
   158   1483    651    366
   159   1469    639    392
   160   1469    644    387
   161   1476    653    371
   162   1481    657    362
   163   1515    634    351
   164   1490    664    346
   165   1467    646    387
   166   1469    640    391
   167   1511    645    344
   168   1516    656    328
   169   1474    694    332
   170   1369    741    390
   171   1408    705    387
   172   1411    704    385
   173   1392    744    364
   174   1360    729    411
   175   1376    749    375
   176   1376    738    386
   177   1370    720    410
   178   1323    768    409
   179   1329    767    404
   180   1375    713    412
   181   1349    746    405
   182   1323    787    390
   183   1303    801    396
   184   1380    669    451
   185   1434    677    389
   186   1404    730    366
   187   1418    682    400
   188   1416    699    385
   189   1449    666    385
   190   1424    690    386
   191   1377    744    379
   192   1352    751    397
   193   1399    702    399
   194   1414    706    380
   195   1407    698    395
   196   1348    739    413
   197   1344    772    384
   198   1366    740    394
   199   1422    698    380
   200   1382    755    363
   201   1388    741    371
   202   1387    721    392
   203   1361    740    399
   204   1340    763    397
   205   1317    750    433
   206   1355    721    424
   207   1402    707    391
   208   1445    657    398
   209   1431    680    389
   210   1396    726    378
   211   1398    695    407
   212   1362    722    416
   213   1372    714    414
   214   1395    705    400
   215   1444    717    339
   216   1422    699    379
   217   1375    750    375
   218   1350    743    407
   219   1385    722    393
   220   1372    723    405
   221   1376    750    374
   222   1407    691    402
   223   1417    704    379
   224   1368    747    385
   225   1416    683    401
   226   1404    675    421
   227   1460    678    362
   228   1390    746    364
   229   1360    744    396
   230   1387    736    377
   231   1420    692    388
   232   1393    711    396
   233   1414    705    381
   234   1392    722    386
   235   1415    698    387
   236   1374    722    404
   237   1422    673    405
   238   1423    682    395
   239   1456    657    387
   240   1441    672    387
   241   1459    680    361
   242   1430    712    358
   243   1433    679    388
   244   1430    698    372
   245   1448    692    360
   246   1456    680    364
   247   1414    701    385
   248   1376    791    333
   249   1343    751    406
   250   1336    747    417
   251   1353    736    411
   252   1385    721    394
   253   1406    708    386
   254   1397    693    410
   255   1389    727    384
   256   1374    707    419
   257   1385    719    396
   258   1387    709    404
   259   1400    691    409
   260   1372    737    391
   261   1409    674    417
   262   1359    733    408
   263   1397    712    391
   264   1412    671    417
   265   1418    691    391
   266   1372    731    397
   267   1390    704    406
   268   1420    663    417
   269   1435    695    370
   270   1438    717    345
   271   1462    677    361
   272   1458    655    387
   273   1436    672    392
   274   1445    669    386
   275   1520    626    354
   276   1495    626    379
   277   1487    673    340
   278   1454    657    389
   279   1449    679    372
   280   1490    645    365
   281   1458    683    359
   282   1486    634    380
   283   1462    661    377
   284   1446    673    381
   285   1473    660    367
   286   1427    681    392
   287   1485    637    378
   288   1466    652    382
   289   1447    674    379
   290   1460    687    353
   291   1414    696    390
   292   1389    700    411
   293   1425    681    394
   294   1442    661    397
   295   1478    659    363
   296   1451    701    348
   297   1403    716    381
   298   1408    695    397
   299   1368    719    413
   300   1413    702    385
   301   1432    687    381
   302   1460    645    395
   303   1504    627    369
   304   1463    697    340
   305   1425    699    376
   306   1399    703    398
   307   1393    696    411
   308   1355    773    372
   309   1383    730    387
   310   1383    704    413
   311   1469    608    423
   312   1434    688    378
   313   1401    689    410
   314   1446    634    420
   315   1426    686    388
   316   1480    669    351
   317   1487    644    369
   318   1474    651    375
   319   1495    674    331
   320   1454    701    345
   321   1388    731    381
   322   1366    729    405
   323   1394    713    393
   324   1393    710    397
   325   1381    757    362
   326   1376    732    392
   327   1374    736    390
   328   1387    714    399
   329   1369    707    424
   330   1401    672    427
   331   1453    641    406
   332   1451    703    346
   333   1353    767    380
   334   1347    745    408
   335   1353    724    423
   336   1370    729    401
   337   1444    683    373
   338   1441    699    360
   339   1413    718    369
   340   1410    709    381
   341   1473    644    383
   342   1456    668    376
   343   1443    663    394
   344   1472    666    362
   345   1474    678    348
   346   1390    742    368
   347   1390    720    390
   348   1405    698    397
   349   1381    720    399
   350   1391    720    389
   351   1447    678    375
   352   1434    696    370
   353   1446    668    386
   354   1406    695    399
   355   1437    669    394
   356   1375    731    394
   357   1374    704    422
   358   1317    745    438
   359   1337    715    448
   360   1384    695    421
   361   1432    682    386
   362   1417    673    410
   363   1420    686    394
   364   1341    765    394
   365   1356    725    419
   366   1391    701    408
   367   1372    719    409
   368   1367    719    414
   369   1344    734    422
   370   1357    742    401
   371   1377    729    394
   372   1376    702    422
   373   1381    707    412
   374   1425    680    395
   375   1390    708    402
   376   1453    648    399
   377   1426    690    384
   378   1421    679    400
   379   1480    666    354
   380   1436    718    346
   381   1397    724    379
   382   1392    736    372
   383   1377    742    381
   384   1419    688    393
   385   1456    651    393
   386   1423    712    365
   387   1397    705    398
   388   1410    716    374
   389   1361    767    372
   390   1360    722    418
   391   1373    695    432
   392   1415    683    402
   393   1407    686    407
   394   1450    659    391
   395   1422    703    375
   396   1450    646    404
   397   1458    675    367
   398   1409    715    376
   399   1415    687    398
   400   1436    697    367
   401   1412    694    394
   402   1483    632    385
   403   1506    630    364
   404   1533    626    341
   405   1447    688    365
   406   1401    701    398
   407   1379    733    388
   408   1398    728    374
   409   1388    750    362
   410   1364    733    403
   411   1403    702    395
   412   1439    662    399
   413   1430    673    397
   414   1429    654    417
   415   1437    652    411
   416   1461    634    405
   417   1459    652    389
   418   1463    674    363
   419   1441    711    348
   420   1438    695    367
   421   1418    709    373
   422   1395    724    381
   423   1393    708    399
   424   1405    701    394
   425   1396    692    412
   426   1425    692    383
   427   1405    707    388
   428   1412    711    377
   429   1380    711    409
   430   1337    769    394
   431   1325    765    410
   432   1309    763    428
   433   1323    758    419
   434   1369    731    400
   435   1371    743    386
   436   1396    726    378
   437   1404    691    405
   438   1393    707    400
   439   1351    740    409
   440   1359    716    425
   441   1386    693    421
   442   1416    705    379
   443   1466    651    383
   444   1468    677    355
   445   1481    629    390
   446   1461    672    367
   447   1433    686    381
   448   1449    674    377
   449   1439    656    405
   450   1432    683    385
   451   1432    671    397
   452   1406    666    428
   453   1470    664    366
   454   1451    708    341
   455   1401    747    352
   456   1386    733    381
   457   1341    726    433
   458   1353    722    425
   459   1416    692    392
   460   1409    697    394
   461   1411    702    387
   462   1374    730    396
   463   1374    724    402
   464   1379    733    388
   465   1388    712    400
   466   1377    716    407
   467   1438    690    372
   468   1396    690    414
   469   1412    730    358
   470   1403    709    388
   471   1352    725    423
   472   1355    740    405
   473   1364    728    408
   474   1452    686    362
   475   1421    696    383
   476   1431    665    404
   477   1446    671    383
   478   1486    640    374
   479   1498    615    387
   480   1500    642    358
   481   1476    659    365
   482   1437    703    360
   483   1388    697    415
   484   1419    683    398
   485   1393    732    375
   486   1332    763    405
   487   1358    717    425
   488   1420    705    375
   489   1427    675    398
   490   1417    669    414
   491   1410    682    408
   492   1473    625    402
   493   1470    668    362
   494   1407    725    368
   495   1402    715    383
   496   1397    704    399
   497   1381    729    390
   498   1344    758    398
   499   1406    672    422
   500   1424    671    405
   501   1429    679    392
   502   1465    639    396
   503   1449    631    420
   504   1480    650    370
   505   1484    649    367
   506   1481    648    371
   507   1454    683    363
   508   1433    672    395
   509   1449    680    371
   510   1418    718    364
   511   1398    708    394
   512   1379    733    388
   513   1414    675    411
   514   1419    679    402
   515   1452    681    367
   516   1451    693    356
   517   1441    682    377
   518   1463    654    383
   519   1480    656    364
   520   1465    663    372
   521   1462    673    365
   522   1425    693    382
   523   1424    701    375
   524   1443    692    365
   525   1424    702    374
   526   1420    700    380
   527   1419    714    367
   528   1370    736    394
   529   1370    730    400
   530   1410    705    385
   531   1397    726    377
   532   1400    720    380
   533   1421    708    371
   534   1416    694    390
   535   1373    700    427
   536   1368    705    427
   537   1404    669    427
   538   1418    687    395
   539   1447    666    387
   540   1432    666    402
   541   1420    693    387
   542   1436    672    392
   543   1445    689    366
   544   1453    665    382
   545   1464    660    376
   546   1432    716    352
   547   1390    745    365
   548   1382    730    388
   549   1428    691    381
   550   1353    743    404
   551   1347    755    398
   552   1349    738    413
   553   1361    728    411
   554   1381    714    405
   555   1398    711    391
   556   1399    700    401
   557   1361    760    379
   558   1382    704    414
   559   1425    695    380
   560   1385    721    394
   561   1375    705    420
   562   1403    714    383
   563   1419    704    377
   564   1423    720    357
   565   1384    740    376
   566   1389    711    400
   567   1389    698    413
   568   1434    668    398
   569   1464    641    395
   570   1494    654    352
   571   1476    652    372
   572   1482    627    391
   573   1423    681    396
   574   1439    693    368
   575   1401    726    373
   576   1419    693    388
   577   1396    735    369
   578   1353    749    398
   579   1353    746    401
   580   1362    729    409
   581   1373    722    405
   582   1383    731    386
   583   1408    701    391
   584   1415    720    365
   585   1394    709    397
   586   1426    710    364
   587   1423    694    383
   588   1415    703    382
   589   1403    707    390
   590   1370    734    396
   591   1414    688    398
   592   1425    671    404
   593   1417    659    424
   594   1449    656    395
   595   1411    701    388
   596   1369    701    430
   597   1364    744    392
   598   1396    713    391
   599   1436    685    379
   600   1413    695    392
   601   1467    652    381
   602   1402    707    391
   603   1385    729    386
   604   1422    691    387
   605   1383    707    410
   606   1404    707    389
   607   1381    726    393
   608   1399    688    413
   609   1365    740    395
   610   1380    746    374
   611   1390    715    395
   612   1392    720    388
   613   1380    720    400
   614   1403    694    403
   615   1432    689    379
   616   1414    713    373
   617   1435    692    373
   618   1413    668    419
   619   1405    706    389
   620   1441    698    361
   621   1390    715    395
   622   1324    753    423
   623   1375    680    445
   624   1386    670    444
   625   1403    696    401
   626   1397    692    411
   627   1435    697    368
   628   1379    716    405
   629   1368    734    398
   630   1386    715    399
   631   1403    724    373
   632   1397    740    363
   633   1388    703    409
   634   1387    713    400
   635   1389    736    375
   636   1332    760    408
   637   1300    784    416
   638   1340    754    406
   639   1324    782    394
   640   1332    771    397
   641   1355    748    397
   642   1364    727    409
   643   1375    720    405
   644   1396    717    387
   645   1388    726    386
   646   1367    715    418
   647   1379    699    422
   648   1378    723    399
   649   1382    695    423
   650   1382    699    419
   651   1431    673    396
   652   1389    719    392
   653   1400    696    404
   654   1460    684    356
   655   1446    699    355
   656   1474    658    368
   657   1435    706    359
   658   1351    763    386
   659   1341    756    403
   660   1395    710    395
   661   1358    732    410
   662   1391    708    401
   663   1402    711    387
   664   1384    737    379
   665   1382    724    394
   666   1351    716    433
   667   1423    666    411
   668   1389    706    405
   669   1405    714    381
   670   1365    757    378
   671   1292    804    404
   672   1291    826    383
   673   1345    758    397
   674   1364    729    407
   675   1406    690    404
   676   1417    688    395
   677   1445    671    384
   678   1379    734    387
   679   1331    728    441
   680   1386    725    389
   681   1409    703    388
   682   1387    732    381
   683   1412    718    370
   684   1446    691    363
   685   1445    674    381
   686   1446    675    379
   687   1473    653    374
   688   1502    646    352
   689   1464    693    343
   690   1414    720    366
   691   1415    691    394
   692   1408    740    352
   693   1404    728    368
   694   1401    720    379
   695   1385    698    417
   696   1384    699    417
   697   1421    684    395
   698   1416    707    377
   699   1418    696    386
   700   1377    704    419
   701   1431    660    409
   702   1398    694    408
   703   1428    673    399
   704   1460    639    401
   705   1479    637    384
   706   1492    625    383
   707   1466    648    386
   708   1448    649    403
   709   1436    686    378
   710   1428    713    359
   711   1416    700    384
   712   1416    704    380
   713   1411    685    404
   714   1440    676    384
   715   1430    713    357
   716   1449    693    358
   717   1373    751    376
   718   1405    713    382
   719   1343    768    389
   720   1306    777    417
   721   1357    741    402
   722   1406    691    403
   723   1463    644    393
   724   1481    641    378
   725   1477    646    377
   726   1438    691    371
   727   1429    699    372
   728   1421    676    403
   729   1396    689    415
   730   1406    736    358
   731   1379    741    380
   732   1345    745    410
   733   1380    715    405
   734   1409    690    401
   735   1450    695    355
   736   1386    719    395
   737   1375    717    408
   738   1388    676    436
   739   1474    647    379
   740   1422    696    382
   741   1417    705    378
   742   1425    691    384
   743   1413    707    380
   744   1450    692    358
   745   1427    686    387
   746   1430    702    368
   747   1381    708    411
   748   1381    700    419
   749   1363    729    408
   750   1437    687    376
   751   1477    653    370
   752   1436    682    382
   753   1415    712    373
   754   1427    679    394
   755   1453    687    360
   756   1435    724    341
   757   1415    705    380
   758   1415    715    370
   759   1348    739    413
   760   1367    737    396
   761   1357    763    380
   762   1321    761    418
   763   1327    729    444
   764   1384    704    412
   765   1358    769    373
   766   1367    729    404
   767   1440    681    379
   768   1410    697    393
   769   1459    667    374
   770   1458    670    372
   771   1472    668    360
   772   1452    663    385
   773   1425    710    365
   774   1441    680    379
   775   1386    738    376
   776   1389    704    407
   777   1389    704    407
   778   1397    684    419
   779   1417    712    371
   780   1422    696    382
   781   1424    726    350
   782   1375    744    381
   783   1396    714    390
   784   1386    688    426
   785   1413    686    401
   786   1451    640    409
   787   1464    660    376
   788   1427    688    385
   789   1372    731    397
   790   1367    735    398
   791   1362    752    386
   792   1342    771    387
   793   1381    753    366
   794   1323    784    393
   795   1340    776    384
   796   1350    729    421
   797   1373    724    403
   798   1364    737    399
   799   1341    752    407
   800   1329    758    413
   801   1374    732    394
   802   1371    722    407
   803   1407    691    402
   804   1384    686    430
   805   1407    657    436
   806   1437    652    411
   807   1447    653    400
   808   1419    667    414
   809   1450    649    401
   810   1464    658    378
   811   1433    699    368
   812   1419    663    418
   813   1428    682    390
   814   1436    662    402
   815   1546    569    385
   816   1519    640    341
   817   1496    654    350
   818   1450    708    342
   819   1452    699    349
   820   1403    733    364
   821   1377    720    403
   822   1364    713    423
   823   1403    705    392
   824   1338    769    393
   825   1413    676    411
   826   1401    708    391
   827   1360    729    411
   828   1371    706    423
   829   1384    733    383
   830   1349    732    419
   831   1413    667    420
   832   1440    657    403
   833   1460    643    397
   834   1443    666    391
   835   1420    709    371
   836   1416    710    374
   837   1404    706    390
   838   1407    688    405
   839   1434    653    413
   840   1493    614    393
   841   1547    625    328
   842   1494    643    363
   843   1463    656    381
   844   1444    700    356
   845   1427    704    369
   846   1403    721    376
   847   1410    734    356
   848   1376    748    376
   849   1371    723    406
   850   1364    731    405
   851   1399    709    392
   852   1472    639    389
   853   1499    626    375
   854   1492    651    357
   855   1445    707    348
   856   1418    718    364
   857   1450    695    355
   858   1378    724    398
   859   1337    771    392
   860   1366    726    408
   861   1340    772    388
   862   1352    744    404
   863   1375    710    415
   864   1423    700    377
   865   1432    669    399
   866   1411    691    398
   867   1420    684    396
   868   1461    655    384
   869   1472    670    358
   870   1453    704    343
   871   1370    729    401
   872   1398    702    400
   873   1372    725    403
   874   1385    697    418
   875   1396    712    392
   876   1402    710    388
   877   1426    703    371
   878   1435    685    380
   879   1409    718    373
   880   1447    671    382
   881   1378    738    384
   882   1389    722    389
   883   1359    746    395
   884   1378    733    389
   885   1432    654    414
   886   1439    652    409
   887   1458    680    362
   888   1436    717    347
   889   1446    669    385
   890   1442    693    365
   891   1384    746    370
   892   1347    754    399
   893   1343    731    426
   894   1371    717    412
   895   1402    700    398
   896   1438    684    378
   897   1420    665    415
   898   1334    723    443
   899   1335    716    449
   900   1378    701    421
   901   1399    701    400
   902   1418    668    414
   903   1434    684    382
   904   1393    711    396
   905   1357    750    393
   906   1370    736    394
   907   1372    738    390
   908   1375    730    395
   909   1442    670    388
   910   1408    720    372
   911   1382    719    399
   912   1360    745    395
   913   1362    721    417
   914   1355    746    399
   915   1420    684    396
   916   1456    650    394
   917   1449    640    411
   918   1407    696    397
   919   1416    742    342
   920   1358    765    377
   921   1368    759    373
   922   1419    703    378
   923   1406    695    399
   924   1425    694    381
   925   1404    719    377
   926   1407    725    368
   927   1389    718    393
   928   1381    702    417
   929   1391    700    409
   930   1396    685    419
   931   1431    698    371
   932   1416    690    394
   933   1480    655    365
   934   1492    634    374
   935   1488    657    355
   936   1471    679    350
   937   1421    719    360
   938   1391    724    385
   939   1348    783    369
   940   1299    782    419
   941   1373    736    391
   942   1358    766    376
   943   1358    758    384
   944   1355    755    390
   945   1346    745    409
   946   1370    708    422
   947   1394    712    394
   948   1459    655    386
   949   1460    660    380
   950   1464    635    401
   951   1445    700    355
   952   1438    692    370
   953   1472    671    357
   954   1451    644    405
   955   1442    646    412
   956   1449    694    357
   957   1408    728    364
   958   1361    750    389
   959   1379    710    411
   960   1382    745    373
   961   1405    709    386
   962   1427    700    373
   963   1397    741    362
   964   1392    707    401
   965   1413    688    399
   966   1431    695    374
   967   1396    705    399
   968   1368    749    383
   969   1343    747    410
   970   1401    687    412
   971   1372    714    414
   972   1376    730    394
   973   1371    728    401
   974   1403    705    392
   975   1381    720    399
   976   1373    733    394
   977   1444    696    360
   978   1403    735    362
   979   1364    745    391
   980   1354    761    385
   981   1372    720    408
   982   1458    690    352
   983   1465    654    381
   984   1482    641    377
   985   1472    693    335
   986   1411    726    363
   987   1356    767    377
   988   1380    740    380
   989   1373    723    404
   990   1390    725    385
   991   1430    666    404
   992   1433    668    399
   993   1461    648    391
   994   1411    711    378
   995   1386    708    406
   996   1341    780    379
   997   1366    718    416
   998   1424    681    395
   999   1452    674    374
  1000   1448    669    383
