# time (sweeps) | Susceptible | Infected | Recovered
     0    913      0   1587
     1    913      0   1587
     2    913      0   1587
     3    913      0   1587
     4    913      0   1587
     5    913      0   1587
     6    913      0   1587
     7    913      0   1587
     8    913      0   1587
     9    913      0   1587
    10    913      0   1587
    11    913      0   1587
    12    913      0   1587
    13    913      0   1587
    14    913      0   1587
    15    913      0   1587
    16    913      0   1587
    17    913      0   1587
    18    913      0   1587
    19    913      0   1587
    20    913      0   1587
    21    913      0   1587
    22    913      0   1587
    23    913      0   1587
    24    913      0   1587
    25    913      0   1587
    26    913      0   1587
    27    913      0   1587
    28    913      0   1587
    29    913      0   1587
    30    913      0   1587
    31    913      0   1587
    32    913      0   1587
    33    913      0   1587
    34    913      0   1587
    35    913      0   1587
    36    913      0   1587
    37    913      0   1587
    38    913      0   1587
    39    913      0   1587
    40    913      0   1587
    41    913      0   1587
    42    913      0   1587
    43    913      0   1587
    44    913      0   1587
    45    913      0   1587
    46    913      0   1587
    47    913      0   1587
    48    913      0   1587
    49    913      0   1587
    50    913      0   1587
    51    913      0   1587
    52    913      0   1587
    53    913      0   1587
    54    913      0   1587
    55    913      0   1587
    56    913      0   1587
    57    913      0   1587
    58    913      0   1587
    59    913      0   1587
    60    913      0   1587
    61    913      0   1587
    62    913      0   1587
    63    913      0   1587
    64    913      0   1587
    65    913      0   1587
    66    913      0   1587
    67    913      0   1587
    68    913      0   1587
    69    913      0   1587
    70    913      0   1587
    71    913      0   1587
    72    913      0   1587
    73    913      0   1587
    74    913      0   1587
    75    913      0   1587
    76    913      0   1587
    77    913      0   1587
    78    913      0   1587
    79    913      0   1587
    80    913      0   1587
    81    913      0   1587
    82    913      0   1587
    83    913      0   1587
    84    913      0   1587
    85    913      0   1587
    86    913      0   1587
    87    913      0   1587
    88    913      0   1587
    89    913      0   1587
    90    913      0   1587
    91    913      0   1587
    92    913      0   1587
    93    913      0   1587
    94    913      0   1587
    95    913      0   1587
    96    913      0   1587
    97    913      0   1587
    98    913      0   1587
    99    913      0   1587
   100    913      0   1587
   101    913      0   1587
   102    913      0   1587
   103    913      0   1587
   104    913      0   1587
   105    913      0   1587
   106    913      0   1587
   107    913      0   1587
   108    913      0   1587
   109    913      0   1587
   110    913      0   1587
   111    913      0   1587
   112    913      0   1587
   113    913      0   1587
   114    913      0   1587
   115    913      0   1587
   116    913      0   1587
   117    913      0   1587
   118    913      0   1587
   119    913      0   1587
   120    913      0   1587
   121    913      0   1587
   122    913      0   1587
   123    913      0   1587
   124    913      0   1587
   125    913      0   1587
   126    913      0   1587
   127    913      0   1587
   128    913      0   1587
   129    913      0   1587
   130    913      0   1587
   131    913      0   1587
   132    913      0   1587
   133    913      0   1587
   134    913      0   1587
   135    913      0   1587
   136    913      0   1587
   137    913      0   1587
   138    913      0   1587
   139    913      0   1587
   140    913      0   1587
   141    913      0   1587
   142    913      0   1587
   143    913      0   1587
   144    913      0   1587
   145    913      0   1587
   146    913      0   1587
   147    913      0   1587
   148    913      0   1587
   149    913      0   1587
   150    913      0   1587
   151    913      0   1587
   152    913      0   1587
   153    913      0   1587
   154    913      0   1587
   155    913      0   1587
   156    913      0   1587
   157    913      0   1587
   158    913      0   1587
   159    913      0   1587
   160    913      0   1587
   161    913      0   1587
   162    913      0   1587
   163    913      0   1587
   164    913      0   1587
   165    913      0   1587
   166    913      0   1587
   167    913      0   1587
   168    913      0   1587
   169    913      0   1587
   170    913      0   1587
   171    913      0   1587
   172    913      0   1587
   173    913      0   1587
   174    913      0   1587
   175    913      0   1587
   176    913      0   1587
   177    913      0   1587
   178    913      0   1587
   179    913      0   1587
   180    913      0   1587
   181    913      0   1587
   182    913      0   1587
   183    913      0   1587
   184    913      0   1587
   185    913      0   1587
   186    913      0   1587
   187    913      0   1587
   188    913      0   1587
   189    913      0   1587
   190    913      0   1587
   191    913      0   1587
   192    913      0   1587
   193    913      0   1587
   194    913      0   1587
   195    913      0   1587
   196    913      0   1587
   197    913      0   1587
   198    913      0   1587
   199    913      0   1587
   200    913      0   1587
   201    913      0   1587
   202    913      0   1587
   203    913      0   1587
   204    913      0   1587
   205    913      0   1587
   206    913      0   1587
   207    913      0   1587
   208    913      0   1587
   209    913      0   1587
   210    913      0   1587
   211    913      0   1587
   212    913      0   1587
   213    913      0   1587
   214    913      0   1587
   215    913      0   1587
   216    913      0   1587
   217    913      0   1587
   218    913      0   1587
   219    913      0   1587
   220    913      0   1587
   221    913      0   1587
   222    913      0   1587
   223    913      0   1587
   224    913      0   1587
   225    913      0   1587
   226    913      0   1587
   227    913      0   1587
   228    913      0   1587
   229    913      0   1587
   230    913      0   1587
   231    913      0   1587
   232    913      0   1587
   233    913      0   1587
   234    913      0   1587
   235    913      0   1587
   236    913      0   1587
   237    913      0   1587
   238    913      0   1587
   239    913      0   1587
   240    913      0   1587
   241    913      0   1587
   242    913      0   1587
   243    913      0   1587
   244    913      0   1587
   245    913      0   1587
   246    913      0   1587
   247    913      0   1587
   248    913      0   1587
   249    913      0   1587
   250    913      0   1587
   251    913      0   1587
   252    913      0   1587
   253    913      0   1587
   254    913      0   1587
   255    913      0   1587
   256    913      0   1587
   257    913      0   1587
   258    913      0   1587
   259    913      0   1587
   260    913      0   1587
   261    913      0   1587
   262    913      0   1587
   263    913      0   1587
   264    913      0   1587
   265    913      0   1587
   266    913      0   1587
   267    913      0   1587
   268    913      0   1587
   269    913      0   1587
   270    913      0   1587
   271    913      0   1587
   272    913      0   1587
   273    913      0   1587
   274    913      0   1587
   275    913      0   1587
   276    913      0   1587
   277    913      0   1587
   278    913      0   1587
   279    913      0   1587
   280    913      0   1587
   281    913      0   1587
   282    913      0   1587
   283    913      0   1587
   284    913      0   1587
   285    913      0   1587
   286    913      0   1587
   287    913      0   1587
   288    913      0   1587
   289    913      0   1587
   290    913      0   1587
   291    913      0   1587
   292    913      0   1587
   293    913      0   1587
   294    913      0   1587
   295    913      0   1587
   296    913      0   1587
   297    913      0   1587
   298    913      0   1587
   299    913      0   1587
   300    913      0   1587
   301    913      0   1587
   302    913      0   1587
   303    913      0   1587
   304    913      0   1587
   305    913      0   1587
   306    913      0   1587
   307    913      0   1587
   308    913      0   1587
   309    913      0   1587
   310    913      0   1587
   311    913      0   1587
   312    913      0   1587
   313    913      0   1587
   314    913      0   1587
   315    913      0   1587
   316    913      0   1587
   317    913      0   1587
   318    913      0   1587
   319    913      0   1587
   320    913      0   1587
   321    913      0   1587
   322    913      0   1587
   323    913      0   1587
   324    913      0   1587
   325    913      0   1587
   326    913      0   1587
   327    913      0   1587
   328    913      0   1587
   329    913      0   1587
   330    913      0   1587
   331    913      0   1587
   332    913      0   1587
   333    913      0   1587
   334    913      0   1587
   335    913      0   1587
   336    913      0   1587
   337    913      0   1587
   338    913      0   1587
   339    913      0   1587
   340    913      0   1587
   341    913      0   1587
   342    913      0   1587
   343    913      0   1587
   344    913      0   1587
   345    913      0   1587
   346    913      0   1587
   347    913      0   1587
   348    913      0   1587
   349    913      0   1587
   350    913      0   1587
   351    913      0   1587
   352    913      0   1587
   353    913      0   1587
   354    913      0   1587
   355    913      0   1587
   356    913      0   1587
   357    913      0   1587
   358    913      0   1587
   359    913      0   1587
   360    913      0   1587
   361    913      0   1587
   362    913      0   1587
   363    913      0   1587
   364    913      0   1587
   365    913      0   1587
   366    913      0   1587
   367    913      0   1587
   368    913      0   1587
   369    913      0   1587
   370    913      0   1587
   371    913      0   1587
   372    913      0   1587
   373    913      0   1587
   374    913      0   1587
   375    913      0   1587
   376    913      0   1587
   377    913      0   1587
   378    913      0   1587
   379    913      0   1587
   380    913      0   1587
   381    913      0   1587
   382    913      0   1587
   383    913      0   1587
   384    913      0   1587
   385    913      0   1587
   386    913      0   1587
   387    913      0   1587
   388    913      0   1587
   389    913      0   1587
   390    913      0   1587
   391    913      0   1587
   392    913      0   1587
   393    913      0   1587
   394    913      0   1587
   395    913      0   1587
   396    913      0   1587
   397    913      0   1587
   398    913      0   1587
   399    913      0   1587
   400    913      0   1587
   401    913      0   1587
   402    913      0   1587
   403    913      0   1587
   404    913      0   1587
   405    913      0   1587
   406    913      0   1587
   407    913      0   1587
   408    913      0   1587
   409    913      0   1587
   410    913      0   1587
   411    913      0   1587
   412    913      0   1587
   413    913      0   1587
   414    913      0   1587
   415    913      0   1587
   416    913      0   1587
   417    913      0   1587
   418    913      0   1587
   419    913      0   1587
   420    913      0   1587
   421    913      0   1587
   422    913      0   1587
   423    913      0   1587
   424    913      0   1587
   425    913      0   1587
   426    913      0   1587
   427    913      0   1587
   428    913      0   1587
   429    913      0   1587
   430    913      0   1587
   431    913      0   1587
   432    913      0   1587
   433    913      0   1587
   434    913      0   1587
   435    913      0   1587
   436    913      0   1587
   437    913      0   1587
   438    913      0   1587
   439    913      0   1587
   440    913      0   1587
   441    913      0   1587
   442    913      0   1587
   443    913      0   1587
   444    913      0   1587
   445    913      0   1587
   446    913      0   1587
   447    913      0   1587
   448    913      0   1587
   449    913      0   1587
   450    913      0   1587
   451    913      0   1587
   452    913      0   1587
   453    913      0   1587
   454    913      0   1587
   455    913      0   1587
   456    913      0   1587
   457    913      0   1587
   458    913      0   1587
   459    913      0   1587
   460    913      0   1587
   461    913      0   1587
   462    913      0   1587
   463    913      0   1587
   464    913      0   1587
   465    913      0   1587
   466    913      0   1587
   467    913      0   1587
   468    913      0   1587
   469    913      0   1587
   470    913      0   1587
   471    913      0   1587
   472    913      0   1587
   473    913      0   1587
   474    913      0   1587
   475    913      0   1587
   476    913      0   1587
   477    913      0   1587
   478    913      0   1587
   479    913      0   1587
   480    913      0   1587
   481    913      0   1587
   482    913      0   1587
   483    913      0   1587
   484    913      0   1587
   485    913      0   1587
   486    913      0   1587
   487    913      0   1587
   488    913      0   1587
   489    913      0   1587
   490    913      0   1587
   491    913      0   1587
   492    913      0   1587
   493    913      0   1587
   494    913      0   1587
   495    913      0   1587
   496    913      0   1587
   497    913      0   1587
   498    913      0   1587
   499    913      0   1587
   500    913      0   1587
   501    913      0   1587
   502    913      0   1587
   503    913      0   1587
   504    913      0   1587
   505    913      0   1587
   506    913      0   1587
   507    913      0   1587
   508    913      0   1587
   509    913      0   1587
   510    913      0   1587
   511    913      0   1587
   512    913      0   1587
   513    913      0   1587
   514    913      0   1587
   515    913      0   1587
   516    913      0   1587
   517    913      0   1587
   518    913      0   1587
   519    913      0   1587
   520    913      0   1587
   521    913      0   1587
   522    913      0   1587
   523    913      0   1587
   524    913      0   1587
   525    913      0   1587
   526    913      0   1587
   527    913      0   1587
   528    913      0   1587
   529    913      0   1587
   530    913      0   1587
   531    913      0   1587
   532    913      0   1587
   533    913      0   1587
   534    913      0   1587
   535    913      0   1587
   536    913      0   1587
   537    913      0   1587
   538    913      0   1587
   539    913      0   1587
   540    913      0   1587
   541    913      0   1587
   542    913      0   1587
   543    913      0   1587
   544    913      0   1587
   545    913      0   1587
   546    913      0   1587
   547    913      0   1587
   548    913      0   1587
   549    913      0   1587
   550    913      0   1587
   551    913      0   1587
   552    913      0   1587
   553    913      0   1587
   554    913      0   1587
   555    913      0   1587
   556    913      0   1587
   557    913      0   1587
   558    913      0   1587
   559    913      0   1587
   560    913      0   1587
   561    913      0   1587
   562    913      0   1587
   563    913      0   1587
   564    913      0   1587
   565    913      0   1587
   566    913      0   1587
   567    913      0   1587
   568    913      0   1587
   569    913      0   1587
   570    913      0   1587
   571    913      0   1587
   572    913      0   1587
   573    913      0   1587
   574    913      0   1587
   575    913      0   1587
   576    913      0   1587
   577    913      0   1587
   578    913      0   1587
   579    913      0   1587
   580    913      0   1587
   581    913      0   1587
   582    913      0   1587
   583    913      0   1587
   584    913      0   1587
   585    913      0   1587
   586    913      0   1587
   587    913      0   1587
   588    913      0   1587
   589    913      0   1587
   590    913      0   1587
   591    913      0   1587
   592    913      0   1587
   593    913      0   1587
   594    913      0   1587
   595    913      0   1587
   596    913      0   1587
   597    913      0   1587
   598    913      0   1587
   599    913      0   1587
   600    913      0   1587
   601    913      0   1587
   602    913      0   1587
   603    913      0   1587
   604    913      0   1587
   605    913      0   1587
   606    913      0   1587
   607    913      0   1587
   608    913      0   1587
   609    913      0   1587
   610    913      0   1587
   611    913      0   1587
   612    913      0   1587
   613    913      0   1587
   614    913      0   1587
   615    913      0   1587
   616    913      0   1587
   617    913      0   1587
   618    913      0   1587
   619    913      0   1587
   620    913      0   1587
   621    913      0   1587
   622    913      0   1587
   623    913      0   1587
   624    913      0   1587
   625    913      0   1587
   626    913      0   1587
   627    913      0   1587
   628    913      0   1587
   629    913      0   1587
   630    913      0   1587
   631    913      0   1587
   632    913      0   1587
   633    913      0   1587
   634    913      0   1587
   635    913      0   1587
   636    913      0   1587
   637    913      0   1587
   638    913      0   1587
   639    913      0   1587
   640    913      0   1587
   641    913      0   1587
   642    913      0   1587
   643    913      0   1587
   644    913      0   1587
   645    913      0   1587
   646    913      0   1587
   647    913      0   1587
   648    913      0   1587
   649    913      0   1587
   650    913      0   1587
   651    913      0   1587
   652    913      0   1587
   653    913      0   1587
   654    913      0   1587
   655    913      0   1587
   656    913      0   1587
   657    913      0   1587
   658    913      0   1587
   659    913      0   1587
   660    913      0   1587
   661    913      0   1587
   662    913      0   1587
   663    913      0   1587
   664    913      0   1587
   665    913      0   1587
   666    913      0   1587
   667    913      0   1587
   668    913      0   1587
   669    913      0   1587
   670    913      0   1587
   671    913      0   1587
   672    913      0   1587
   673    913      0   1587
   674    913      0   1587
   675    913      0   1587
   676    913      0   1587
   677    913      0   1587
   678    913      0   1587
   679    913      0   1587
   680    913      0   1587
   681    913      0   1587
   682    913      0   1587
   683    913      0   1587
   684    913      0   1587
   685    913      0   1587
   686    913      0   1587
   687    913      0   1587
   688    913      0   1587
   689    913      0   1587
   690    913      0   1587
   691    913      0   1587
   692    913      0   1587
   693    913      0   1587
   694    913      0   1587
   695    913      0   1587
   696    913      0   1587
   697    913      0   1587
   698    913      0   1587
   699    913      0   1587
   700    913      0   1587
   701    913      0   1587
   702    913      0   1587
   703    913      0   1587
   704    913      0   1587
   705    913      0   1587
   706    913      0   1587
   707    913      0   1587
   708    913      0   1587
   709    913      0   1587
   710    913      0   1587
   711    913      0   1587
   712    913      0   1587
   713    913      0   1587
   714    913      0   1587
   715    913      0   1587
   716    913      0   1587
   717    913      0   1587
   718    913      0   1587
   719    913      0   1587
   720    913      0   1587
   721    913      0   1587
   722    913      0   1587
   723    913      0   1587
   724    913      0   1587
   725    913      0   1587
   726    913      0   1587
   727    913      0   1587
   728    913      0   1587
   729    913      0   1587
   730    913      0   1587
   731    913      0   1587
   732    913      0   1587
   733    913      0   1587
   734    913      0   1587
   735    913      0   1587
   736    913      0   1587
   737    913      0   1587
   738    913      0   1587
   739    913      0   1587
   740    913      0   1587
   741    913      0   1587
   742    913      0   1587
   743    913      0   1587
   744    913      0   1587
   745    913      0   1587
   746    913      0   1587
   747    913      0   1587
   748    913      0   1587
   749    913      0   1587
   750    913      0   1587
   751    913      0   1587
   752    913      0   1587
   753    913      0   1587
   754    913      0   1587
   755    913      0   1587
   756    913      0   1587
   757    913      0   1587
   758    913      0   1587
   759    913      0   1587
   760    913      0   1587
   761    913      0   1587
   762    913      0   1587
   763    913      0   1587
   764    913      0   1587
   765    913      0   1587
   766    913      0   1587
   767    913      0   1587
   768    913      0   1587
   769    913      0   1587
   770    913      0   1587
   771    913      0   1587
   772    913      0   1587
   773    913      0   1587
   774    913      0   1587
   775    913      0   1587
   776    913      0   1587
   777    913      0   1587
   778    913      0   1587
   779    913      0   1587
   780    913      0   1587
   781    913      0   1587
   782    913      0   1587
   783    913      0   1587
   784    913      0   1587
   785    913      0   1587
   786    913      0   1587
   787    913      0   1587
   788    913      0   1587
   789    913      0   1587
   790    913      0   1587
   791    913      0   1587
   792    913      0   1587
   793    913      0   1587
   794    913      0   1587
   795    913      0   1587
   796    913      0   1587
   797    913      0   1587
   798    913      0   1587
   799    913      0   1587
   800    913      0   1587
   801    913      0   1587
   802    913      0   1587
   803    913      0   1587
   804    913      0   1587
   805    913      0   1587
   806    913      0   1587
   807    913      0   1587
   808    913      0   1587
   809    913      0   1587
   810    913      0   1587
   811    913      0   1587
   812    913      0   1587
   813    913      0   1587
   814    913      0   1587
   815    913      0   1587
   816    913      0   1587
   817    913      0   1587
   818    913      0   1587
   819    913      0   1587
   820    913      0   1587
   821    913      0   1587
   822    913      0   1587
   823    913      0   1587
   824    913      0   1587
   825    913      0   1587
   826    913      0   1587
   827    913      0   1587
   828    913      0   1587
   829    913      0   1587
   830    913      0   1587
   831    913      0   1587
   832    913      0   1587
   833    913      0   1587
   834    913      0   1587
   835    913      0   1587
   836    913      0   1587
   837    913      0   1587
   838    913      0   1587
   839    913      0   1587
   840    913      0   1587
   841    913      0   1587
   842    913      0   1587
   843    913      0   1587
   844    913      0   1587
   845    913      0   1587
   846    913      0   1587
   847    913      0   1587
   848    913      0   1587
   849    913      0   1587
   850    913      0   1587
   851    913      0   1587
   852    913      0   1587
   853    913      0   1587
   854    913      0   1587
   855    913      0   1587
   856    913      0   1587
   857    913      0   1587
   858    913      0   1587
   859    913      0   1587
   860    913      0   1587
   861    913      0   1587
   862    913      0   1587
   863    913      0   1587
   864    913      0   1587
   865    913      0   1587
   866    913      0   1587
   867    913      0   1587
   868    913      0   1587
   869    913      0   1587
   870    913      0   1587
   871    913      0   1587
   872    913      0   1587
   873    913      0   1587
   874    913      0   1587
   875    913      0   1587
   876    913      0   1587
   877    913      0   1587
   878    913      0   1587
   879    913      0   1587
   880    913      0   1587
   881    913      0   1587
   882    913      0   1587
   883    913      0   1587
   884    913      0   1587
   885    913      0   1587
   886    913      0   1587
   887    913      0   1587
   888    913      0   1587
   889    913      0   1587
   890    913      0   1587
   891    913      0   1587
   892    913      0   1587
   893    913      0   1587
   894    913      0   1587
   895    913      0   1587
   896    913      0   1587
   897    913      0   1587
   898    913      0   1587
   899    913      0   1587
   900    913      0   1587
   901    913      0   1587
   902    913      0   1587
   903    913      0   1587
   904    913      0   1587
   905    913      0   1587
   906    913      0   1587
   907    913      0   1587
   908    913      0   1587
   909    913      0   1587
   910    913      0   1587
   911    913      0   1587
   912    913      0   1587
   913    913      0   1587
   914    913      0   1587
   915    913      0   1587
   916    913      0   1587
   917    913      0   1587
   918    913      0   1587
   919    913      0   1587
   920    913      0   1587
   921    913      0   1587
   922    913      0   1587
   923    913      0   1587
   924    913      0   1587
   925    913      0   1587
   926    913      0   1587
   927    913      0   1587
   928    913      0   1587
   929    913      0   1587
   930    913      0   1587
   931    913      0   1587
   932    913      0   1587
   933    913      0   1587
   934    913      0   1587
   935    913      0   1587
   936    913      0   1587
   937    913      0   1587
   938    913      0   1587
   939    913      0   1587
   940    913      0   1587
   941    913      0   1587
   942    913      0   1587
   943    913      0   1587
   944    913      0   1587
   945    913      0   1587
   946    913      0   1587
   947    913      0   1587
   948    913      0   1587
   949    913      0   1587
   950    913      0   1587
   951    913      0   1587
   952    913      0   1587
   953    913      0   1587
   954    913      0   1587
   955    913      0   1587
   956    913      0   1587
   957    913      0   1587
   958    913      0   1587
   959    913      0   1587
   960    913      0   1587
   961    913      0   1587
   962    913      0   1587
   963    913      0   1587
   964    913      0   1587
   965    913      0   1587
   966    913      0   1587
   967    913      0   1587
   968    913      0   1587
   969    913      0   1587
   970    913      0   1587
   971    913      0   1587
   972    913      0   1587
   973    913      0   1587
   974    913      0   1587
   975    913      0   1587
   976    913      0   1587
   977    913      0   1587
   978    913      0   1587
   979    913      0   1587
   980    913      0   1587
   981    913      0   1587
   982    913      0   1587
   983    913      0   1587
   984    913      0   1587
   985    913      0   1587
   986    913      0   1587
   987    913      0   1587
   988    913      0   1587
   989    913      0   1587
   990    913      0   1587
   991    913      0   1587
   992    913      0   1587
   993    913      0   1587
   994    913      0   1587
   995    913      0   1587
   996    913      0   1587
   997    913      0   1587
   998    913      0   1587
   999    913      0   1587
  1000    913      0   1587
