# time (sweeps) | Susceptible | Infected | Recovered
     0    818    717    965
     1    857    681    962
     2    825    679    996
     3    840    655   1005
     4    836    708    956
     5    798    719    983
     6    779    733    988
     7    767    726   1007
     8    781    719   1000
     9    792    698   1010
    10    818    709    973
    11    845    692    963
    12    819    704    977
    13    839    731    930
    14    808    736    956
    15    760    731   1009
    16    822    648   1030
    17    861    673    966
    18    881    646    973
    19    885    669    946
    20    856    696    948
    21    828    686    986
    22    829    689    982
    23    848    670    982
    24    868    688    944
    25    835    690    975
    26    820    713    967
    27    798    712    990
    28    820    704    976
    29    786    725    989
    30    828    679    993
    31    830    670   1000
    32    852    684    964
    33    847    673    980
    34    822    701    977
    35    802    716    982
    36    775    734    991
    37    791    729    980
    38    775    732    993
    39    807    691   1002
    40    839    680    981
    41    838    695    967
    42    888    654    958
    43    900    667    933
    44    897    652    951
    45    924    644    932
    46    896    649    955
    47    899    678    923
    48    826    696    978
    49    824    688    988
    50    806    708    986
    51    792    722    986
    52    784    690   1026
    53    781    663   1056
    54    837    654   1009
    55    867    643    990
    56    865    677    958
    57    876    660    964
    58    881    672    947
    59    862    697    941
    60    825    746    929
    61    816    713    971
    62    817    699    984
    63    804    698    998
    64    797    709    994
    65    796    689   1015
    66    763    683   1054
    67    794    666   1040
    68    823    677   1000
    69    809    691   1000
    70    805    707    988
    71    835    690    975
    72    835    684    981
    73    834    665   1001
    74    854    673    973
    75    825    702    973
    76    773    740    987
    77    785    731    984
    78    755    736   1009
    79    788    691   1021
    80    792    672   1036
    81    777    714   1009
    82    774    697   1029
    83    813    659   1028
    84    838    659   1003
    85    832    647   1021
    86    870    621   1009
    87    894    612    994
    88    930    656    914
    89    896    694    910
    90    838    700    962
    91    830    700    970
    92    808    737    955
    93    787    707   1006
    94    814    693    993
    95    830    682    988
    96    812    689    999
    97    881    631    988
    98    877    648    975
    99    877    650    973
   100    853    681    966
   101    829    694    977
   102    843    686    971
   103    820    722    958
   104    774    748    978
   105    752    741   1007
   106    768    736    996
   107    743    730   1027
   108    732    751   1017
   109    744    726   1030
   110    782    669   1049
   111    814    667   1019
   112    863    666    971
   113    866    663    971
   114    866    685    949
   115    866    689    945
   116    811    719    970
   117    844    701    955
   118    836    711    953
   119    779    765    956
   120    765    741    994
   121    767    738    995
   122    763    734   1003
   123    804    686   1010
   124    808    678   1014
   125    807    662   1031
   126    816    704    980
   127    830    687    983
   128    845    677    978
   129    803    743    954
   130    798    726    976
   131    790    686   1024
   132    832    662   1006
   133    857    659    984
   134    871    648    981
   135    828    705    967
   136    787    735    978
   137    773    750    977
   138    783    716   1001
   139    771    703   1026
   140    772    700   1028
   141    773    715   1012
   142    782    712   1006
   143    813    704    983
   144    826    694    980
   145    852    672    976
   146    866    679    955
   147    853    703    944
   148    851    669    980
   149    880    671    949
   150    869    659    972
   151    854    652    994
   152    874    653    973
   153    847    680    973
   154    846    686    968
   155    810    684   1006
   156    817    672   1011
   157    820    662   1018
   158    791    698   1011
   159    776    701   1023
   160    783    731    986
   161    784    727    989
   162    831    666   1003
   163    834    695    971
   164    847    672    981
   165    815    689    996
   166    845    674    981
   167    829    688    983
   168    841    667    992
   169    840    682    978
   170    870    644    986
   171    909    611    980
   172    880    656    964
   173    866    669    965
   174    842    659    999
   175    886    669    945
   176    849    693    958
   177    815    707    978
   178    834    682    984
   179    849    701    950
   180    846    684    970
   181    849    675    976
   182    822    706    972
   183    845    705    950
   184    843    722    935
   185    806    740    954
   186    782    714   1004
   187    780    738    982
   188    806    689   1005
   189    784    709   1007
   190    843    675    982
   191    855    646    999
   192    841    694    965
   193    822    649   1029
   194    835    636   1029
   195    842    653   1005
   196    808    690   1002
   197    791    722    987
   198    762    735   1003
   199    790    691   1019
   200    760    697   1043
   201    778    704   1018
   202    827    685    988
   203    847    695    958
   204    806    721    973
   205    805    705    990
   206    795    704   1001
   207    770    742    988
   208    759    753    988
   209    746    726   1028
   210    794    693   1013
   211    782    696   1022
   212    810    671   1019
   213    841    662    997
   214    842    676    982
   215    851    688    961
   216    834    680    986
   217    854    702    944
   218    790    743    967
   219    786    731    983
   220    790    719    991
   221    850    704    946
   222    841    709    950
   223    799    710    991
   224    796    710    994
   225    770    740    990
   226    756    692   1052
   227    826    672   1002
   228    831    679    990
   229    838    683    979
   230    822    726    952
   231    794    729    977
   232    766    764    970
   233    753    736   1011
   234    761    720   1019
   235    803    697   1000
   236    838    698    964
   237    862    656    982
   238    848    662    990
   239    854    678    968
   240    871    661    968
   241    819    669   1012
   242    789    679   1032
   243    775    675   1050
   244    795    694   1011
   245    833    633   1034
   246    879    667    954
   247    852    699    949
   248    828    714    958
   249    801    731    968
   250    759    749    992
   251    760    722   1018
   252    764    723   1013
   253    742    750   1008
   254    782    711   1007
   255    807    683   1010
   256    836    656   1008
   257    875    679    946
   258    815    716    969
   259    839    682    979
   260    823    668   1009
   261    811    680   1009
   262    827    703    970
   263    820    699    981
   264    836    665    999
   265    822    680    998
   266    816    668   1016
   267    835    670    995
   268    824    677    999
   269    827    673   1000
   270    839    665    996
   271    845    692    963
   272    825    691    984
   273    824    702    974
   274    833    693    974
   275    821    715    964
   276    814    698    988
   277    800    682   1018
   278    824    656   1020
   279    841    670    989
   280    822    679    999
   281    818    691    991
   282    770    715   1015
   283    786    707   1007
   284    806    701    993
   285    789    713    998
   286    789    720    991
   287    794    700   1006
   288    820    696    984
   289    865    671    964
   290    883    658    959
   291    865    666    969
   292    877    703    920
   293    837    718    945
   294    805    707    988
   295    819    675   1006
   296    810    721    969
   297    811    696    993
   298    811    680   1009
   299    841    685    974
   300    843    681    976
   301    811    701    988
   302    797    726    977
   303    812    671   1017
   304    818    705    977
   305    815    722    963
   306    790    770    940
   307    799    738    963
   308    776    743    981
   309    796    749    955
   310    790    728    982
   311    836    709    955
   312    807    729    964
   313    771    721   1008
   314    785    702   1013
   315    783    680   1037
   316    768    702   1030
   317    773    685   1042
   318    814    670   1016
   319    849    665    986
   320    810    724    966
   321    791    694   1015
   322    781    739    980
   323    762    748    990
   324    756    746    998
   325    762    697   1041
   326    802    708    990
   327    804    696   1000
   328    814    708    978
   329    814    709    977
   330    834    720    946
   331    802    735    963
   332    765    752    983
   333    784    717    999
   334    797    700   1003
   335    791    694   1015
   336    778    707   1015
   337    787    696   1017
   338    793    684   1023
   339    824    692    984
   340    830    674    996
   341    827    686    987
   342    798    697   1005
   343    852    692    956
   344    856    735    909
   345    789    765    946
   346    764    747    989
   347    760    722   1018
   348    760    670   1070
   349    848    627   1025
   350    829    635   1036
   351    866    612   1022
   352    913    596    991
   353    931    636    933
   354    921    681    898
   355    860    673    967
   356    815    691    994
   357    824    702    974
   358    810    698    992
   359    786    708   1006
   360    813    705    982
   361    836    682    982
   362    845    684    971
   363    823    691    986
   364    808    714    978
   365    762    723   1015
   366    771    734    995
   367    774    706   1020
   368    771    718   1011
   369    778    721   1001
   370    794    721    985
   371    799    685   1016
   372    807    684   1009
   373    789    683   1028
   374    806    697    997
   375    788    693   1019
   376    780    661   1059
   377    827    651   1022
   378    845    641   1014
   379    853    655    992
   380    868    676    956
   381    884    677    939
   382    834    711    955
   383    787    772    941
   384    802    704    994
   385    824    683    993
   386    826    708    966
   387    804    691   1005
   388    783    726    991
   389    763    706   1031
   390    764    701   1035
   391    791    676   1033
   392    806    677   1017
   393    827    675    998
   394    865    632   1003
   395    838    683    979
   396    842    670    988
   397    808    659   1033
   398    801    718    981
   399    787    723    990
   400    773    730    997
   401    768    750    982
   402    778    702   1020
   403    782    655   1063
   404    815    631   1054
   405    857    643   1000
   406    875    658    967
   407    865    674    961
   408    874    668    958
   409    865    659    976
   410    888    619    993
   411    849    685    966
   412    820    719    961
   413    801    729    970
   414    808    668   1024
   415    798    686   1016
   416    783    699   1018
   417    826    673   1001
   418    857    642   1001
   419    854    676    970
   420    873    634    993
   421    864    682    954
   422    838    671    991
   423    852    636   1012
   424    853    670    977
   425    871    692    937
   426    842    676    982
   427    842    675    983
   428    837    656   1007
   429    799    662   1039
   430    814    690    996
   431    813    667   1020
   432    798    666   1036
   433    802    663   1035
   434    859    658    983
   435    843    673    984
   436    862    659    979
   437    856    695    949
   438    801    683   1016
   439    796    723    981
   440    763    733   1004
   441    767    736    997
   442    782    705   1013
   443    783    687   1030
   444    796    709    995
   445    783    710   1007
   446    799    691   1010
   447    821    683    996
   448    822    669   1009
   449    843    669    988
   450    835    675    990
   451    860    666    974
   452    858    644    998
   453    912    616    972
   454    897    649    954
   455    897    665    938
   456    879    623    998
   457    870    627   1003
   458    855    661    984
   459    842    687    971
   460    842    700    958
   461    773    726   1001
   462    774    735    991
   463    781    706   1013
   464    818    695    987
   465    841    652   1007
   466    868    647    985
   467    851    688    961
   468    822    725    953
   469    818    712    970
   470    763    739    998
   471    786    732    982
   472    786    698   1016
   473    804    717    979
   474    836    713    951
   475    783    728    989
   476    804    718    978
   477    773    750    977
   478    749    766    985
   479    712    760   1028
   480    755    726   1019
   481    757    753    990
   482    784    711   1005
   483    813    724    963
   484    841    671    988
   485    850    684    966
   486    821    717    962
   487    827    695    978
   488    823    702    975
   489    808    701    991
   490    798    720    982
   491    775    741    984
   492    805    686   1009
   493    796    710    994
   494    783    704   1013
   495    798    687   1015
   496    814    693    993
   497    848    649   1003
   498    878    646    976
   499    885    648    967
   500    893    632    975
   501    894    604   1002
   502    926    633    941
   503    967    613    920
   504    901    705    894
   505    841    707    952
   506    815    705    980
   507    809    706    985
   508    810    683   1007
   509    796    693   1011
   510    826    679    995
   511    837    708    955
   512    823    718    959
   513    799    729    972
   514    764    763    973
   515    763    721   1016
   516    804    681   1015
   517    808    671   1021
   518    810    650   1040
   519    846    654   1000
   520    820    711    969
   521    769    735    996
   522    737    730   1033
   523    760    717   1023
   524    810    631   1059
   525    825    672   1003
   526    822    681    997
   527    822    710    968
   528    837    686    977
   529    820    656   1024
   530    833    649   1018
   531    796    692   1012
   532    808    675   1017
   533    813    728    959
   534    800    756    944
   535    764    709   1027
   536    759    697   1044
   537    767    717   1016
   538    800    698   1002
   539    788    705   1007
   540    771    692   1037
   541    815    685   1000
   542    821    719    960
   543    812    668   1020
   544    822    699    979
   545    864    670    966
   546    837    709    954
   547    783    748    969
   548    764    718   1018
   549    767    685   1048
   550    788    662   1050
   551    818    655   1027
   552    843    615   1042
   553    839    661   1000
   554    817    672   1011
   555    823    666   1011
   556    821    644   1035
   557    834    659   1007
   558    853    677    970
   559    850    684    966
   560    876    679    945
   561    894    678    928
   562    899    658    943
   563    839    697    964
   564    794    695   1011
   565    823    651   1026
   566    826    652   1022
   567    876    653    971
   568    839    661   1000
   569    844    631   1025
   570    847    704    949
   571    840    686    974
   572    847    690    963
   573    818    694    988
   574    827    661   1012
   575    850    674    976
   576    860    662    978
   577    856    710    934
   578    821    714    965
   579    821    715    964
   580    814    702    984
   581    791    691   1018
   582    807    717    976
   583    797    735    968
   584    768    749    983
   585    755    795    950
   586    761    742    997
   587    776    726    998
   588    797    665   1038
   589    846    657    997
   590    827    660   1013
   591    797    679   1024
   592    827    682    991
   593    794    708    998
   594    805    706    989
   595    794    712    994
   596    776    716   1008
   597    797    671   1032
   598    841    675    984
   599    844    648   1008
   600    858    638   1004
   601    861    671    968
   602    809    720    971
   603    835    694    971
   604    840    695    965
   605    825    696    979
   606    829    695    976
   607    846    638   1016
   608    870    648    982
   609    878    640    982
   610    850    671    979
   611    813    673   1014
   612    798    697   1005
   613    802    713    985
   614    771    707   1022
   615    781    708   1011
   616    750    723   1027
   617    728    733   1039
   618    747    702   1051
   619    756    710   1034
   620    770    702   1028
   621    810    684   1006
   622    780    701   1019
   623    833    668    999
   624    834    698    968
   625    824    708    968
   626    773    722   1005
   627    725    708   1067
   628    781    675   1044
   629    812    650   1038
   630    897    605    998
   631    910    623    967
   632    912    656    932
   633    871    680    949
   634    852    661    987
   635    857    617   1026
   636    875    633    992
   637    872    633    995
   638    839    692    969
   639    853    668    979
   640    885    631    984
   641    851    657    992
   642    830    689    981
   643    842    697    961
   644    796    737    967
   645    780    738    982
   646    795    699   1006
   647    790    685   1025
   648    826    664   1010
   649    845    722    933
   650    813    721    966
   651    795    705   1000
   652    782    720    998
   653    766    725   1009
   654    763    704   1033
   655    771    728   1001
   656    816    729    955
   657    834    686    980
   658    817    723    960
   659    806    717    977
   660    806    708    986
   661    792    702   1006
   662    791    709   1000
   663    799    721    980
   664    802    731    967
   665    811    667   1022
   666    832    640   1028
   667    887    630    983
   668    892    685    923
   669    853    704    943
   670    815    700    985
   671    826    666   1008
   672    875    701    924
   673    837    712    951
   674    819    699    982
   675    787    721    992
   676    820    669   1011
   677    867    646    987
   678    868    666    966
   679    808    702    990
   680    806    699    995
   681    854    683    963
   682    832    700    968
   683    855    648    997
   684    878    688    934
   685    860    701    939
   686    830    714    956
   687    829    709    962
   688    828    698    974
   689    822    704    974
   690    804    712    984
   691    780    716   1004
   692    787    701   1012
   693    793    719    988
   694    763    723   1014
   695    788    702   1010
   696    758    698   1044
   697    810    696    994
   698    788    710   1002
   699    799    680   1021
   700    802    688   1010
   701    789    702   1009
   702    826    702    972
   703    808    715    977
   704    787    736    977
   705    777    714   1009
   706    771    699   1030
   707    771    701   1028
   708    758    691   1051
   709    818    657   1025
   710    860    626   1014
   711    830    678    992
   712    847    659    994
   713    876    635    989
   714    844    689    967
   715    850    676    974
   716    845    699    956
   717    835    663   1002
   718    863    653    984
   719    878    660    962
   720    883    664    953
   721    885    662    953
   722    898    639    963
   723    882    670    948
   724    889    651    960
   725    913    631    956
   726    889    636    975
   727    821    683    996
   728    821    661   1018
   729    806    708    986
   730    793    719    988
   731    770    720   1010
   732    807    684   1009
   733    801    700    999
   734    808    719    973
   735    820    729    951
   736    806    736    958
   737    820    682    998
   738    801    701    998
   739    806    710    984
   740    797    676   1027
   741    838    671    991
   742    791    728    981
   743    771    726   1003
   744    785    708   1007
   745    786    714   1000
   746    794    711    995
   747    808    731    961
   748    819    701    980
   749    772    705   1023
   750    831    711    958
   751    823    720    957
   752    803    713    984
   753    803    720    977
   754    778    737    985
   755    786    712   1002
   756    791    662   1047
   757    802    679   1019
   758    793    671   1036
   759    826    664   1010
   760    825    702    973
   761    789    723    988
   762    795    712    993
   763    804    677   1019
   764    806    711    983
   765    795    709    996
   766    791    702   1007
   767    807    697    996
   768    788    689   1023
   769    802    657   1041
   770    853    643   1004
   771    855    666    979
   772    870    620   1010
   773    905    642    953
   774    870    717    913
   775    833    731    936
   776    787    751    962
   777    813    716    971
   778    798    714    988
   779    809    682   1009
   780    788    696   1016
   781    817    677   1006
   782    849    664    987
   783    798    710    992
   784    776    716   1008
   785    775    730    995
   786    779    690   1031
   787    774    714   1012
   788    762    730   1008
   789    725    736   1039
   790    749    704   1047
   791    804    669   1027
   792    827    665   1008
   793    868    644    988
   794    882    658    960
   795    825    719    956
   796    792    723    985
   797    770    711   1019
   798    762    702   1036
   799    784    685   1031
   800    785    690   1025
   801    814    674   1012
   802    842    696    962
   803    805    711    984
   804    803    696   1001
   805    789    712    999
   806    800    699   1001
   807    809    703    988
   808    856    694    950
   809    795    743    962
   810    780    747    973
   811    778    750    972
   812    778    707   1015
   813    800    673   1027
   814    796    670   1034
   815    842    660    998
   816    847    646   1007
   817    831    639   1030
   818    846    654   1000
   819    822    663   1015
   820    857    647    996
   821    877    639    984
   822    875    682    943
   823    818    707    975
   824    794    723    983
   825    788    731    981
   826    754    703   1043
   827    779    711   1010
   828    795    661   1044
   829    852    599   1049
   830    880    597   1023
   831    897    616    987
   832    922    626    952
   833    908    660    932
   834    902    666    932
   835    870    679    951
   836    832    697    971
   837    798    705    997
   838    824    686    990
   839    830    667   1003
   840    815    667   1018
   841    871    645    984
   842    880    672    948
   843    867    681    952
   844    831    733    936
   845    830    689    981
   846    831    681    988
   847    840    696    964
   848    827    689    984
   849    855    674    971
   850    836    684    980
   851    819    699    982
   852    807    654   1039
   853    835    647   1018
   854    853    657    990
   855    858    644    998
   856    856    652    992
   857    877    636    987
   858    931    632    937
   859    923    655    922
   860    928    661    911
   861    862    707    931
   862    872    704    924
   863    796    758    946
   864    721    779   1000
   865    772    710   1018
   866    769    717   1014
   867    773    713   1014
   868    792    689   1019
   869    793    704   1003
   870    819    685    996
   871    818    698    984
   872    791    709   1000
   873    783    711   1006
   874    783    680   1037
   875    839    656   1005
   876    913    625    962
   877    928    601    971
   878    946    652    902
   879    891    710    899
   880    874    676    950
   881    854    688    958
   882    834    667    999
   883    834    680    986
   884    813    694    993
   885    806    691   1003
   886    813    675   1012
   887    860    697    943
   888    798    732    970
   889    779    726    995
   890    799    691   1010
   891    784    693   1023
   892    797    683   1020
   893    823    649   1028
   894    836    624   1040
   895    837    641   1022
   896    831    668   1001
   897    866    641    993
   898    855    665    980
   899    866    664    970
   900    897    645    958
   901    875    684    941
   902    876    677    947
   903    854    708    938
   904    821    729    950
   905    834    693    973
   906    866    669    965
   907    836    704    960
   908    858    668    974
   909    842    651   1007
   910    888    665    947
   911    856    700    944
   912    831    718    951
   913    805    721    974
   914    776    761    963
   915    776    734    990
   916    769    730   1001
   917    810    700    990
   918    778    719   1003
   919    766    711   1023
   920    763    685   1052
   921    775    723   1002
   922    811    670   1019
   923    844    629   1027
   924    887    651    962
   925    871    676    953
   926    857    710    933
   927    847    705    948
   928    837    684    979
   929    834    648   1018
   930    870    630   1000
   931    836    702    962
   932    826    716    958
   933    782    723    995
   934    781    724    995
   935    832    685    983
   936    805    726    969
   937    800    709    991
   938    794    707    999
   939    784    698   1018
   940    790    694   1016
   941    780    697   1023
   942    817    658   1025
   943    838    685    977
   944    816    711    973
   945    776    705   1019
   946    774    730    996
   947    766    742    992
   948    779    701   1020
   949    773    715   1012
   950    803    705    992
   951    749    729   1022
   952    765    714   1021
   953    817    648   1035
   954    819    640   1041
   955    858    638   1004
   956    907    667    926
   957    832    724    944
   958    801    735    964
   959    820    721    959
   960    802    768    930
   961    775    707   1018
   962    770    684   1046
   963    772    680   1048
   964    781    683   1036
   965    815    697    988
   966    794    686   1020
   967    831    657   1012
   968    847    663    990
   969    841    674    985
   970    827    665   1008
   971    794    722    984
   972    805    695   1000
   973    828    699    973
   974    830    681    989
   975    856    663    981
   976    847    698    955
   977    826    692    982
   978    764    717   1019
   979    768    686   1046
   980    828    649   1023
   981    819    651   1030
   982    853    670    977
   983    894    689    917
   984    836    728    936
   985    814    703    983
   986    830    728    942
   987    820    717    963
   988    781    709   1010
   989    777    724    999
   990    764    694   1042
   991    797    669   1034
   992    829    677    994
   993    842    660    998
   994    862    661    977
   995    858    681    961
   996    858    678    964
   997    856    695    949
   998    824    742    934
   999    788    733    979
  1000    796    728    976
