# time (sweeps) | Susceptible | Infected | Recovered
     0    809    820    871
     1    819    798    883
     2    819    801    880
     3    770    842    888
     4    802    806    892
     5    797    789    914
     6    828    786    886
     7    792    822    886
     8    728    853    919
     9    807    812    881
    10    806    805    889
    11    776    806    918
    12    798    819    883
    13    771    837    892
    14    801    821    878
    15    775    800    925
    16    732    844    924
    17    716    852    932
    18    738    844    918
    19    752    847    901
    20    745    837    918
    21    763    801    936
    22    765    836    899
    23    775    803    922
    24    777    786    937
    25    813    775    912
    26    833    764    903
    27    779    835    886
    28    767    846    887
    29    770    829    901
    30    786    823    891
    31    820    821    859
    32    808    845    847
    33    783    823    894
    34    761    834    905
    35    749    819    932
    36    776    802    922
    37    803    814    883
    38    816    799    885
    39    788    818    894
    40    801    827    872
    41    807    800    893
    42    785    817    898
    43    792    818    890
    44    815    792    893
    45    792    786    922
    46    775    823    902
    47    777    844    879
    48    752    840    908
    49    780    813    907
    50    785    804    911
    51    773    852    875
    52    795    769    936
    53    752    807    941
    54    771    777    952
    55    744    838    918
    56    777    783    940
    57    796    803    901
    58    782    816    902
    59    795    804    901
    60    817    812    871
    61    765    850    885
    62    741    832    927
    63    766    805    929
    64    745    817    938
    65    761    801    938
    66    774    819    907
    67    817    764    919
    68    819    772    909
    69    775    811    914
    70    759    827    914
    71    794    771    935
    72    798    761    941
    73    780    795    925
    74    820    757    923
    75    760    815    925
    76    734    836    930
    77    743    822    935
    78    798    773    929
    79    803    791    906
    80    813    754    933
    81    833    801    866
    82    791    864    845
    83    757    812    931
    84    786    795    919
    85    793    811    896
    86    849    798    853
    87    828    779    893
    88    826    815    859
    89    832    810    858
    90    826    828    846
    91    769    836    895
    92    749    852    899
    93    783    825    892
    94    781    822    897
    95    762    844    894
    96    748    830    922
    97    769    860    871
    98    752    851    897
    99    792    807    901
   100    799    789    912
   101    778    839    883
   102    796    807    897
   103    771    819    910
   104    720    864    916
   105    768    801    931
   106    782    744    974
   107    828    770    902
   108    843    781    876
   109    798    840    862
   110    730    838    932
   111    786    767    947
   112    825    746    929
   113    817    771    912
   114    816    830    854
   115    758    850    892
   116    731    886    883
   117    790    829    881
   118    806    818    876
   119    835    802    863
   120    801    839    860
   121    818    839    843
   122    779    831    890
   123    764    836    900
   124    777    825    898
   125    743    839    918
   126    782    797    921
   127    822    775    903
   128    831    785    884
   129    806    810    884
   130    810    814    876
   131    778    855    867
   132    754    857    889
   133    780    841    879
   134    788    847    865
   135    805    806    889
   136    772    797    931
   137    774    804    922
   138    856    736    908
   139    874    789    837
   140    813    810    877
   141    809    827    864
   142    813    798    889
   143    781    805    914
   144    807    816    877
   145    783    797    920
   146    793    821    886
   147    769    848    883
   148    813    794    893
   149    798    800    902
   150    810    795    895
   151    837    778    885
   152    876    739    885
   153    825    803    872
   154    806    780    914
   155    806    775    919
   156    847    768    885
   157    828    788    884
   158    817    811    872
   159    800    836    864
   160    788    825    887
   161    789    823    888
   162    797    866    837
   163    801    833    866
   164    753    858    889
   165    795    822    883
   166    791    867    842
   167    737    841    922
   168    765    831    904
   169    779    836    885
   170    761    850    889
   171    762    820    918
   172    797    797    906
   173    791    772    937
   174    810    789    901
   175    802    788    910
   176    809    800    891
   177    813    800    887
   178    817    785    898
   179    805    803    892
   180    809    833    858
   181    775    849    876
   182    750    844    906
   183    727    855    918
   184    774    808    918
   185    737    833    930
   186    782    816    902
   187    759    843    898
   188    737    837    926
   189    772    791    937
   190    771    797    932
   191    778    803    919
   192    807    785    908
   193    815    779    906
   194    834    785    881
   195    821    794    885
   196    755    807    938
   197    782    791    927
   198    853    775    872
   199    858    745    897
   200    888    735    877
   201    861    793    846
   202    846    808    846
   203    837    829    834
   204    811    809    880
   205    770    818    912
   206    828    761    911
   207    809    763    928
   208    812    777    911
   209    872    740    888
   210    840    802    858
   211    847    786    867
   212    819    821    860
   213    787    836    877
   214    784    850    866
   215    785    816    899
   216    786    786    928
   217    779    825    896
   218    773    828    899
   219    788    791    921
   220    816    809    875
   221    793    814    893
   222    805    819    876
   223    771    858    871
   224    771    831    898
   225    760    840    900
   226    741    842    917
   227    758    835    907
   228    734    832    934
   229    781    814    905
   230    815    798    887
   231    786    809    905
   232    781    798    921
   233    779    802    919
   234    805    829    866
   235    791    822    887
   236    768    864    868
   237    813    802    885
   238    763    864    873
   239    774    833    893
   240    786    795    919
   241    814    800    886
   242    821    827    852
   243    841    809    850
   244    787    821    892
   245    811    796    893
   246    775    828    897
   247    768    835    897
   248    773    817    910
   249    740    859    901
   250    721    840    939
   251    759    823    918
   252    769    806    925
   253    798    801    901
   254    784    818    898
   255    773    825    902
   256    786    803    911
   257    768    821    911
   258    771    824    905
   259    766    843    891
   260    769    869    862
   261    748    836    916
   262    743    856    901
   263    780    799    921
   264    759    807    934
   265    812    779    909
   266    856    766    878
   267    851    788    861
   268    823    815    862
   269    811    793    896
   270    801    797    902
   271    815    760    925
   272    852    769    879
   273    835    793    872
   274    801    820    879
   275    834    797    869
   276    836    794    870
   277    817    792    891
   278    846    787    867
   279    807    815    878
   280    846    758    896
   281    842    807    851
   282    782    863    855
   283    740    860    900
   284    787    821    892
   285    777    788    935
   286    824    758    918
   287    873    769    858
   288    832    829    839
   289    759    862    879
   290    779    823    898
   291    781    841    878
   292    772    808    920
   293    779    803    918
   294    810    802    888
   295    822    783    895
   296    850    764    886
   297    864    789    847
   298    837    762    901
   299    804    810    886
   300    807    799    894
   301    814    805    881
   302    829    804    867
   303    769    858    873
   304    753    853    894
   305    743    853    904
   306    776    810    914
   307    815    762    923
   308    771    799    930
   309    799    799    902
   310    746    836    918
   311    793    831    876
   312    785    821    894
   313    814    775    911
   314    862    750    888
   315    879    749    872
   316    881    792    827
   317    833    826    841
   318    800    785    915
   319    784    818    898
   320    811    812    877
   321    785    806    909
   322    775    783    942
   323    771    852    877
   324    749    843    908
   325    719    885    896
   326    704    847    949
   327    788    816    896
   328    796    803    901
   329    796    822    882
   330    810    830    860
   331    754    847    899
   332    739    844    917
   333    772    784    944
   334    810    809    881
   335    762    821    917
   336    789    797    914
   337    809    797    894
   338    805    795    900
   339    783    811    906
   340    782    812    906
   341    799    790    911
   342    794    759    947
   343    804    760    936
   344    847    768    885
   345    820    791    889
   346    770    823    907
   347    766    825    909
   348    751    847    902
   349    755    862    883
   350    748    838    914
   351    766    800    934
   352    773    808    919
   353    740    803    957
   354    781    788    931
   355    772    806    922
   356    771    814    915
   357    808    771    921
   358    836    779    885
   359    824    775    901
   360    814    811    875
   361    818    808    874
   362    760    842    898
   363    792    810    898
   364    757    808    935
   365    768    822    910
   366    749    835    916
   367    763    815    922
   368    788    791    921
   369    828    788    884
   370    818    785    897
   371    816    781    903
   372    841    787    872
   373    791    803    906
   374    769    809    922
   375    773    812    915
   376    771    817    912
   377    769    852    879
   378    749    869    882
   379    768    852    880
   380    769    834    897
   381    765    786    949
   382    850    743    907
   383    820    762    918
   384    847    766    887
   385    823    808    869
   386    788    798    914
   387    798    786    916
   388    794    816    890
   389    780    808    912
   390    756    818    926
   391    762    799    939
   392    791    785    924
   393    811    779    910
   394    809    790    901
   395    810    768    922
   396    846    768    886
   397    830    810    860
   398    791    814    895
   399    796    815    889
   400    805    796    899
   401    791    809    900
   402    821    770    909
   403    798    815    887
   404    754    831    915
   405    808    802    890
   406    820    805    875
   407    845    803    852
   408    797    814    889
   409    738    846    916
   410    750    828    922
   411    757    844    899
   412    760    838    902
   413    780    787    933
   414    767    833    900
   415    773    818    909
   416    803    812    885
   417    792    832    876
   418    813    828    859
   419    775    839    886
   420    737    855    908
   421    722    845    933
   422    772    813    915
   423    768    839    893
   424    770    842    888
   425    816    818    866
   426    784    822    894
   427    762    836    902
   428    787    804    909
   429    766    803    931
   430    717    844    939
   431    731    868    901
   432    797    798    905
   433    777    810    913
   434    760    856    884
   435    786    838    876
   436    788    813    899
   437    800    798    902
   438    818    808    874
   439    799    829    872
   440    796    823    881
   441    774    835    891
   442    741    824    935
   443    766    778    956
   444    778    799    923
   445    775    799    926
   446    766    827    907
   447    817    767    916
   448    886    770    844
   449    869    770    861
   450    820    803    877
   451    835    823    842
   452    787    856    857
   453    754    834    912
   454    743    818    939
   455    804    776    920
   456    808    767    925
   457    845    786    869
   458    800    822    878
   459    773    801    926
   460    790    811    899
   461    823    802    875
   462    800    839    861
   463    805    819    876
   464    794    816    890
   465    746    842    912
   466    767    872    861
   467    750    836    914
   468    749    847    904
   469    732    855    913
   470    760    797    943
   471    797    771    932
   472    826    773    901
   473    834    759    907
   474    787    800    913
   475    776    797    927
   476    850    757    893
   477    825    790    885
   478    819    765    916
   479    818    781    901
   480    732    837    931
   481    775    815    910
   482    802    817    881
   483    802    795    903
   484    816    826    858
   485    767    861    872
   486    723    852    925
   487    787    818    895
   488    759    847    894
   489    800    782    918
   490    793    846    861
   491    742    818    940
   492    765    802    933
   493    761    830    909
   494    747    834    919
   495    760    839    901
   496    790    832    878
   497    809    809    882
   498    781    789    930
   499    804    787    909
   500    797    778    925
   501    775    809    916
   502    769    825    906
   503    774    820    906
   504    789    772    939
   505    834    751    915
   506    835    781    884
   507    844    774    882
   508    816    795    889
   509    820    788    892
   510    788    838    874
   511    768    843    889
   512    734    814    952
   513    747    788    965
   514    795    775    930
   515    835    747    918
   516    800    801    899
   517    787    814    899
   518    766    822    912
   519    763    840    897
   520    738    852    910
   521    710    891    899
   522    748    803    949
   523    756    829    915
   524    760    832    908
   525    795    820    885
   526    855    797    848
   527    839    809    852
   528    823    812    865
   529    799    822    879
   530    796    794    910
   531    799    792    909
   532    821    792    887
   533    768    856    876
   534    784    832    884
   535    784    810    906
   536    779    823    898
   537    792    789    919
   538    811    824    865
   539    780    825    895
   540    779    832    889
   541    813    807    880
   542    752    825    923
   543    782    827    891
   544    781    835    884
   545    763    844    893
   546    769    860    871
   547    771    855    874
   548    736    870    894
   549    729    821    950
   550    726    836    938
   551    763    766    971
   552    796    784    920
   553    814    762    924
   554    826    784    890
   555    803    810    887
   556    784    833    883
   557    795    807    898
   558    772    818    910
   559    764    842    894
   560    712    850    938
   561    788    805    907
   562    806    794    900
   563    841    774    885
   564    854    777    869
   565    861    770    869
   566    825    815    860
   567    783    828    889
   568    746    866    888
   569    745    849    906
   570    773    805    922
   571    766    825    909
   572    758    820    922
   573    786    778    936
   574    805    775    920
   575    803    798    899
   576    809    813    878
   577    799    808    893
   578    813    773    914
   579    807    792    901
   580    828    822    850
   581    825    793    882
   582    842    795    863
   583    790    823    887
   584    768    853    879
   585    766    822    912
   586    757    805    938
   587    774    811    915
   588    810    759    931
   589    847    760    893
   590    881    777    842
   591    854    760    886
   592    870    799    831
   593    791    879    830
   594    764    881    855
   595    735    908    857
   596    762    820    918
   597    754    822    924
   598    737    806    957
   599    736    790    974
   600    804    765    931
   601    807    804    889
   602    764    882    854
   603    737    835    928
   604    734    845    921
   605    727    866    907
   606    733    854    913
   607    779    793    928
   608    781    784    935
   609    801    812    887
   610    788    799    913
   611    794    798    908
   612    809    778    913
   613    847    766    887
   614    836    779    885
   615    852    763    885
   616    857    784    859
   617    837    817    846
   618    821    786    893
   619    793    799    908
   620    783    797    920
   621    769    809    922
   622    794    794    912
   623    821    773    906
   624    837    769    894
   625    842    789    869
   626    777    856    867
   627    776    837    887
   628    788    827    885
   629    759    865    876
   630    774    806    920
   631    756    835    909
   632    719    867    914
   633    736    812    952
   634    774    791    935
   635    786    772    942
   636    806    755    939
   637    793    784    923
   638    810    796    894
   639    853    730    917
   640    902    692    906
   641    933    694    873
   642    883    762    855
   643    862    786    852
   644    839    785    876
   645    857    779    864
   646    853    811    836
   647    781    864    855
   648    761    889    850
   649    746    869    885
   650    779    815    906
   651    750    856    894
   652    799    809    892
   653    776    839    885
   654    729    879    892
   655    750    869    881
   656    754    858    888
   657    751    813    936
   658    779    817    904
   659    765    834    901
   660    770    822    908
   661    738    846    916
   662    748    808    944
   663    818    785    897
   664    760    840    900
   665    768    860    872
   666    761    831    908
   667    774    817    909
   668    784    807    909
   669    757    843    900
   670    729    860    911
   671    738    840    922
   672    764    783    953
   673    766    791    943
   674    793    742    965
   675    892    706    902
   676    873    726    901
   677    882    759    859
   678    849    767    884
   679    827    810    863
   680    828    811    861
   681    796    816    888
   682    785    812    903
   683    815    771    914
   684    791    807    902
   685    791    819    890
   686    738    848    914
   687    757    806    937
   688    756    820    924
   689    764    805    931
   690    720    867    913
   691    713    870    917
   692    703    858    939
   693    715    843    942
   694    752    808    940
   695    797    800    903
   696    775    819    906
   697    784    800    916
   698    806    775    919
   699    833    737    930
   700    854    728    918
   701    868    745    887
   702    892    758    850
   703    898    748    854
   704    871    765    864
   705    826    825    849
   706    779    871    850
   707    806    843    851
   708    770    846    884
   709    734    851    915
   710    735    859    906
   711    767    780    953
   712    822    799    879
   713    835    800    865
   714    807    817    876
   715    795    828    877
   716    750    837    913
   717    786    813    901
   718    798    814    888
   719    795    809    896
   720    778    850    872
   721    792    782    926
   722    778    833    889
   723    780    808    912
   724    788    811    901
   725    806    819    875
   726    785    817    898
   727    782    832    886
   728    773    865    862
   729    743    870    887
   730    771    843    886
   731    754    833    913
   732    736    834    930
   733    812    766    922
   734    802    795    903
   735    752    866    882
   736    700    900    900
   737    696    884    920
   738    692    822    986
   739    692    849    959
   740    751    781    968
   741    771    795    934
   742    750    803    947
   743    760    797    943
   744    787    789    924
   745    767    807    926
   746    779    812    909
   747    765    808    927
   748    792    791    917
   749    796    805    899
   750    813    781    906
   751    794    807    899
   752    803    814    883
   753    759    881    860
   754    765    850    885
   755    761    823    916
   756    778    801    921
   757    768    790    942
   758    756    804    940
   759    803    755    942
   760    843    764    893
   761    826    842    832
   762    759    875    866
   763    737    848    915
   764    775    776    949
   765    769    808    923
   766    805    776    919
   767    805    779    916
   768    842    756    902
   769    852    753    895
   770    884    745    871
   771    823    820    857
   772    804    810    886
   773    776    835    889
   774    788    780    932
   775    798    803    899
   776    800    811    889
   777    806    832    862
   778    800    786    914
   779    822    771    907
   780    822    795    883
   781    842    760    898
   782    844    807    849
   783    807    852    841
   784    768    886    846
   785    746    859    895
   786    793    797    910
   787    787    782    931
   788    815    764    921
   789    856    742    902
   790    838    812    850
   791    816    791    893
   792    819    792    889
   793    803    778    919
   794    830    794    876
   795    813    791    896
   796    822    819    859
   797    790    815    895
   798    782    794    924
   799    794    782    924
   800    793    793    914
   801    785    815    900
   802    765    826    909
   803    809    815    876
   804    799    800    901
   805    788    816    896
   806    816    819    865
   807    789    841    870
   808    792    811    897
   809    797    794    909
   810    808    806    886
   811    809    813    878
   812    786    837    877
   813    769    827    904
   814    790    841    869
   815    746    881    873
   816    754    831    915
   817    779    823    898
   818    773    821    906
   819    770    836    894
   820    811    777    912
   821    853    770    877
   822    831    807    862
   823    807    816    877
   824    788    828    884
   825    754    820    926
   826    725    812    963
   827    806    775    919
   828    798    789    913
   829    790    807    903
   830    785    798    917
   831    765    839    896
   832    810    822    868
   833    776    845    879
   834    744    845    911
   835    767    808    925
   836    817    759    924
   837    822    803    875
   838    787    819    894
   839    793    816    891
   840    805    802    893
   841    800    819    881
   842    772    823    905
   843    786    812    902
   844    765    805    930
   845    775    785    940
   846    786    801    913
   847    784    762    954
   848    852    741    907
   849    833    793    874
   850    812    803    885
   851    774    809    917
   852    787    797    916
   853    784    789    927
   854    835    748    917
   855    862    773    865
   856    847    802    851
   857    821    819    860
   858    790    802    908
   859    784    836    880
   860    801    831    868
   861    772    807    921
   862    779    817    904
   863    764    825    911
   864    757    826    917
   865    766    828    906
   866    790    810    900
   867    829    804    867
   868    826    794    880
   869    799    825    876
   870    770    814    916
   871    775    830    895
   872    762    811    927
   873    810    765    925
   874    815    769    916
   875    790    811    899
   876    788    838    874
   877    787    834    879
   878    760    823    917
   879    789    841    870
   880    772    831    897
   881    759    860    881
   882    742    860    898
   883    758    851    891
   884    782    842    876
   885    756    823    921
   886    769    844    887
   887    738    821    941
   888    769    765    966
   889    810    755    935
   890    799    782    919
   891    847    761    892
   892    849    779    872
   893    827    800    873
   894    785    781    934
   895    816    764    920
   896    826    765    909
   897    832    748    920
   898    867    759    874
   899    848    794    858
   900    801    842    857
   901    810    829    861
   902    777    836    887
   903    798    787    915
   904    817    804    879
   905    814    804    882
   906    814    829    857
   907    833    833    834
   908    799    852    849
   909    775    822    903
   910    766    833    901
   911    753    820    927
   912    809    772    919
   913    809    824    867
   914    764    819    917
   915    741    821    938
   916    738    832    930
   917    792    809    899
   918    787    827    886
   919    775    849    876
   920    761    844    895
   921    765    844    891
   922    759    842    899
   923    736    829    935
   924    754    823    923
   925    770    823    907
   926    812    797    891
   927    811    790    899
   928    793    794    913
   929    818    767    915
   930    782    780    938
   931    784    818    898
   932    782    793    925
   933    797    772    931
   934    819    772    909
   935    813    820    867
   936    792    818    890
   937    774    821    905
   938    777    789    934
   939    807    736    957
   940    774    775    951
   941    779    789    932
   942    766    797    937
   943    747    818    935
   944    771    812    917
   945    780    807    913
   946    780    797    923
   947    818    771    911
   948    822    747    931
   949    834    735    931
   950    823    796    881
   951    850    768    882
   952    870    716    914
   953    856    805    839
   954    846    809    845
   955    844    818    838
   956    799    829    872
   957    754    846    900
   958    751    791    958
   959    780    779    941
   960    790    769    941
   961    811    772    917
   962    834    754    912
   963    849    785    866
   964    837    808    855
   965    808    815    877
   966    770    826    904
   967    736    847    917
   968    756    851    893
   969    757    794    949
   970    765    794    941
   971    780    784    936
   972    799    767    934
   973    821    766    913
   974    790    783    927
   975    797    809    894
   976    782    857    861
   977    779    824    897
   978    746    836    918
   979    783    819    898
   980    758    846    896
   981    717    881    902
   982    729    848    923
   983    764    806    930
   984    748    817    935
   985    782    825    893
   986    765    836    899
   987    758    828    914
   988    754    798    948
   989    782    780    938
   990    804    772    924
   991    838    751    911
   992    849    774    877
   993    792    841    867
   994    815    795    890
   995    848    769    883
   996    799    837    864
   997    823    825    852
   998    806    846    848
   999    777    834    889
  1000    780    811    909
