# time (sweeps) | Susceptible | Infected | Recovered
     0    826    782    892
     1    844    776    880
     2    893    736    871
     3    854    780    866
     4    800    806    894
     5    799    806    895
     6    813    812    875
     7    845    813    842
     8    850    801    849
     9    826    794    880
    10    844    762    894
    11    867    747    886
    12    893    735    872
    13    880    792    828
    14    869    798    833
    15    827    779    894
    16    833    763    904
    17    853    755    892
    18    832    798    870
    19    836    784    880
    20    839    796    865
    21    870    773    857
    22    830    789    881
    23    871    762    867
    24    855    775    870
    25    870    806    824
    26    847    810    843
    27    837    806    857
    28    851    795    854
    29    793    818    889
    30    812    795    893
    31    858    769    873
    32    830    784    886
    33    820    764    916
    34    842    764    894
    35    865    748    887
    36    853    767    880
    37    842    786    872
    38    845    787    868
    39    870    738    892
    40    862    760    878
    41    878    763    859
    42    872    767    861
    43    857    784    859
    44    795    823    882
    45    845    800    855
    46    852    787    861
    47    845    799    856
    48    804    791    905
    49    857    759    884
    50    815    798    887
    51    802    816    882
    52    829    789    882
    53    839    811    850
    54    813    822    865
    55    806    811    883
    56    818    824    858
    57    775    860    865
    58    789    806    905
    59    837    791    872
    60    841    771    888
    61    813    820    867
    62    802    787    911
    63    836    781    883
    64    894    784    822
    65    861    813    826
    66    868    797    835
    67    801    844    855
    68    791    820    889
    69    794    796    910
    70    805    768    927
    71    824    775    901
    72    854    745    901
    73    858    764    878
    74    856    738    906
    75    886    730    884
    76    903    728    869
    77    867    743    890
    78    890    733    877
    79    885    787    828
    80    893    800    807
    81    866    823    811
    82    852    799    849
    83    836    801    863
    84    809    822    869
    85    794    818    888
    86    813    843    844
    87    853    809    838
    88    837    818    845
    89    830    809    861
    90    834    809    857
    91    887    769    844
    92    891    773    836
    93    848    795    857
    94    808    811    881
    95    834    800    866
    96    849    783    868
    97    836    782    882
    98    839    810    851
    99    827    824    849
   100    831    805    864
   101    869    792    839
   102    862    786    852
   103    842    801    857
   104    862    759    879
   105    866    755    879
   106    848    777    875
   107    856    758    886
   108    877    756    867
   109    875    746    879
   110    856    755    889
   111    888    716    896
   112    928    709    863
   113    938    772    790
   114    907    789    804
   115    895    775    830
   116    862    788    850
   117    829    824    847
   118    840    791    869
   119    850    795    855
   120    810    812    878
   121    796    797    907
   122    850    790    860
   123    879    772    849
   124    923    744    833
   125    872    788    840
   126    888    805    807
   127    852    811    837
   128    839    817    844
   129    840    790    870
   130    855    798    847
   131    829    774    897
   132    881    751    868
   133    910    737    853
   134    922    774    804
   135    867    809    824
   136    833    788    879
   137    863    771    866
   138    891    770    839
   139    867    787    846
   140    841    821    838
   141    861    799    840
   142    848    780    872
   143    862    764    874
   144    848    763    889
   145    810    794    896
   146    808    765    927
   147    860    768    872
   148    889    763    848
   149    864    774    862
   150    861    757    882
   151    819    799    882
   152    843    760    897
   153    849    781    870
   154    841    799    860
   155    849    768    883
   156    849    769    882
   157    832    790    878
   158    842    789    869
   159    798    827    875
   160    757    825    918
   161    758    832    910
   162    791    786    923
   163    802    810    888
   164    802    840    858
   165    781    833    886
   166    800    799    901
   167    804    796    900
   168    855    797    848
   169    850    824    826
   170    819    812    869
   171    794    814    892
   172    819    796    885
   173    813    786    901
   174    824    804    872
   175    830    766    904
   176    894    719    887
   177    894    731    875
   178    892    770    838
   179    829    809    862
   180    811    789    900
   181    839    797    864
   182    856    777    867
   183    838    794    868
   184    812    826    862
   185    761    864    875
   186    774    810    916
   187    815    769    916
   188    827    762    911
   189    860    782    858
   190    847    766    887
   191    830    819    851
   192    832    801    867
   193    808    807    885
   194    816    773    911
   195    839    812    849
   196    802    843    855
   197    770    848    882
   198    770    842    888
   199    801    793    906
   200    820    780    900
   201    784    812    904
   202    807    815    878
   203    839    791    870
   204    796    830    874
   205    816    802    882
   206    792    808    900
   207    772    854    874
   208    788    826    886
   209    822    773    905
   210    843    792    865
   211    842    787    871
   212    804    814    882
   213    841    783    876
   214    859    774    867
   215    843    779    878
   216    809    782    909
   217    852    749    899
   218    857    752    891
   219    870    755    875
   220    861    771    868
   221    884    735    881
   222    893    740    867
   223    841    792    867
   224    803    783    914
   225    847    743    910
   226    870    772    858
   227    870    769    861
   228    842    803    855
   229    826    802    872
   230    841    794    865
   231    823    825    852
   232    809    799    892
   233    810    762    928
   234    832    789    879
   235    783    823    894
   236    808    784    908
   237    871    759    870
   238    831    801    868
   239    828    781    891
   240    838    796    866
   241    839    810    851
   242    848    785    867
   243    873    780    847
   244    887    742    871
   245    883    762    855
   246    884    787    829
   247    834    833    833
   248    778    826    896
   249    786    786    928
   250    817    816    867
   251    800    833    867
   252    839    804    857
   253    781    859    860
   254    820    818    862
   255    800    811    889
   256    764    810    926
   257    836    733    931
   258    891    718    891
   259    870    768    862
   260    890    768    842
   261    857    802    841
   262    838    781    881
   263    865    747    888
   264    876    730    894
   265    861    750    889
   266    898    730    872
   267    903    734    863
   268    867    768    865
   269    823    819    858
   270    795    777    928
   271    827    773    900
   272    845    762    893
   273    858    749    893
   274    817    773    910
   275    838    776    886
   276    861    778    861
   277    857    758    885
   278    839    770    891
   279    849    767    884
   280    880    758    862
   281    868    781    851
   282    800    830    870
   283    817    795    888
   284    798    804    898
   285    801    824    875
   286    804    822    874
   287    742    861    897
   288    769    843    888
   289    791    816    893
   290    757    834    909
   291    768    823    909
   292    794    800    906
   293    821    784    895
   294    813    806    881
   295    837    802    861
   296    809    821    870
   297    825    813    862
   298    828    827    845
   299    808    792    900
   300    829    774    897
   301    825    836    839
   302    800    802    898
   303    851    785    864
   304    857    773    870
   305    837    774    889
   306    886    761    853
   307    909    777    814
   308    911    760    829
   309    879    784    837
   310    877    788    835
   311    852    814    834
   312    823    838    839
   313    788    829    883
   314    788    822    890
   315    822    752    926
   316    865    756    879
   317    895    775    830
   318    893    760    847
   319    912    766    822
   320    907    765    828
   321    882    783    835
   322    812    810    878
   323    854    762    884
   324    841    816    843
   325    867    754    879
   326    862    731    907
   327    879    763    858
   328    901    759    840
   329    859    808    833
   330    802    842    856
   331    806    850    844
   332    809    817    874
   333    783    831    886
   334    776    868    856
   335    767    824    909
   336    778    791    931
   337    845    734    921
   338    801    790    909
   339    819    782    899
   340    880    769    851
   341    871    756    873
   342    848    773    879
   343    838    798    864
   344    818    837    845
   345    796    801    903
   346    805    828    867
   347    824    812    864
   348    850    773    877
   349    835    794    871
   350    825    806    869
   351    818    769    913
   352    803    816    881
   353    838    776    886
   354    864    706    930
   355    888    698    914
   356    906    689    905
   357    920    714    866
   358    908    724    868
   359    905    746    849
   360    898    746    856
   361    865    781    854
   362    827    796    877
   363    843    827    830
   364    854    785    861
   365    865    782    853
   366    819    825    856
   367    813    789    898
   368    811    778    911
   369    796    789    915
   370    808    759    933
   371    833    756    911
   372    865    779    856
   373    873    790    837
   374    835    827    838
   375    834    826    840
   376    802    819    879
   377    773    821    906
   378    789    813    898
   379    784    771    945
   380    852    733    915
   381    859    744    897
   382    870    744    886
   383    868    733    899
   384    852    768    880
   385    862    742    896
   386    830    774    896
   387    836    768    896
   388    851    758    891
   389    875    768    857
   390    853    807    840
   391    826    807    867
   392    790    830    880
   393    801    839    860
   394    817    800    883
   395    856    759    885
   396    878    736    886
   397    920    721    859
   398    901    759    840
   399    835    814    851
   400    815    787    898
   401    814    777    909
   402    893    749    858
   403    883    812    805
   404    843    819    838
   405    803    834    863
   406    838    759    903
   407    852    725    923
   408    890    733    877
   409    900    730    870
   410    821    788    891
   411    832    785    883
   412    833    777    890
   413    846    752    902
   414    830    754    916
   415    873    745    882
   416    870    746    884
   417    863    764    873
   418    828    776    896
   419    838    767    895
   420    894    732    874
   421    897    771    832
   422    880    797    823
   423    834    830    836
   424    812    846    842
   425    823    831    846
   426    798    801    901
   427    833    787    880
   428    802    813    885
   429    830    768    902
   430    839    781    880
   431    829    797    874
   432    805    801    894
   433    801    802    897
   434    830    772    898
   435    835    751    914
   436    885    732    883
   437    840    821    839
   438    844    820    836
   439    805    823    872
   440    776    829    895
   441    808    792    900
   442    862    775    863
   443    836    784    880
   444    845    798    857
   445    835    811    854
   446    820    786    894
   447    789    839    872
   448    858    795    847
   449    846    824    830
   450    802    873    825
   451    758    845    897
   452    805    799    896
   453    811    792    897
   454    808    799    893
   455    779    844    877
   456    829    826    845
   457    829    783    888
   458    878    767    855
   459    879    756    865
   460    842    774    884
   461    860    762    878
   462    867    796    837
   463    830    796    874
   464    812    842    846
   465    780    813    907
   466    819    811    870
   467    783    806    911
   468    813    777    910
   469    848    771    881
   470    870    740    890
   471    819    784    897
   472    868    762    870
   473    872    755    873
   474    886    735    879
   475    883    774    843
   476    895    786    819
   477    872    789    839
   478    867    769    864
   479    858    746    896
   480    857    758    885
   481    853    762    885
   482    825    780    895
   483    887    772    841
   484    848    768    884
   485    843    777    880
   486    818    786    896
   487    832    772    896
   488    848    767    885
   489    842    793    865
   490    832    795    873
   491    846    815    839
   492    838    810    852
   493    766    844    890
   494    788    801    911
   495    799    783    918
   496    871    762    867
   497    880    754    866
   498    879    779    842
   499    836    822    842
   500    842    803    855
   501    824    788    888
   502    848    804    848
   503    839    772    889
   504    860    770    870
   505    829    759    912
   506    862    763    875
   507    828    753    919
   508    876    724    900
   509    890    717    893
   510    904    737    859
   511    930    731    839
   512    901    752    847
   513    886    790    824
   514    852    792    856
   515    903    786    811
   516    912    744    844
   517    862    743    895
   518    894    750    856
   519    913    746    841
   520    902    762    836
   521    889    772    839
   522    871    771    858
   523    882    791    827
   524    801    830    869
   525    819    824    857
   526    775    859    866
   527    768    860    872
   528    766    840    894
   529    764    839    897
   530    773    812    915
   531    773    808    919
   532    813    770    917
   533    854    742    904
   534    865    741    894
   535    900    722    878
   536    878    788    834
   537    847    790    863
   538    821    774    905
   539    850    778    872
   540    849    783    868
   541    878    774    848
   542    863    771    866
   543    884    748    868
   544    873    739    888
   545    879    774    847
   546    855    797    848
   547    887    766    847
   548    873    786    841
   549    872    780    848
   550    921    756    823
   551    882    796    822
   552    843    816    841
   553    830    796    874
   554    840    789    871
   555    795    814    891
   556    836    771    893
   557    812    798    890
   558    837    791    872
   559    848    789    863
   560    823    772    905
   561    850    782    868
   562    871    820    809
   563    868    778    854
   564    828    821    851
   565    876    809    815
   566    879    779    842
   567    859    806    835
   568    844    814    842
   569    855    786    859
   570    833    774    893
   571    873    756    871
   572    843    773    884
   573    867    772    861
   574    824    803    873
   575    837    799    864
   576    802    808    890
   577    821    765    914
   578    866    760    874
   579    851    796    853
   580    873    791    836
   581    838    784    878
   582    865    769    866
   583    909    750    841
   584    921    736    843
   585    893    744    863
   586    886    766    848
   587    863    783    854
   588    844    800    856
   589    832    790    878
   590    795    812    893
   591    801    813    886
   592    809    794    897
   593    817    804    879
   594    775    858    867
   595    792    811    897
   596    788    824    888
   597    816    806    878
   598    808    812    880
   599    844    764    892
   600    852    756    892
   601    842    793    865
   602    862    766    872
   603    841    847    812
   604    770    846    884
   605    783    797    920
   606    815    780    905
   607    840    787    873
   608    837    796    867
   609    810    772    918
   610    791    774    935
   611    807    775    918
   612    862    728    910
   613    880    777    843
   614    888    785    827
   615    875    789    836
   616    856    796    848
   617    845    795    860
   618    806    795    899
   619    829    778    893
   620    847    755    898
   621    816    753    931
   622    880    716    904
   623    899    756    845
   624    917    759    824
   625    865    796    839
   626    817    828    855
   627    832    792    876
   628    807    776    917
   629    851    771    878
   630    858    756    886
   631    863    783    854
   632    860    756    884
   633    909    737    854
   634    897    736    867
   635    867    767    866
   636    873    776    851
   637    880    763    857
   638    879    775    846
   639    847    793    860
   640    843    775    882
   641    843    792    865
   642    838    814    848
   643    804    804    892
   644    798    822    880
   645    804    779    917
   646    832    756    912
   647    817    815    868
   648    821    813    866
   649    809    804    887
   650    810    790    900
   651    847    765    888
   652    834    754    912
   653    849    799    852
   654    850    798    852
   655    816    818    866
   656    762    817    921
   657    808    767    925
   658    814    780    906
   659    811    782    907
   660    839    751    910
   661    845    743    912
   662    882    743    875
   663    883    741    876
   664    896    758    846
   665    918    736    846
   666    883    751    866
   667    868    782    850
   668    854    781    865
   669    855    802    843
   670    845    764    891
   671    859    756    885
   672    851    819    830
   673    821    837    842
   674    827    798    875
   675    822    817    861
   676    804    831    865
   677    807    844    849
   678    787    819    894
   679    771    813    916
   680    820    756    924
   681    861    728    911
   682    807    756    937
   683    866    764    870
   684    834    813    853
   685    826    794    880
   686    847    762    891
   687    869    718    913
   688    857    751    892
   689    867    774    859
   690    864    777    859
   691    841    809    850
   692    791    821    888
   693    779    810    911
   694    805    798    897
   695    818    791    891
   696    812    805    883
   697    808    811    881
   698    837    797    866
   699    840    798    862
   700    823    794    883
   701    789    844    867
   702    748    817    935
   703    801    788    911
   704    836    797    867
   705    837    780    883
   706    823    750    927
   707    833    802    865
   708    848    805    847
   709    841    795    864
   710    848    776    876
   711    902    736    862
   712    865    744    891
   713    877    746    877
   714    920    707    873
   715    946    697    857
   716    891    716    893
   717    884    737    879
   718    887    740    873
   719    901    731    868
   720    912    740    848
   721    884    761    855
   722    869    769    862
   723    850    779    871
   724    846    772    882
   725    872    761    867
   726    882    773    845
   727    861    824    815
   728    877    798    825
   729    834    837    829
   730    865    809    826
   731    887    777    836
   732    836    799    865
   733    860    778    862
   734    795    845    860
   735    835    823    842
   736    840    820    840
   737    822    788    890
   738    823    772    905
   739    824    789    887
   740    829    778    893
   741    830    772    898
   742    895    766    839
   743    847    779    874
   744    860    773    867
   745    843    765    892
   746    883    729    888
   747    842    790    868
   748    847    799    854
   749    867    787    846
   750    867    783    850
   751    872    769    859
   752    859    793    848
   753    872    785    843
   754    838    801    861
   755    866    757    877
   756    859    765    876
   757    848    779    873
   758    821    779    900
   759    844    748    908
   760    831    752    917
   761    807    777    916
   762    854    767    879
   763    802    821    877
   764    795    763    942
   765    839    693    968
   766    880    716    904
   767    865    765    870
   768    857    768    875
   769    873    758    869
   770    823    859    818
   771    813    821    866
   772    812    790    898
   773    814    813    873
   774    822    802    876
   775    858    796    846
   776    806    826    868
   777    792    827    881
   778    817    803    880
   779    825    795    880
   780    844    762    894
   781    853    758    889
   782    834    768    898
   783    871    791    838
   784    861    791    848
   785    812    799    889
   786    852    761    887
   787    923    711    866
   788    908    757    835
   789    896    769    835
   790    873    798    829
   791    849    802    849
   792    864    727    909
   793    888    713    899
   794    923    728    849
   795    891    741    868
   796    853    794    853
   797    836    798    866
   798    862    785    853
   799    829    808    863
   800    792    825    883
   801    831    779    890
   802    867    764    869
   803    861    742    897
   804    841    773    886
   805    858    795    847
   806    828    806    866
   807    788    818    894
   808    831    768    901
   809    872    738    890
   810    857    757    886
   811    860    766    874
   812    893    741    866
   813    887    755    858
   814    866    755    879
   815    818    788    894
   816    829    788    883
   817    819    820    861
   818    817    840    843
   819    834    819    847
   820    782    861    857
   821    768    835    897
   822    814    806    880
   823    784    854    862
   824    807    786    907
   825    849    779    872
   826    842    803    855
   827    853    774    873
   828    881    749    870
   829    862    771    867
   830    863    752    885
   831    822    783    895
   832    877    773    850
   833    845    793    862
   834    839    802    859
   835    832    811    857
   836    845    781    874
   837    854    770    876
   838    813    820    867
   839    807    822    871
   840    810    824    866
   841    819    811    870
   842    887    757    856
   843    870    784    846
   844    881    784    835
   845    868    777    855
   846    867    808    825
   847    839    798    863
   848    795    832    873
   849    797    797    906
   850    800    785    915
   851    811    749    940
   852    829    757    914
   853    834    780    886
   854    832    801    867
   855    815    783    902
   856    820    773    907
   857    855    770    875
   858    820    807    873
   859    842    767    891
   860    863    781    856
   861    867    772    861
   862    836    793    871
   863    820    769    911
   864    850    755    895
   865    820    776    904
   866    836    798    866
   867    866    749    885
   868    915    733    852
   869    866    765    869
   870    862    757    881
   871    851    815    834
   872    824    794    882
   873    842    781    877
   874    846    775    879
   875    877    762    861
   876    831    780    889
   877    817    815    868
   878    811    823    866
   879    802    792    906
   880    830    799    871
   881    817    786    897
   882    838    746    916
   883    829    793    878
   884    802    763    935
   885    828    735    937
   886    892    729    879
   887    860    783    857
   888    863    796    841
   889    817    824    859
   890    793    806    901
   891    840    755    905
   892    835    778    887
   893    810    814    876
   894    829    795    876
   895    830    793    877
   896    853    780    867
   897    838    805    857
   898    806    793    901
   899    845    775    880
   900    841    759    900
   901    844    752    904
   902    851    769    880
   903    825    772    903
   904    851    789    860
   905    845    784    871
   906    832    776    892
   907    864    769    867
   908    904    772    824
   909    900    769    831
   910    864    803    833
   911    807    821    872
   912    795    817    888
   913    807    776    917
   914    835    804    861
   915    820    794    886
   916    834    770    896
   917    805    809    886
   918    825    787    888
   919    854    783    863
   920    826    803    871
   921    807    787    906
   922    827    762    911
   923    859    779    862
   924    820    796    884
   925    831    759    910
   926    842    770    888
   927    834    802    864
   928    809    846    845
   929    754    844    902
   930    761    827    912
   931    813    837    850
   932    811    783    906
   933    796    802    902
   934    789    816    895
   935    819    775    906
   936    818    821    861
   937    836    805    859
   938    822    816    862
   939    828    818    854
   940    825    777    898
   941    800    794    906
   942    834    809    857
   943    798    796    906
   944    846    763    891
   945    866    771    863
   946    864    772    864
   947    869    772    859
   948    868    815    817
   949    837    808    855
   950    795    813    892
   951    809    794    897
   952    807    844    849
   953    822    841    837
   954    821    838    841
   955    791    838    871
   956    822    804    874
   957    823    797    880
   958    805    817    878
   959    784    835    881
   960    792    826    882
   961    801    768    931
   962    856    720    924
   963    846    779    875
   964    886    769    845
   965    881    771    848
   966    875    765    860
   967    859    772    869
   968    841    743    916
   969    883    739    878
   970    836    800    864
   971    823    770    907
   972    819    786    895
   973    824    766    910
   974    847    776    877
   975    824    813    863
   976    774    832    894
   977    828    798    874
   978    825    783    892
   979    848    766    886
   980    856    758    886
   981    836    834    830
   982    831    770    899
   983    834    739    927
   984    837    777    886
   985    848    807    845
   986    827    774    899
   987    859    778    863
   988    845    822    833
   989    829    798    873
   990    804    811    885
   991    809    834    857
   992    799    840    861
   993    786    802    912
   994    820    754    926
   995    855    744    901
   996    845    772    883
   997    857    769    874
   998    833    769    898
   999    834    771    895
  1000    848    785    867
