# time (sweeps) | Susceptible | Infected | Recovered
     0   1331    437    732
     1   1315    450    735
     2   1268    477    755
     3   1260    463    777
     4   1291    434    775
     5   1302    434    764
     6   1310    441    749
     7   1321    429    750
     8   1306    459    735
     9   1268    458    774
    10   1292    433    775
    11   1316    403    781
    12   1358    390    752
    13   1370    413    717
    14   1377    418    705
    15   1379    402    719
    16   1384    424    692
    17   1387    411    702
    18   1394    409    697
    19   1337    439    724
    20   1324    440    736
    21   1292    458    750
    22   1286    460    754
    23   1293    436    771
    24   1294    437    769
    25   1299    450    751
    26   1308    454    738
    27   1259    500    741
    28   1251    498    751
    29   1225    520    755
    30   1241    434    825
    31   1285    433    782
    32   1337    387    776
    33   1376    377    747
    34   1424    367    709
    35   1399    410    691
    36   1375    417    708
    37   1392    409    699
    38   1376    398    726
    39   1386    397    717
    40   1369    422    709
    41   1381    405    714
    42   1363    424    713
    43   1378    405    717
    44   1361    387    752
    45   1405    364    731
    46   1425    376    699
    47   1424    371    705
    48   1396    392    712
    49   1404    403    693
    50   1377    428    695
    51   1389    423    688
    52   1402    380    718
    53   1388    392    720
    54   1396    399    705
    55   1356    425    719
    56   1359    421    720
    57   1315    449    736
    58   1314    451    735
    59   1290    471    739
    60   1313    462    725
    61   1301    436    763
    62   1322    414    764
    63   1323    412    765
    64   1357    388    755
    65   1361    399    740
    66   1382    399    719
    67   1399    386    715
    68   1393    409    698
    69   1364    436    700
    70   1360    403    737
    71   1375    408    717
    72   1361    422    717
    73   1370    420    710
    74   1372    411    717
    75   1366    429    705
    76   1346    427    727
    77   1349    400    751
    78   1367    423    710
    79   1350    422    728
    80   1359    412    729
    81   1357    434    709
    82   1321    451    728
    83   1299    473    728
    84   1253    488    759
    85   1295    463    742
    86   1275    464    761
    87   1264    482    754
    88   1271    460    769
    89   1238    504    758
    90   1258    485    757
    91   1278    457    765
    92   1297    446    757
    93   1250    460    790
    94   1301    417    782
    95   1335    368    797
    96   1381    378    741
    97   1421    386    693
    98   1418    402    680
    99   1401    398    701
   100   1391    415    694
   101   1360    407    733
   102   1336    414    750
   103   1359    404    737
   104   1348    422    730
   105   1345    435    720
   106   1362    413    725
   107   1349    425    726
   108   1317    457    726
   109   1350    445    705
   110   1318    449    733
   111   1292    451    757
   112   1290    464    746
   113   1326    441    733
   114   1320    439    741
   115   1308    434    758
   116   1247    505    748
   117   1218    507    775
   118   1224    497    779
   119   1213    507    780
   120   1225    475    800
   121   1298    465    737
   122   1227    495    778
   123   1227    497    776
   124   1230    470    800
   125   1232    494    774
   126   1214    505    781
   127   1221    499    780
   128   1202    517    781
   129   1211    491    798
   130   1252    441    807
   131   1232    506    762
   132   1194    506    800
   133   1211    507    782
   134   1225    500    775
   135   1204    500    796
   136   1258    482    760
   137   1234    488    778
   138   1221    512    767
   139   1217    484    799
   140   1230    496    774
   141   1233    489    778
   142   1245    472    783
   143   1253    454    793
   144   1308    450    742
   145   1315    453    732
   146   1294    475    731
   147   1257    493    750
   148   1246    460    794
   149   1246    454    800
   150   1271    444    785
   151   1262    442    796
   152   1308    429    763
   153   1269    505    726
   154   1283    478    739
   155   1272    473    755
   156   1311    461    728
   157   1317    442    741
   158   1299    463    738
   159   1297    468    735
   160   1278    475    747
   161   1297    458    745
   162   1317    452    731
   163   1306    468    726
   164   1262    511    727
   165   1248    501    751
   166   1243    487    770
   167   1271    449    780
   168   1289    469    742
   169   1310    440    750
   170   1310    432    758
   171   1351    436    713
   172   1367    397    736
   173   1369    402    729
   174   1365    410    725
   175   1354    427    719
   176   1374    416    710
   177   1345    436    719
   178   1318    443    739
   179   1331    424    745
   180   1360    389    751
   181   1345    423    732
   182   1324    445    731
   183   1312    443    745
   184   1335    388    777
   185   1358    389    753
   186   1335    450    715
   187   1332    464    704
   188   1295    475    730
   189   1282    479    739
   190   1249    472    779
   191   1253    475    772
   192   1236    476    788
   193   1269    447    784
   194   1268    473    759
   195   1260    468    772
   196   1278    460    762
   197   1277    446    777
   198   1271    454    775
   199   1259    470    771
   200   1294    410    796
   201   1338    398    764
   202   1358    432    710
   203   1319    442    739
   204   1326    423    751
   205   1349    397    754
   206   1387    385    728
   207   1347    407    746
   208   1358    410    732
   209   1320    454    726
   210   1301    466    733
   211   1280    453    767
   212   1296    431    773
   213   1336    413    751
   214   1384    399    717
   215   1390    405    705
   216   1398    426    676
   217   1355    444    701
   218   1317    465    718
   219   1316    464    720
   220   1295    448    757
   221   1295    434    771
   222   1324    439    737
   223   1295    460    745
   224   1294    453    753
   225   1286    461    753
   226   1302    433    765
   227   1345    412    743
   228   1344    404    752
   229   1357    406    737
   230   1360    406    734
   231   1354    401    745
   232   1365    419    716
   233   1347    437    716
   234   1308    447    745
   235   1293    463    744
   236   1258    498    744
   237   1254    471    775
   238   1282    464    754
   239   1273    461    766
   240   1297    426    777
   241   1312    458    730
   242   1299    455    746
   243   1296    443    761
   244   1323    431    746
   245   1303    438    759
   246   1327    421    752
   247   1332    425    743
   248   1347    432    721
   249   1355    427    718
   250   1343    414    743
   251   1366    387    747
   252   1405    381    714
   253   1424    374    702
   254   1436    359    705
   255   1442    388    670
   256   1401    407    692
   257   1407    390    703
   258   1387    390    723
   259   1386    391    723
   260   1378    408    714
   261   1366    398    736
   262   1404    396    700
   263   1373    437    690
   264   1375    422    703
   265   1353    406    741
   266   1385    381    734
   267   1349    424    727
   268   1301    465    734
   269   1292    473    735
   270   1313    442    745
   271   1321    431    748
   272   1279    479    742
   273   1253    510    737
   274   1232    486    782
   275   1236    493    771
   276   1228    478    794
   277   1219    505    776
   278   1212    502    786
   279   1200    502    798
   280   1230    488    782
   281   1268    442    790
   282   1276    465    759
   283   1290    450    760
   284   1314    428    758
   285   1332    409    759
   286   1310    447    743
   287   1303    444    753
   288   1336    445    719
   289   1313    434    753
   290   1312    442    746
   291   1293    424    783
   292   1288    447    765
   293   1274    473    753
   294   1250    478    772
   295   1270    465    765
   296   1261    470    769
   297   1254    467    779
   298   1264    464    772
   299   1308    434    758
   300   1290    412    798
   301   1295    438    767
   302   1314    414    772
   303   1321    421    758
   304   1313    467    720
   305   1263    494    743
   306   1253    486    761
   307   1257    463    780
   308   1294    471    735
   309   1297    462    741
   310   1286    465    749
   311   1266    487    747
   312   1266    487    747
   313   1266    487    747
   314   1266    487    747
   315   1266    487    747
   316   1266    487    747
   317   1266    487    747
   318   1266    487    747
   319   1266    487    747
   320   1266    487    747
   321   1266    487    747
   322   1266    487    747
   323   1266    487    747
   324   1266    487    747
   325   1266    487    747
   326   1266    487    747
   327   1266    487    747
   328   1266    487    747
   329   1266    487    747
   330   1266    487    747
   331   1266    487    747
   332   1266    487    747
   333   1266    487    747
   334   1266    487    747
   335   1266    487    747
   336   1266    487    747
   337   1266    487    747
   338   1266    487    747
   339   1266    487    747
   340   1266    487    747
   341   1266    487    747
   342   1266    487    747
   343   1266    487    747
   344   1266    487    747
   345   1266    487    747
   346   1266    487    747
   347   1266    487    747
   348   1266    487    747
   349   1266    487    747
   350   1266    487    747
   351   1266    487    747
   352   1266    487    747
   353   1266    487    747
   354   1266    487    747
   355   1266    487    747
   356   1266    487    747
   357   1266    487    747
   358   1266    487    747
   359   1266    487    747
   360   1266    487    747
   361   1266    487    747
   362   1266    487    747
   363   1266    487    747
   364   1266    487    747
   365   1266    487    747
   366   1266    487    747
   367   1266    487    747
   368   1266    487    747
   369   1266    487    747
   370   1266    487    747
   371   1266    487    747
   372   1266    487    747
   373   1266    487    747
   374   1266    487    747
   375   1266    487    747
   376   1266    487    747
   377   1266    487    747
   378   1266    487    747
   379   1266    487    747
   380   1266    487    747
   381   1266    487    747
   382   1266    487    747
   383   1266    487    747
   384   1266    487    747
   385   1266    487    747
   386   1266    487    747
   387   1266    487    747
   388   1266    487    747
   389   1266    487    747
   390   1266    487    747
   391   1266    487    747
   392   1266    487    747
   393   1266    487    747
   394   1266    487    747
   395   1266    487    747
   396   1266    487    747
   397   1266    487    747
   398   1266    487    747
   399   1266    487    747
   400   1266    487    747
   401   1266    487    747
   402   1266    487    747
   403   1266    487    747
   404   1266    487    747
   405   1266    487    747
   406   1266    487    747
   407   1266    487    747
   408   1266    487    747
   409   1266    487    747
   410   1266    487    747
   411   1266    487    747
   412   1266    487    747
   413   1266    487    747
   414   1266    487    747
   415   1266    487    747
   416   1266    487    747
   417   1266    487    747
   418   1266    487    747
   419   1266    487    747
   420   1266    487    747
   421   1266    487    747
   422   1266    487    747
   423   1266    487    747
   424   1266    487    747
   425   1266    487    747
   426   1266    487    747
   427   1266    487    747
   428   1266    487    747
   429   1266    487    747
   430   1266    487    747
   431   1266    487    747
   432   1266    487    747
   433   1266    487    747
   434   1266    487    747
   435   1266    487    747
   436   1266    487    747
   437   1266    487    747
   438   1266    487    747
   439   1266    487    747
   440   1266    487    747
   441   1266    487    747
   442   1266    487    747
   443   1266    487    747
   444   1266    487    747
   445   1266    487    747
   446   1266    487    747
   447   1266    487    747
   448   1266    487    747
   449   1266    487    747
   450   1266    487    747
   451   1266    487    747
   452   1266    487    747
   453   1266    487    747
   454   1266    487    747
   455   1266    487    747
   456   1266    487    747
   457   1266    487    747
   458   1266    487    747
   459   1266    487    747
   460   1266    487    747
   461   1266    487    747
   462   1266    487    747
   463   1266    487    747
   464   1266    487    747
   465   1266    487    747
   466   1266    487    747
   467   1266    487    747
   468   1266    487    747
   469   1266    487    747
   470   1266    487    747
   471   1266    487    747
   472   1266    487    747
   473   1266    487    747
   474   1266    487    747
   475   1266    487    747
   476   1266    487    747
   477   1266    487    747
   478   1266    487    747
   479   1266    487    747
   480   1266    487    747
   481   1266    487    747
   482   1266    487    747
   483   1266    487    747
   484   1266    487    747
   485   1266    487    747
   486   1266    487    747
   487   1266    487    747
   488   1266    487    747
   489   1266    487    747
   490   1266    487    747
   491   1266    487    747
   492   1266    487    747
   493   1266    487    747
   494   1266    487    747
   495   1266    487    747
   496   1266    487    747
   497   1266    487    747
   498   1266    487    747
   499   1266    487    747
   500   1266    487    747
   501   1266    487    747
   502   1266    487    747
   503   1266    487    747
   504   1266    487    747
   505   1266    487    747
   506   1266    487    747
   507   1266    487    747
   508   1266    487    747
   509   1266    487    747
   510   1266    487    747
   511   1266    487    747
   512   1266    487    747
   513   1266    487    747
   514   1266    487    747
   515   1266    487    747
   516   1266    487    747
   517   1266    487    747
   518   1266    487    747
   519   1266    487    747
   520   1266    487    747
   521   1266    487    747
   522   1266    487    747
   523   1266    487    747
   524   1266    487    747
   525   1266    487    747
   526   1266    487    747
   527   1266    487    747
   528   1266    487    747
   529   1266    487    747
   530   1266    487    747
   531   1266    487    747
   532   1266    487    747
   533   1266    487    747
   534   1266    487    747
   535   1266    487    747
   536   1266    487    747
   537   1266    487    747
   538   1266    487    747
   539   1266    487    747
   540   1266    487    747
   541   1266    487    747
   542   1266    487    747
   543   1266    487    747
   544   1266    487    747
   545   1266    487    747
   546   1266    487    747
   547   1266    487    747
   548   1266    487    747
   549   1266    487    747
   550   1266    487    747
   551   1266    487    747
   552   1266    487    747
   553   1266    487    747
   554   1266    487    747
   555   1266    487    747
   556   1266    487    747
   557   1266    487    747
   558   1266    487    747
   559   1266    487    747
   560   1266    487    747
   561   1266    487    747
   562   1266    487    747
   563   1266    487    747
   564   1266    487    747
   565   1266    487    747
   566   1266    487    747
   567   1266    487    747
   568   1266    487    747
   569   1266    487    747
   570   1266    487    747
   571   1266    487    747
   572   1266    487    747
   573   1266    487    747
   574   1266    487    747
   575   1266    487    747
   576   1266    487    747
   577   1266    487    747
   578   1266    487    747
   579   1266    487    747
   580   1266    487    747
   581   1266    487    747
   582   1266    487    747
   583   1266    487    747
   584   1266    487    747
   585   1266    487    747
   586   1266    487    747
   587   1266    487    747
   588   1266    487    747
   589   1266    487    747
   590   1266    487    747
   591   1266    487    747
   592   1266    487    747
   593   1266    487    747
   594   1266    487    747
   595   1266    487    747
   596   1266    487    747
   597   1266    487    747
   598   1266    487    747
   599   1266    487    747
   600   1266    487    747
   601   1266    487    747
   602   1266    487    747
   603   1266    487    747
   604   1266    487    747
   605   1266    487    747
   606   1266    487    747
   607   1266    487    747
   608   1266    487    747
   609   1266    487    747
   610   1266    487    747
   611   1266    487    747
   612   1266    487    747
   613   1266    487    747
   614   1266    487    747
   615   1266    487    747
   616   1266    487    747
   617   1266    487    747
   618   1266    487    747
   619   1266    487    747
   620   1266    487    747
   621   1266    487    747
   622   1266    487    747
   623   1266    487    747
   624   1266    487    747
   625   1266    487    747
   626   1266    487    747
   627   1266    487    747
   628   1266    487    747
   629   1266    487    747
   630   1266    487    747
   631   1266    487    747
   632   1266    487    747
   633   1266    487    747
   634   1266    487    747
   635   1266    487    747
   636   1266    487    747
   637   1266    487    747
   638   1266    487    747
   639   1266    487    747
   640   1266    487    747
   641   1266    487    747
   642   1266    487    747
   643   1266    487    747
   644   1266    487    747
   645   1266    487    747
   646   1266    487    747
   647   1266    487    747
   648   1266    487    747
   649   1266    487    747
   650   1266    487    747
   651   1266    487    747
   652   1266    487    747
   653   1266    487    747
   654   1266    487    747
   655   1266    487    747
   656   1266    487    747
   657   1266    487    747
   658   1266    487    747
   659   1266    487    747
   660   1266    487    747
   661   1266    487    747
   662   1266    487    747
   663   1266    487    747
   664   1266    487    747
   665   1266    487    747
   666   1266    487    747
   667   1266    487    747
   668   1266    487    747
   669   1266    487    747
   670   1266    487    747
   671   1266    487    747
   672   1266    487    747
   673   1266    487    747
   674   1266    487    747
   675   1266    487    747
   676   1266    487    747
   677   1266    487    747
   678   1266    487    747
   679   1266    487    747
   680   1266    487    747
   681   1266    487    747
   682   1266    487    747
   683   1266    487    747
   684   1266    487    747
   685   1266    487    747
   686   1266    487    747
   687   1266    487    747
   688   1266    487    747
   689   1266    487    747
   690   1266    487    747
   691   1266    487    747
   692   1266    487    747
   693   1266    487    747
   694   1266    487    747
   695   1266    487    747
   696   1266    487    747
   697   1266    487    747
   698   1266    487    747
   699   1266    487    747
   700   1266    487    747
   701   1266    487    747
   702   1266    487    747
   703   1266    487    747
   704   1266    487    747
   705   1266    487    747
   706   1266    487    747
   707   1266    487    747
   708   1266    487    747
   709   1266    487    747
   710   1266    487    747
   711   1266    487    747
   712   1266    487    747
   713   1266    487    747
   714   1266    487    747
   715   1266    487    747
   716   1266    487    747
   717   1266    487    747
   718   1266    487    747
   719   1266    487    747
   720   1266    487    747
   721   1266    487    747
   722   1266    487    747
   723   1266    487    747
   724   1266    487    747
   725   1266    487    747
   726   1266    487    747
   727   1266    487    747
   728   1266    487    747
   729   1266    487    747
   730   1266    487    747
   731   1266    487    747
   732   1266    487    747
   733   1266    487    747
   734   1266    487    747
   735   1266    487    747
   736   1266    487    747
   737   1266    487    747
   738   1266    487    747
   739   1266    487    747
   740   1266    487    747
   741   1266    487    747
   742   1266    487    747
   743   1266    487    747
   744   1266    487    747
   745   1266    487    747
   746   1266    487    747
   747   1266    487    747
   748   1266    487    747
   749   1266    487    747
   750   1266    487    747
   751   1266    487    747
   752   1266    487    747
   753   1266    487    747
   754   1266    487    747
   755   1266    487    747
   756   1266    487    747
   757   1266    487    747
   758   1266    487    747
   759   1266    487    747
   760   1266    487    747
   761   1266    487    747
   762   1266    487    747
   763   1266    487    747
   764   1266    487    747
   765   1266    487    747
   766   1266    487    747
   767   1266    487    747
   768   1266    487    747
   769   1266    487    747
   770   1266    487    747
   771   1266    487    747
   772   1266    487    747
   773   1266    487    747
   774   1266    487    747
   775   1266    487    747
   776   1266    487    747
   777   1266    487    747
   778   1266    487    747
   779   1266    487    747
   780   1266    487    747
   781   1266    487    747
   782   1266    487    747
   783   1266    487    747
   784   1266    487    747
   785   1266    487    747
   786   1266    487    747
   787   1266    487    747
   788   1266    487    747
   789   1266    487    747
   790   1266    487    747
   791   1266    487    747
   792   1266    487    747
   793   1266    487    747
   794   1266    487    747
   795   1266    487    747
   796   1266    487    747
   797   1266    487    747
   798   1266    487    747
   799   1266    487    747
   800   1266    487    747
   801   1266    487    747
   802   1266    487    747
   803   1266    487    747
   804   1266    487    747
   805   1266    487    747
   806   1266    487    747
   807   1266    487    747
   808   1266    487    747
   809   1266    487    747
   810   1266    487    747
   811   1266    487    747
   812   1266    487    747
   813   1266    487    747
   814   1266    487    747
   815   1266    487    747
   816   1266    487    747
   817   1266    487    747
   818   1266    487    747
   819   1266    487    747
   820   1266    487    747
   821   1266    487    747
   822   1266    487    747
   823   1266    487    747
   824   1266    487    747
   825   1266    487    747
   826   1266    487    747
   827   1266    487    747
   828   1266    487    747
   829   1266    487    747
   830   1266    487    747
   831   1266    487    747
   832   1266    487    747
   833   1266    487    747
   834   1266    487    747
   835   1266    487    747
   836   1266    487    747
   837   1266    487    747
   838   1266    487    747
   839   1266    487    747
   840   1266    487    747
   841   1266    487    747
   842   1266    487    747
   843   1266    487    747
   844   1266    487    747
   845   1266    487    747
   846   1266    487    747
   847   1266    487    747
   848   1266    487    747
   849   1266    487    747
   850   1266    487    747
   851   1266    487    747
   852   1266    487    747
   853   1266    487    747
   854   1266    487    747
   855   1266    487    747
   856   1266    487    747
   857   1266    487    747
   858   1266    487    747
   859   1266    487    747
   860   1266    487    747
   861   1266    487    747
   862   1266    487    747
   863   1266    487    747
   864   1266    487    747
   865   1266    487    747
   866   1266    487    747
   867   1266    487    747
   868   1266    487    747
   869   1266    487    747
   870   1266    487    747
   871   1266    487    747
   872   1266    487    747
   873   1266    487    747
   874   1266    487    747
   875   1266    487    747
   876   1266    487    747
   877   1266    487    747
   878   1266    487    747
   879   1266    487    747
   880   1266    487    747
   881   1266    487    747
   882   1266    487    747
   883   1266    487    747
   884   1266    487    747
   885   1266    487    747
   886   1266    487    747
   887   1266    487    747
   888   1266    487    747
   889   1266    487    747
   890   1266    487    747
   891   1266    487    747
   892   1266    487    747
   893   1266    487    747
   894   1266    487    747
   895   1266    487    747
   896   1266    487    747
   897   1266    487    747
   898   1266    487    747
   899   1266    487    747
   900   1266    487    747
   901   1266    487    747
   902   1266    487    747
   903   1266    487    747
   904   1266    487    747
   905   1266    487    747
   906   1266    487    747
   907   1266    487    747
   908   1266    487    747
   909   1266    487    747
   910   1266    487    747
   911   1266    487    747
   912   1266    487    747
   913   1266    487    747
   914   1266    487    747
   915   1266    487    747
   916   1266    487    747
   917   1266    487    747
   918   1266    487    747
   919   1266    487    747
   920   1266    487    747
   921   1266    487    747
   922   1266    487    747
   923   1266    487    747
   924   1266    487    747
   925   1266    487    747
   926   1266    487    747
   927   1266    487    747
   928   1266    487    747
   929   1266    487    747
   930   1266    487    747
   931   1266    487    747
   932   1266    487    747
   933   1266    487    747
   934   1266    487    747
   935   1266    487    747
   936   1266    487    747
   937   1266    487    747
   938   1266    487    747
   939   1266    487    747
   940   1266    487    747
   941   1266    487    747
   942   1266    487    747
   943   1266    487    747
   944   1266    487    747
   945   1266    487    747
   946   1266    487    747
   947   1266    487    747
   948   1266    487    747
   949   1266    487    747
   950   1266    487    747
   951   1266    487    747
   952   1266    487    747
   953   1266    487    747
   954   1266    487    747
   955   1266    487    747
   956   1266    487    747
   957   1266    487    747
   958   1266    487    747
   959   1266    487    747
   960   1266    487    747
   961   1266    487    747
   962   1266    487    747
   963   1266    487    747
   964   1266    487    747
   965   1266    487    747
   966   1266    487    747
   967   1266    487    747
   968   1266    487    747
   969   1266    487    747
   970   1266    487    747
   971   1266    487    747
   972   1266    487    747
   973   1266    487    747
   974   1266    487    747
   975   1266    487    747
   976   1266    487    747
   977   1266    487    747
   978   1266    487    747
   979   1266    487    747
   980   1266    487    747
   981   1266    487    747
   982   1266    487    747
   983   1266    487    747
   984   1266    487    747
   985   1266    487    747
   986   1266    487    747
   987   1266    487    747
   988   1266    487    747
   989   1266    487    747
   990   1266    487    747
   991   1266    487    747
   992   1266    487    747
   993   1266    487    747
   994   1266    487    747
   995   1266    487    747
   996   1266    487    747
   997   1266    487    747
   998   1266    487    747
   999   1266    487    747
  1000   1266    487    747
