# time (sweeps) | Susceptible | Infected | Recovered
     0   1315    392    793
     1   1295    414    791
     2   1297    410    793
     3   1297    410    793
     4   1297    410    793
     5   1297    410    793
     6   1297    410    793
     7   1297    410    793
     8   1297    410    793
     9   1297    410    793
    10   1297    410    793
    11   1297    410    793
    12   1297    410    793
    13   1297    410    793
    14   1297    410    793
    15   1297    410    793
    16   1297    410    793
    17   1297    410    793
    18   1297    410    793
    19   1297    410    793
    20   1297    410    793
    21   1297    410    793
    22   1297    410    793
    23   1297    410    793
    24   1297    410    793
    25   1297    410    793
    26   1297    410    793
    27   1297    410    793
    28   1297    410    793
    29   1297    410    793
    30   1297    410    793
    31   1297    410    793
    32   1297    410    793
    33   1297    410    793
    34   1297    410    793
    35   1297    410    793
    36   1297    410    793
    37   1297    410    793
    38   1297    410    793
    39   1297    410    793
    40   1297    410    793
    41   1297    410    793
    42   1297    410    793
    43   1297    410    793
    44   1297    410    793
    45   1297    410    793
    46   1297    410    793
    47   1297    410    793
    48   1297    410    793
    49   1297    410    793
    50   1297    410    793
    51   1297    410    793
    52   1297    410    793
    53   1297    410    793
    54   1297    410    793
    55   1297    410    793
    56   1297    410    793
    57   1297    410    793
    58   1297    410    793
    59   1297    410    793
    60   1297    410    793
    61   1297    410    793
    62   1297    410    793
    63   1297    410    793
    64   1297    410    793
    65   1297    410    793
    66   1297    410    793
    67   1297    410    793
    68   1297    410    793
    69   1297    410    793
    70   1297    410    793
    71   1297    410    793
    72   1297    410    793
    73   1297    410    793
    74   1297    410    793
    75   1297    410    793
    76   1297    410    793
    77   1297    410    793
    78   1297    410    793
    79   1297    410    793
    80   1297    410    793
    81   1297    410    793
    82   1297    410    793
    83   1297    410    793
    84   1297    410    793
    85   1297    410    793
    86   1297    410    793
    87   1297    410    793
    88   1297    410    793
    89   1297    410    793
    90   1297    410    793
    91   1297    410    793
    92   1297    410    793
    93   1297    410    793
    94   1297    410    793
    95   1297    410    793
    96   1297    410    793
    97   1297    410    793
    98   1297    410    793
    99   1297    410    793
   100   1297    410    793
   101   1297    410    793
   102   1297    410    793
   103   1297    410    793
   104   1297    410    793
   105   1297    410    793
   106   1297    410    793
   107   1297    410    793
   108   1297    410    793
   109   1297    410    793
   110   1297    410    793
   111   1297    410    793
   112   1297    410    793
   113   1297    410    793
   114   1297    410    793
   115   1297    410    793
   116   1297    410    793
   117   1297    410    793
   118   1297    410    793
   119   1297    410    793
   120   1297    410    793
   121   1297    410    793
   122   1297    410    793
   123   1297    410    793
   124   1297    410    793
   125   1297    410    793
   126   1297    410    793
   127   1297    410    793
   128   1297    410    793
   129   1297    410    793
   130   1297    410    793
   131   1297    410    793
   132   1297    410    793
   133   1297    410    793
   134   1297    410    793
   135   1297    410    793
   136   1297    410    793
   137   1297    410    793
   138   1297    410    793
   139   1297    410    793
   140   1297    410    793
   141   1297    410    793
   142   1297    410    793
   143   1297    410    793
   144   1297    410    793
   145   1297    410    793
   146   1297    410    793
   147   1297    410    793
   148   1297    410    793
   149   1297    410    793
   150   1297    410    793
   151   1297    410    793
   152   1297    410    793
   153   1297    410    793
   154   1297    410    793
   155   1297    410    793
   156   1297    410    793
   157   1297    410    793
   158   1297    410    793
   159   1297    410    793
   160   1297    410    793
   161   1297    410    793
   162   1297    410    793
   163   1297    410    793
   164   1297    410    793
   165   1297    410    793
   166   1297    410    793
   167   1297    410    793
   168   1297    410    793
   169   1297    410    793
   170   1297    410    793
   171   1297    410    793
   172   1297    410    793
   173   1297    410    793
   174   1297    410    793
   175   1297    410    793
   176   1297    410    793
   177   1297    410    793
   178   1297    410    793
   179   1297    410    793
   180   1297    410    793
   181   1297    410    793
   182   1297    410    793
   183   1297    410    793
   184   1297    410    793
   185   1297    410    793
   186   1297    410    793
   187   1297    410    793
   188   1297    410    793
   189   1297    410    793
   190   1297    410    793
   191   1297    410    793
   192   1297    410    793
   193   1297    410    793
   194   1297    410    793
   195   1297    410    793
   196   1297    410    793
   197   1297    410    793
   198   1297    410    793
   199   1297    410    793
   200   1297    410    793
   201   1297    410    793
   202   1297    410    793
   203   1297    410    793
   204   1297    410    793
   205   1297    410    793
   206   1297    410    793
   207   1297    410    793
   208   1297    410    793
   209   1297    410    793
   210   1297    410    793
   211   1297    410    793
   212   1297    410    793
   213   1297    410    793
   214   1297    410    793
   215   1297    410    793
   216   1297    410    793
   217   1297    410    793
   218   1297    410    793
   219   1297    410    793
   220   1297    410    793
   221   1297    410    793
   222   1297    410    793
   223   1297    410    793
   224   1297    410    793
   225   1297    410    793
   226   1297    410    793
   227   1297    410    793
   228   1297    410    793
   229   1297    410    793
   230   1297    410    793
   231   1297    410    793
   232   1297    410    793
   233   1297    410    793
   234   1297    410    793
   235   1297    410    793
   236   1297    410    793
   237   1297    410    793
   238   1297    410    793
   239   1297    410    793
   240   1297    410    793
   241   1297    410    793
   242   1297    410    793
   243   1297    410    793
   244   1297    410    793
   245   1297    410    793
   246   1297    410    793
   247   1297    410    793
   248   1297    410    793
   249   1297    410    793
   250   1297    410    793
   251   1297    410    793
   252   1297    410    793
   253   1297    410    793
   254   1297    410    793
   255   1297    410    793
   256   1297    410    793
   257   1297    410    793
   258   1297    410    793
   259   1297    410    793
   260   1297    410    793
   261   1297    410    793
   262   1297    410    793
   263   1297    410    793
   264   1297    410    793
   265   1297    410    793
   266   1297    410    793
   267   1297    410    793
   268   1297    410    793
   269   1297    410    793
   270   1297    410    793
   271   1297    410    793
   272   1297    410    793
   273   1297    410    793
   274   1297    410    793
   275   1297    410    793
   276   1297    410    793
   277   1297    410    793
   278   1297    410    793
   279   1297    410    793
   280   1297    410    793
   281   1297    410    793
   282   1297    410    793
   283   1297    410    793
   284   1297    410    793
   285   1297    410    793
   286   1297    410    793
   287   1297    410    793
   288   1297    410    793
   289   1297    410    793
   290   1297    410    793
   291   1297    410    793
   292   1297    410    793
   293   1297    410    793
   294   1297    410    793
   295   1297    410    793
   296   1297    410    793
   297   1297    410    793
   298   1297    410    793
   299   1297    410    793
   300   1297    410    793
   301   1297    410    793
   302   1297    410    793
   303   1297    410    793
   304   1297    410    793
   305   1297    410    793
   306   1297    410    793
   307   1297    410    793
   308   1297    410    793
   309   1297    410    793
   310   1297    410    793
   311   1297    410    793
   312   1297    410    793
   313   1297    410    793
   314   1297    410    793
   315   1297    410    793
   316   1297    410    793
   317   1297    410    793
   318   1297    410    793
   319   1297    410    793
   320   1297    410    793
   321   1297    410    793
   322   1297    410    793
   323   1297    410    793
   324   1297    410    793
   325   1297    410    793
   326   1297    410    793
   327   1297    410    793
   328   1297    410    793
   329   1297    410    793
   330   1297    410    793
   331   1297    410    793
   332   1297    410    793
   333   1297    410    793
   334   1297    410    793
   335   1297    410    793
   336   1297    410    793
   337   1297    410    793
   338   1297    410    793
   339   1297    410    793
   340   1297    410    793
   341   1297    410    793
   342   1297    410    793
   343   1297    410    793
   344   1297    410    793
   345   1297    410    793
   346   1297    410    793
   347   1297    410    793
   348   1297    410    793
   349   1297    410    793
   350   1297    410    793
   351   1297    410    793
   352   1297    410    793
   353   1297    410    793
   354   1297    410    793
   355   1297    410    793
   356   1297    410    793
   357   1297    410    793
   358   1297    410    793
   359   1297    410    793
   360   1297    410    793
   361   1297    410    793
   362   1297    410    793
   363   1297    410    793
   364   1297    410    793
   365   1297    410    793
   366   1297    410    793
   367   1297    410    793
   368   1297    410    793
   369   1297    410    793
   370   1297    410    793
   371   1297    410    793
   372   1297    410    793
   373   1297    410    793
   374   1297    410    793
   375   1297    410    793
   376   1297    410    793
   377   1297    410    793
   378   1297    410    793
   379   1297    410    793
   380   1297    410    793
   381   1297    410    793
   382   1297    410    793
   383   1297    410    793
   384   1297    410    793
   385   1297    410    793
   386   1297    410    793
   387   1297    410    793
   388   1297    410    793
   389   1297    410    793
   390   1297    410    793
   391   1297    410    793
   392   1297    410    793
   393   1297    410    793
   394   1297    410    793
   395   1297    410    793
   396   1297    410    793
   397   1297    410    793
   398   1297    410    793
   399   1297    410    793
   400   1297    410    793
   401   1297    410    793
   402   1297    410    793
   403   1297    410    793
   404   1297    410    793
   405   1297    410    793
   406   1297    410    793
   407   1297    410    793
   408   1297    410    793
   409   1297    410    793
   410   1297    410    793
   411   1297    410    793
   412   1297    410    793
   413   1297    410    793
   414   1297    410    793
   415   1297    410    793
   416   1297    410    793
   417   1297    410    793
   418   1297    410    793
   419   1297    410    793
   420   1297    410    793
   421   1297    410    793
   422   1297    410    793
   423   1297    410    793
   424   1297    410    793
   425   1297    410    793
   426   1297    410    793
   427   1297    410    793
   428   1297    410    793
   429   1297    410    793
   430   1297    410    793
   431   1297    410    793
   432   1297    410    793
   433   1297    410    793
   434   1297    410    793
   435   1297    410    793
   436   1297    410    793
   437   1297    410    793
   438   1297    410    793
   439   1297    410    793
   440   1297    410    793
   441   1297    410    793
   442   1297    410    793
   443   1297    410    793
   444   1297    410    793
   445   1297    410    793
   446   1297    410    793
   447   1297    410    793
   448   1297    410    793
   449   1297    410    793
   450   1297    410    793
   451   1297    410    793
   452   1297    410    793
   453   1297    410    793
   454   1297    410    793
   455   1297    410    793
   456   1297    410    793
   457   1297    410    793
   458   1297    410    793
   459   1297    410    793
   460   1297    410    793
   461   1297    410    793
   462   1297    410    793
   463   1297    410    793
   464   1297    410    793
   465   1297    410    793
   466   1297    410    793
   467   1297    410    793
   468   1297    410    793
   469   1297    410    793
   470   1297    410    793
   471   1297    410    793
   472   1297    410    793
   473   1297    410    793
   474   1297    410    793
   475   1297    410    793
   476   1297    410    793
   477   1297    410    793
   478   1297    410    793
   479   1297    410    793
   480   1297    410    793
   481   1297    410    793
   482   1297    410    793
   483   1297    410    793
   484   1297    410    793
   485   1297    410    793
   486   1297    410    793
   487   1297    410    793
   488   1297    410    793
   489   1297    410    793
   490   1297    410    793
   491   1297    410    793
   492   1297    410    793
   493   1297    410    793
   494   1297    410    793
   495   1297    410    793
   496   1297    410    793
   497   1297    410    793
   498   1297    410    793
   499   1297    410    793
   500   1297    410    793
   501   1297    410    793
   502   1297    410    793
   503   1297    410    793
   504   1297    410    793
   505   1297    410    793
   506   1297    410    793
   507   1297    410    793
   508   1297    410    793
   509   1297    410    793
   510   1297    410    793
   511   1297    410    793
   512   1297    410    793
   513   1297    410    793
   514   1297    410    793
   515   1297    410    793
   516   1297    410    793
   517   1297    410    793
   518   1297    410    793
   519   1297    410    793
   520   1297    410    793
   521   1297    410    793
   522   1297    410    793
   523   1297    410    793
   524   1297    410    793
   525   1297    410    793
   526   1297    410    793
   527   1297    410    793
   528   1297    410    793
   529   1297    410    793
   530   1297    410    793
   531   1297    410    793
   532   1297    410    793
   533   1297    410    793
   534   1297    410    793
   535   1297    410    793
   536   1297    410    793
   537   1297    410    793
   538   1297    410    793
   539   1297    410    793
   540   1297    410    793
   541   1297    410    793
   542   1297    410    793
   543   1297    410    793
   544   1297    410    793
   545   1297    410    793
   546   1297    410    793
   547   1297    410    793
   548   1297    410    793
   549   1297    410    793
   550   1297    410    793
   551   1297    410    793
   552   1297    410    793
   553   1297    410    793
   554   1297    410    793
   555   1297    410    793
   556   1297    410    793
   557   1297    410    793
   558   1297    410    793
   559   1297    410    793
   560   1297    410    793
   561   1297    410    793
   562   1297    410    793
   563   1297    410    793
   564   1297    410    793
   565   1297    410    793
   566   1297    410    793
   567   1297    410    793
   568   1297    410    793
   569   1297    410    793
   570   1297    410    793
   571   1297    410    793
   572   1297    410    793
   573   1297    410    793
   574   1297    410    793
   575   1297    410    793
   576   1297    410    793
   577   1297    410    793
   578   1297    410    793
   579   1297    410    793
   580   1297    410    793
   581   1297    410    793
   582   1297    410    793
   583   1297    410    793
   584   1297    410    793
   585   1297    410    793
   586   1297    410    793
   587   1297    410    793
   588   1297    410    793
   589   1297    410    793
   590   1297    410    793
   591   1297    410    793
   592   1297    410    793
   593   1297    410    793
   594   1297    410    793
   595   1297    410    793
   596   1297    410    793
   597   1297    410    793
   598   1297    410    793
   599   1297    410    793
   600   1297    410    793
   601   1297    410    793
   602   1297    410    793
   603   1297    410    793
   604   1297    410    793
   605   1297    410    793
   606   1297    410    793
   607   1297    410    793
   608   1297    410    793
   609   1297    410    793
   610   1297    410    793
   611   1297    410    793
   612   1297    410    793
   613   1297    410    793
   614   1297    410    793
   615   1297    410    793
   616   1297    410    793
   617   1297    410    793
   618   1297    410    793
   619   1297    410    793
   620   1297    410    793
   621   1297    410    793
   622   1297    410    793
   623   1297    410    793
   624   1297    410    793
   625   1297    410    793
   626   1297    410    793
   627   1297    410    793
   628   1297    410    793
   629   1297    410    793
   630   1297    410    793
   631   1297    410    793
   632   1297    410    793
   633   1297    410    793
   634   1297    410    793
   635   1297    410    793
   636   1297    410    793
   637   1297    410    793
   638   1297    410    793
   639   1297    410    793
   640   1297    410    793
   641   1297    410    793
   642   1297    410    793
   643   1297    410    793
   644   1297    410    793
   645   1297    410    793
   646   1297    410    793
   647   1297    410    793
   648   1297    410    793
   649   1297    410    793
   650   1297    410    793
   651   1297    410    793
   652   1297    410    793
   653   1297    410    793
   654   1297    410    793
   655   1297    410    793
   656   1297    410    793
   657   1297    410    793
   658   1297    410    793
   659   1297    410    793
   660   1297    410    793
   661   1297    410    793
   662   1297    410    793
   663   1297    410    793
   664   1297    410    793
   665   1297    410    793
   666   1297    410    793
   667   1297    410    793
   668   1297    410    793
   669   1297    410    793
   670   1297    410    793
   671   1297    410    793
   672   1297    410    793
   673   1297    410    793
   674   1297    410    793
   675   1297    410    793
   676   1297    410    793
   677   1297    410    793
   678   1297    410    793
   679   1297    410    793
   680   1297    410    793
   681   1297    410    793
   682   1297    410    793
   683   1297    410    793
   684   1297    410    793
   685   1297    410    793
   686   1297    410    793
   687   1297    410    793
   688   1297    410    793
   689   1297    410    793
   690   1297    410    793
   691   1297    410    793
   692   1297    410    793
   693   1297    410    793
   694   1297    410    793
   695   1297    410    793
   696   1297    410    793
   697   1297    410    793
   698   1297    410    793
   699   1297    410    793
   700   1297    410    793
   701   1297    410    793
   702   1297    410    793
   703   1297    410    793
   704   1297    410    793
   705   1297    410    793
   706   1297    410    793
   707   1297    410    793
   708   1297    410    793
   709   1297    410    793
   710   1297    410    793
   711   1297    410    793
   712   1297    410    793
   713   1297    410    793
   714   1297    410    793
   715   1297    410    793
   716   1297    410    793
   717   1297    410    793
   718   1297    410    793
   719   1297    410    793
   720   1297    410    793
   721   1297    410    793
   722   1297    410    793
   723   1297    410    793
   724   1297    410    793
   725   1297    410    793
   726   1297    410    793
   727   1297    410    793
   728   1297    410    793
   729   1297    410    793
   730   1297    410    793
   731   1297    410    793
   732   1297    410    793
   733   1297    410    793
   734   1297    410    793
   735   1297    410    793
   736   1297    410    793
   737   1297    410    793
   738   1297    410    793
   739   1297    410    793
   740   1297    410    793
   741   1297    410    793
   742   1297    410    793
   743   1297    410    793
   744   1297    410    793
   745   1297    410    793
   746   1297    410    793
   747   1297    410    793
   748   1297    410    793
   749   1297    410    793
   750   1297    410    793
   751   1297    410    793
   752   1297    410    793
   753   1297    410    793
   754   1297    410    793
   755   1297    410    793
   756   1297    410    793
   757   1297    410    793
   758   1297    410    793
   759   1297    410    793
   760   1297    410    793
   761   1297    410    793
   762   1297    410    793
   763   1297    410    793
   764   1297    410    793
   765   1297    410    793
   766   1297    410    793
   767   1297    410    793
   768   1297    410    793
   769   1297    410    793
   770   1297    410    793
   771   1297    410    793
   772   1297    410    793
   773   1297    410    793
   774   1297    410    793
   775   1297    410    793
   776   1297    410    793
   777   1297    410    793
   778   1297    410    793
   779   1297    410    793
   780   1297    410    793
   781   1297    410    793
   782   1297    410    793
   783   1297    410    793
   784   1297    410    793
   785   1297    410    793
   786   1297    410    793
   787   1297    410    793
   788   1297    410    793
   789   1297    410    793
   790   1297    410    793
   791   1297    410    793
   792   1297    410    793
   793   1297    410    793
   794   1297    410    793
   795   1297    410    793
   796   1297    410    793
   797   1297    410    793
   798   1297    410    793
   799   1297    410    793
   800   1297    410    793
   801   1297    410    793
   802   1297    410    793
   803   1297    410    793
   804   1297    410    793
   805   1297    410    793
   806   1297    410    793
   807   1297    410    793
   808   1297    410    793
   809   1297    410    793
   810   1297    410    793
   811   1297    410    793
   812   1297    410    793
   813   1297    410    793
   814   1297    410    793
   815   1297    410    793
   816   1297    410    793
   817   1297    410    793
   818   1297    410    793
   819   1297    410    793
   820   1297    410    793
   821   1297    410    793
   822   1297    410    793
   823   1297    410    793
   824   1297    410    793
   825   1297    410    793
   826   1297    410    793
   827   1297    410    793
   828   1297    410    793
   829   1297    410    793
   830   1297    410    793
   831   1297    410    793
   832   1297    410    793
   833   1297    410    793
   834   1297    410    793
   835   1297    410    793
   836   1297    410    793
   837   1297    410    793
   838   1297    410    793
   839   1297    410    793
   840   1297    410    793
   841   1297    410    793
   842   1297    410    793
   843   1297    410    793
   844   1297    410    793
   845   1297    410    793
   846   1297    410    793
   847   1297    410    793
   848   1297    410    793
   849   1297    410    793
   850   1297    410    793
   851   1297    410    793
   852   1297    410    793
   853   1297    410    793
   854   1297    410    793
   855   1297    410    793
   856   1297    410    793
   857   1297    410    793
   858   1297    410    793
   859   1297    410    793
   860   1297    410    793
   861   1297    410    793
   862   1297    410    793
   863   1297    410    793
   864   1297    410    793
   865   1297    410    793
   866   1297    410    793
   867   1297    410    793
   868   1297    410    793
   869   1297    410    793
   870   1297    410    793
   871   1297    410    793
   872   1297    410    793
   873   1297    410    793
   874   1297    410    793
   875   1297    410    793
   876   1297    410    793
   877   1297    410    793
   878   1297    410    793
   879   1297    410    793
   880   1297    410    793
   881   1297    410    793
   882   1297    410    793
   883   1297    410    793
   884   1297    410    793
   885   1297    410    793
   886   1297    410    793
   887   1297    410    793
   888   1297    410    793
   889   1297    410    793
   890   1297    410    793
   891   1297    410    793
   892   1297    410    793
   893   1297    410    793
   894   1297    410    793
   895   1297    410    793
   896   1297    410    793
   897   1297    410    793
   898   1297    410    793
   899   1297    410    793
   900   1297    410    793
   901   1297    410    793
   902   1297    410    793
   903   1297    410    793
   904   1297    410    793
   905   1297    410    793
   906   1297    410    793
   907   1297    410    793
   908   1297    410    793
   909   1297    410    793
   910   1297    410    793
   911   1297    410    793
   912   1297    410    793
   913   1297    410    793
   914   1297    410    793
   915   1297    410    793
   916   1297    410    793
   917   1297    410    793
   918   1297    410    793
   919   1297    410    793
   920   1297    410    793
   921   1297    410    793
   922   1297    410    793
   923   1297    410    793
   924   1297    410    793
   925   1297    410    793
   926   1297    410    793
   927   1297    410    793
   928   1297    410    793
   929   1297    410    793
   930   1297    410    793
   931   1297    410    793
   932   1297    410    793
   933   1297    410    793
   934   1297    410    793
   935   1297    410    793
   936   1297    410    793
   937   1297    410    793
   938   1297    410    793
   939   1297    410    793
   940   1297    410    793
   941   1297    410    793
   942   1297    410    793
   943   1297    410    793
   944   1297    410    793
   945   1297    410    793
   946   1297    410    793
   947   1297    410    793
   948   1297    410    793
   949   1297    410    793
   950   1297    410    793
   951   1297    410    793
   952   1297    410    793
   953   1297    410    793
   954   1297    410    793
   955   1297    410    793
   956   1297    410    793
   957   1297    410    793
   958   1297    410    793
   959   1297    410    793
   960   1297    410    793
   961   1297    410    793
   962   1297    410    793
   963   1297    410    793
   964   1297    410    793
   965   1297    410    793
   966   1297    410    793
   967   1297    410    793
   968   1297    410    793
   969   1297    410    793
   970   1297    410    793
   971   1297    410    793
   972   1297    410    793
   973   1297    410    793
   974   1297    410    793
   975   1297    410    793
   976   1297    410    793
   977   1297    410    793
   978   1297    410    793
   979   1297    410    793
   980   1297    410    793
   981   1297    410    793
   982   1297    410    793
   983   1297    410    793
   984   1297    410    793
   985   1297    410    793
   986   1297    410    793
   987   1297    410    793
   988   1297    410    793
   989   1297    410    793
   990   1297    410    793
   991   1297    410    793
   992   1297    410    793
   993   1297    410    793
   994   1297    410    793
   995   1297    410    793
   996   1297    410    793
   997   1297    410    793
   998   1297    410    793
   999   1297    410    793
  1000   1297    410    793
