# time (sweeps) | Susceptible | Infected | Recovered
     0    801      0   1699
     1    801      0   1699
     2    801      0   1699
     3    801      0   1699
     4    801      0   1699
     5    801      0   1699
     6    801      0   1699
     7    801      0   1699
     8    801      0   1699
     9    801      0   1699
    10    801      0   1699
    11    801      0   1699
    12    801      0   1699
    13    801      0   1699
    14    801      0   1699
    15    801      0   1699
    16    801      0   1699
    17    801      0   1699
    18    801      0   1699
    19    801      0   1699
    20    801      0   1699
    21    801      0   1699
    22    801      0   1699
    23    801      0   1699
    24    801      0   1699
    25    801      0   1699
    26    801      0   1699
    27    801      0   1699
    28    801      0   1699
    29    801      0   1699
    30    801      0   1699
    31    801      0   1699
    32    801      0   1699
    33    801      0   1699
    34    801      0   1699
    35    801      0   1699
    36    801      0   1699
    37    801      0   1699
    38    801      0   1699
    39    801      0   1699
    40    801      0   1699
    41    801      0   1699
    42    801      0   1699
    43    801      0   1699
    44    801      0   1699
    45    801      0   1699
    46    801      0   1699
    47    801      0   1699
    48    801      0   1699
    49    801      0   1699
    50    801      0   1699
    51    801      0   1699
    52    801      0   1699
    53    801      0   1699
    54    801      0   1699
    55    801      0   1699
    56    801      0   1699
    57    801      0   1699
    58    801      0   1699
    59    801      0   1699
    60    801      0   1699
    61    801      0   1699
    62    801      0   1699
    63    801      0   1699
    64    801      0   1699
    65    801      0   1699
    66    801      0   1699
    67    801      0   1699
    68    801      0   1699
    69    801      0   1699
    70    801      0   1699
    71    801      0   1699
    72    801      0   1699
    73    801      0   1699
    74    801      0   1699
    75    801      0   1699
    76    801      0   1699
    77    801      0   1699
    78    801      0   1699
    79    801      0   1699
    80    801      0   1699
    81    801      0   1699
    82    801      0   1699
    83    801      0   1699
    84    801      0   1699
    85    801      0   1699
    86    801      0   1699
    87    801      0   1699
    88    801      0   1699
    89    801      0   1699
    90    801      0   1699
    91    801      0   1699
    92    801      0   1699
    93    801      0   1699
    94    801      0   1699
    95    801      0   1699
    96    801      0   1699
    97    801      0   1699
    98    801      0   1699
    99    801      0   1699
   100    801      0   1699
   101    801      0   1699
   102    801      0   1699
   103    801      0   1699
   104    801      0   1699
   105    801      0   1699
   106    801      0   1699
   107    801      0   1699
   108    801      0   1699
   109    801      0   1699
   110    801      0   1699
   111    801      0   1699
   112    801      0   1699
   113    801      0   1699
   114    801      0   1699
   115    801      0   1699
   116    801      0   1699
   117    801      0   1699
   118    801      0   1699
   119    801      0   1699
   120    801      0   1699
   121    801      0   1699
   122    801      0   1699
   123    801      0   1699
   124    801      0   1699
   125    801      0   1699
   126    801      0   1699
   127    801      0   1699
   128    801      0   1699
   129    801      0   1699
   130    801      0   1699
   131    801      0   1699
   132    801      0   1699
   133    801      0   1699
   134    801      0   1699
   135    801      0   1699
   136    801      0   1699
   137    801      0   1699
   138    801      0   1699
   139    801      0   1699
   140    801      0   1699
   141    801      0   1699
   142    801      0   1699
   143    801      0   1699
   144    801      0   1699
   145    801      0   1699
   146    801      0   1699
   147    801      0   1699
   148    801      0   1699
   149    801      0   1699
   150    801      0   1699
   151    801      0   1699
   152    801      0   1699
   153    801      0   1699
   154    801      0   1699
   155    801      0   1699
   156    801      0   1699
   157    801      0   1699
   158    801      0   1699
   159    801      0   1699
   160    801      0   1699
   161    801      0   1699
   162    801      0   1699
   163    801      0   1699
   164    801      0   1699
   165    801      0   1699
   166    801      0   1699
   167    801      0   1699
   168    801      0   1699
   169    801      0   1699
   170    801      0   1699
   171    801      0   1699
   172    801      0   1699
   173    801      0   1699
   174    801      0   1699
   175    801      0   1699
   176    801      0   1699
   177    801      0   1699
   178    801      0   1699
   179    801      0   1699
   180    801      0   1699
   181    801      0   1699
   182    801      0   1699
   183    801      0   1699
   184    801      0   1699
   185    801      0   1699
   186    801      0   1699
   187    801      0   1699
   188    801      0   1699
   189    801      0   1699
   190    801      0   1699
   191    801      0   1699
   192    801      0   1699
   193    801      0   1699
   194    801      0   1699
   195    801      0   1699
   196    801      0   1699
   197    801      0   1699
   198    801      0   1699
   199    801      0   1699
   200    801      0   1699
   201    801      0   1699
   202    801      0   1699
   203    801      0   1699
   204    801      0   1699
   205    801      0   1699
   206    801      0   1699
   207    801      0   1699
   208    801      0   1699
   209    801      0   1699
   210    801      0   1699
   211    801      0   1699
   212    801      0   1699
   213    801      0   1699
   214    801      0   1699
   215    801      0   1699
   216    801      0   1699
   217    801      0   1699
   218    801      0   1699
   219    801      0   1699
   220    801      0   1699
   221    801      0   1699
   222    801      0   1699
   223    801      0   1699
   224    801      0   1699
   225    801      0   1699
   226    801      0   1699
   227    801      0   1699
   228    801      0   1699
   229    801      0   1699
   230    801      0   1699
   231    801      0   1699
   232    801      0   1699
   233    801      0   1699
   234    801      0   1699
   235    801      0   1699
   236    801      0   1699
   237    801      0   1699
   238    801      0   1699
   239    801      0   1699
   240    801      0   1699
   241    801      0   1699
   242    801      0   1699
   243    801      0   1699
   244    801      0   1699
   245    801      0   1699
   246    801      0   1699
   247    801      0   1699
   248    801      0   1699
   249    801      0   1699
   250    801      0   1699
   251    801      0   1699
   252    801      0   1699
   253    801      0   1699
   254    801      0   1699
   255    801      0   1699
   256    801      0   1699
   257    801      0   1699
   258    801      0   1699
   259    801      0   1699
   260    801      0   1699
   261    801      0   1699
   262    801      0   1699
   263    801      0   1699
   264    801      0   1699
   265    801      0   1699
   266    801      0   1699
   267    801      0   1699
   268    801      0   1699
   269    801      0   1699
   270    801      0   1699
   271    801      0   1699
   272    801      0   1699
   273    801      0   1699
   274    801      0   1699
   275    801      0   1699
   276    801      0   1699
   277    801      0   1699
   278    801      0   1699
   279    801      0   1699
   280    801      0   1699
   281    801      0   1699
   282    801      0   1699
   283    801      0   1699
   284    801      0   1699
   285    801      0   1699
   286    801      0   1699
   287    801      0   1699
   288    801      0   1699
   289    801      0   1699
   290    801      0   1699
   291    801      0   1699
   292    801      0   1699
   293    801      0   1699
   294    801      0   1699
   295    801      0   1699
   296    801      0   1699
   297    801      0   1699
   298    801      0   1699
   299    801      0   1699
   300    801      0   1699
   301    801      0   1699
   302    801      0   1699
   303    801      0   1699
   304    801      0   1699
   305    801      0   1699
   306    801      0   1699
   307    801      0   1699
   308    801      0   1699
   309    801      0   1699
   310    801      0   1699
   311    801      0   1699
   312    801      0   1699
   313    801      0   1699
   314    801      0   1699
   315    801      0   1699
   316    801      0   1699
   317    801      0   1699
   318    801      0   1699
   319    801      0   1699
   320    801      0   1699
   321    801      0   1699
   322    801      0   1699
   323    801      0   1699
   324    801      0   1699
   325    801      0   1699
   326    801      0   1699
   327    801      0   1699
   328    801      0   1699
   329    801      0   1699
   330    801      0   1699
   331    801      0   1699
   332    801      0   1699
   333    801      0   1699
   334    801      0   1699
   335    801      0   1699
   336    801      0   1699
   337    801      0   1699
   338    801      0   1699
   339    801      0   1699
   340    801      0   1699
   341    801      0   1699
   342    801      0   1699
   343    801      0   1699
   344    801      0   1699
   345    801      0   1699
   346    801      0   1699
   347    801      0   1699
   348    801      0   1699
   349    801      0   1699
   350    801      0   1699
   351    801      0   1699
   352    801      0   1699
   353    801      0   1699
   354    801      0   1699
   355    801      0   1699
   356    801      0   1699
   357    801      0   1699
   358    801      0   1699
   359    801      0   1699
   360    801      0   1699
   361    801      0   1699
   362    801      0   1699
   363    801      0   1699
   364    801      0   1699
   365    801      0   1699
   366    801      0   1699
   367    801      0   1699
   368    801      0   1699
   369    801      0   1699
   370    801      0   1699
   371    801      0   1699
   372    801      0   1699
   373    801      0   1699
   374    801      0   1699
   375    801      0   1699
   376    801      0   1699
   377    801      0   1699
   378    801      0   1699
   379    801      0   1699
   380    801      0   1699
   381    801      0   1699
   382    801      0   1699
   383    801      0   1699
   384    801      0   1699
   385    801      0   1699
   386    801      0   1699
   387    801      0   1699
   388    801      0   1699
   389    801      0   1699
   390    801      0   1699
   391    801      0   1699
   392    801      0   1699
   393    801      0   1699
   394    801      0   1699
   395    801      0   1699
   396    801      0   1699
   397    801      0   1699
   398    801      0   1699
   399    801      0   1699
   400    801      0   1699
   401    801      0   1699
   402    801      0   1699
   403    801      0   1699
   404    801      0   1699
   405    801      0   1699
   406    801      0   1699
   407    801      0   1699
   408    801      0   1699
   409    801      0   1699
   410    801      0   1699
   411    801      0   1699
   412    801      0   1699
   413    801      0   1699
   414    801      0   1699
   415    801      0   1699
   416    801      0   1699
   417    801      0   1699
   418    801      0   1699
   419    801      0   1699
   420    801      0   1699
   421    801      0   1699
   422    801      0   1699
   423    801      0   1699
   424    801      0   1699
   425    801      0   1699
   426    801      0   1699
   427    801      0   1699
   428    801      0   1699
   429    801      0   1699
   430    801      0   1699
   431    801      0   1699
   432    801      0   1699
   433    801      0   1699
   434    801      0   1699
   435    801      0   1699
   436    801      0   1699
   437    801      0   1699
   438    801      0   1699
   439    801      0   1699
   440    801      0   1699
   441    801      0   1699
   442    801      0   1699
   443    801      0   1699
   444    801      0   1699
   445    801      0   1699
   446    801      0   1699
   447    801      0   1699
   448    801      0   1699
   449    801      0   1699
   450    801      0   1699
   451    801      0   1699
   452    801      0   1699
   453    801      0   1699
   454    801      0   1699
   455    801      0   1699
   456    801      0   1699
   457    801      0   1699
   458    801      0   1699
   459    801      0   1699
   460    801      0   1699
   461    801      0   1699
   462    801      0   1699
   463    801      0   1699
   464    801      0   1699
   465    801      0   1699
   466    801      0   1699
   467    801      0   1699
   468    801      0   1699
   469    801      0   1699
   470    801      0   1699
   471    801      0   1699
   472    801      0   1699
   473    801      0   1699
   474    801      0   1699
   475    801      0   1699
   476    801      0   1699
   477    801      0   1699
   478    801      0   1699
   479    801      0   1699
   480    801      0   1699
   481    801      0   1699
   482    801      0   1699
   483    801      0   1699
   484    801      0   1699
   485    801      0   1699
   486    801      0   1699
   487    801      0   1699
   488    801      0   1699
   489    801      0   1699
   490    801      0   1699
   491    801      0   1699
   492    801      0   1699
   493    801      0   1699
   494    801      0   1699
   495    801      0   1699
   496    801      0   1699
   497    801      0   1699
   498    801      0   1699
   499    801      0   1699
   500    801      0   1699
   501    801      0   1699
   502    801      0   1699
   503    801      0   1699
   504    801      0   1699
   505    801      0   1699
   506    801      0   1699
   507    801      0   1699
   508    801      0   1699
   509    801      0   1699
   510    801      0   1699
   511    801      0   1699
   512    801      0   1699
   513    801      0   1699
   514    801      0   1699
   515    801      0   1699
   516    801      0   1699
   517    801      0   1699
   518    801      0   1699
   519    801      0   1699
   520    801      0   1699
   521    801      0   1699
   522    801      0   1699
   523    801      0   1699
   524    801      0   1699
   525    801      0   1699
   526    801      0   1699
   527    801      0   1699
   528    801      0   1699
   529    801      0   1699
   530    801      0   1699
   531    801      0   1699
   532    801      0   1699
   533    801      0   1699
   534    801      0   1699
   535    801      0   1699
   536    801      0   1699
   537    801      0   1699
   538    801      0   1699
   539    801      0   1699
   540    801      0   1699
   541    801      0   1699
   542    801      0   1699
   543    801      0   1699
   544    801      0   1699
   545    801      0   1699
   546    801      0   1699
   547    801      0   1699
   548    801      0   1699
   549    801      0   1699
   550    801      0   1699
   551    801      0   1699
   552    801      0   1699
   553    801      0   1699
   554    801      0   1699
   555    801      0   1699
   556    801      0   1699
   557    801      0   1699
   558    801      0   1699
   559    801      0   1699
   560    801      0   1699
   561    801      0   1699
   562    801      0   1699
   563    801      0   1699
   564    801      0   1699
   565    801      0   1699
   566    801      0   1699
   567    801      0   1699
   568    801      0   1699
   569    801      0   1699
   570    801      0   1699
   571    801      0   1699
   572    801      0   1699
   573    801      0   1699
   574    801      0   1699
   575    801      0   1699
   576    801      0   1699
   577    801      0   1699
   578    801      0   1699
   579    801      0   1699
   580    801      0   1699
   581    801      0   1699
   582    801      0   1699
   583    801      0   1699
   584    801      0   1699
   585    801      0   1699
   586    801      0   1699
   587    801      0   1699
   588    801      0   1699
   589    801      0   1699
   590    801      0   1699
   591    801      0   1699
   592    801      0   1699
   593    801      0   1699
   594    801      0   1699
   595    801      0   1699
   596    801      0   1699
   597    801      0   1699
   598    801      0   1699
   599    801      0   1699
   600    801      0   1699
   601    801      0   1699
   602    801      0   1699
   603    801      0   1699
   604    801      0   1699
   605    801      0   1699
   606    801      0   1699
   607    801      0   1699
   608    801      0   1699
   609    801      0   1699
   610    801      0   1699
   611    801      0   1699
   612    801      0   1699
   613    801      0   1699
   614    801      0   1699
   615    801      0   1699
   616    801      0   1699
   617    801      0   1699
   618    801      0   1699
   619    801      0   1699
   620    801      0   1699
   621    801      0   1699
   622    801      0   1699
   623    801      0   1699
   624    801      0   1699
   625    801      0   1699
   626    801      0   1699
   627    801      0   1699
   628    801      0   1699
   629    801      0   1699
   630    801      0   1699
   631    801      0   1699
   632    801      0   1699
   633    801      0   1699
   634    801      0   1699
   635    801      0   1699
   636    801      0   1699
   637    801      0   1699
   638    801      0   1699
   639    801      0   1699
   640    801      0   1699
   641    801      0   1699
   642    801      0   1699
   643    801      0   1699
   644    801      0   1699
   645    801      0   1699
   646    801      0   1699
   647    801      0   1699
   648    801      0   1699
   649    801      0   1699
   650    801      0   1699
   651    801      0   1699
   652    801      0   1699
   653    801      0   1699
   654    801      0   1699
   655    801      0   1699
   656    801      0   1699
   657    801      0   1699
   658    801      0   1699
   659    801      0   1699
   660    801      0   1699
   661    801      0   1699
   662    801      0   1699
   663    801      0   1699
   664    801      0   1699
   665    801      0   1699
   666    801      0   1699
   667    801      0   1699
   668    801      0   1699
   669    801      0   1699
   670    801      0   1699
   671    801      0   1699
   672    801      0   1699
   673    801      0   1699
   674    801      0   1699
   675    801      0   1699
   676    801      0   1699
   677    801      0   1699
   678    801      0   1699
   679    801      0   1699
   680    801      0   1699
   681    801      0   1699
   682    801      0   1699
   683    801      0   1699
   684    801      0   1699
   685    801      0   1699
   686    801      0   1699
   687    801      0   1699
   688    801      0   1699
   689    801      0   1699
   690    801      0   1699
   691    801      0   1699
   692    801      0   1699
   693    801      0   1699
   694    801      0   1699
   695    801      0   1699
   696    801      0   1699
   697    801      0   1699
   698    801      0   1699
   699    801      0   1699
   700    801      0   1699
   701    801      0   1699
   702    801      0   1699
   703    801      0   1699
   704    801      0   1699
   705    801      0   1699
   706    801      0   1699
   707    801      0   1699
   708    801      0   1699
   709    801      0   1699
   710    801      0   1699
   711    801      0   1699
   712    801      0   1699
   713    801      0   1699
   714    801      0   1699
   715    801      0   1699
   716    801      0   1699
   717    801      0   1699
   718    801      0   1699
   719    801      0   1699
   720    801      0   1699
   721    801      0   1699
   722    801      0   1699
   723    801      0   1699
   724    801      0   1699
   725    801      0   1699
   726    801      0   1699
   727    801      0   1699
   728    801      0   1699
   729    801      0   1699
   730    801      0   1699
   731    801      0   1699
   732    801      0   1699
   733    801      0   1699
   734    801      0   1699
   735    801      0   1699
   736    801      0   1699
   737    801      0   1699
   738    801      0   1699
   739    801      0   1699
   740    801      0   1699
   741    801      0   1699
   742    801      0   1699
   743    801      0   1699
   744    801      0   1699
   745    801      0   1699
   746    801      0   1699
   747    801      0   1699
   748    801      0   1699
   749    801      0   1699
   750    801      0   1699
   751    801      0   1699
   752    801      0   1699
   753    801      0   1699
   754    801      0   1699
   755    801      0   1699
   756    801      0   1699
   757    801      0   1699
   758    801      0   1699
   759    801      0   1699
   760    801      0   1699
   761    801      0   1699
   762    801      0   1699
   763    801      0   1699
   764    801      0   1699
   765    801      0   1699
   766    801      0   1699
   767    801      0   1699
   768    801      0   1699
   769    801      0   1699
   770    801      0   1699
   771    801      0   1699
   772    801      0   1699
   773    801      0   1699
   774    801      0   1699
   775    801      0   1699
   776    801      0   1699
   777    801      0   1699
   778    801      0   1699
   779    801      0   1699
   780    801      0   1699
   781    801      0   1699
   782    801      0   1699
   783    801      0   1699
   784    801      0   1699
   785    801      0   1699
   786    801      0   1699
   787    801      0   1699
   788    801      0   1699
   789    801      0   1699
   790    801      0   1699
   791    801      0   1699
   792    801      0   1699
   793    801      0   1699
   794    801      0   1699
   795    801      0   1699
   796    801      0   1699
   797    801      0   1699
   798    801      0   1699
   799    801      0   1699
   800    801      0   1699
   801    801      0   1699
   802    801      0   1699
   803    801      0   1699
   804    801      0   1699
   805    801      0   1699
   806    801      0   1699
   807    801      0   1699
   808    801      0   1699
   809    801      0   1699
   810    801      0   1699
   811    801      0   1699
   812    801      0   1699
   813    801      0   1699
   814    801      0   1699
   815    801      0   1699
   816    801      0   1699
   817    801      0   1699
   818    801      0   1699
   819    801      0   1699
   820    801      0   1699
   821    801      0   1699
   822    801      0   1699
   823    801      0   1699
   824    801      0   1699
   825    801      0   1699
   826    801      0   1699
   827    801      0   1699
   828    801      0   1699
   829    801      0   1699
   830    801      0   1699
   831    801      0   1699
   832    801      0   1699
   833    801      0   1699
   834    801      0   1699
   835    801      0   1699
   836    801      0   1699
   837    801      0   1699
   838    801      0   1699
   839    801      0   1699
   840    801      0   1699
   841    801      0   1699
   842    801      0   1699
   843    801      0   1699
   844    801      0   1699
   845    801      0   1699
   846    801      0   1699
   847    801      0   1699
   848    801      0   1699
   849    801      0   1699
   850    801      0   1699
   851    801      0   1699
   852    801      0   1699
   853    801      0   1699
   854    801      0   1699
   855    801      0   1699
   856    801      0   1699
   857    801      0   1699
   858    801      0   1699
   859    801      0   1699
   860    801      0   1699
   861    801      0   1699
   862    801      0   1699
   863    801      0   1699
   864    801      0   1699
   865    801      0   1699
   866    801      0   1699
   867    801      0   1699
   868    801      0   1699
   869    801      0   1699
   870    801      0   1699
   871    801      0   1699
   872    801      0   1699
   873    801      0   1699
   874    801      0   1699
   875    801      0   1699
   876    801      0   1699
   877    801      0   1699
   878    801      0   1699
   879    801      0   1699
   880    801      0   1699
   881    801      0   1699
   882    801      0   1699
   883    801      0   1699
   884    801      0   1699
   885    801      0   1699
   886    801      0   1699
   887    801      0   1699
   888    801      0   1699
   889    801      0   1699
   890    801      0   1699
   891    801      0   1699
   892    801      0   1699
   893    801      0   1699
   894    801      0   1699
   895    801      0   1699
   896    801      0   1699
   897    801      0   1699
   898    801      0   1699
   899    801      0   1699
   900    801      0   1699
   901    801      0   1699
   902    801      0   1699
   903    801      0   1699
   904    801      0   1699
   905    801      0   1699
   906    801      0   1699
   907    801      0   1699
   908    801      0   1699
   909    801      0   1699
   910    801      0   1699
   911    801      0   1699
   912    801      0   1699
   913    801      0   1699
   914    801      0   1699
   915    801      0   1699
   916    801      0   1699
   917    801      0   1699
   918    801      0   1699
   919    801      0   1699
   920    801      0   1699
   921    801      0   1699
   922    801      0   1699
   923    801      0   1699
   924    801      0   1699
   925    801      0   1699
   926    801      0   1699
   927    801      0   1699
   928    801      0   1699
   929    801      0   1699
   930    801      0   1699
   931    801      0   1699
   932    801      0   1699
   933    801      0   1699
   934    801      0   1699
   935    801      0   1699
   936    801      0   1699
   937    801      0   1699
   938    801      0   1699
   939    801      0   1699
   940    801      0   1699
   941    801      0   1699
   942    801      0   1699
   943    801      0   1699
   944    801      0   1699
   945    801      0   1699
   946    801      0   1699
   947    801      0   1699
   948    801      0   1699
   949    801      0   1699
   950    801      0   1699
   951    801      0   1699
   952    801      0   1699
   953    801      0   1699
   954    801      0   1699
   955    801      0   1699
   956    801      0   1699
   957    801      0   1699
   958    801      0   1699
   959    801      0   1699
   960    801      0   1699
   961    801      0   1699
   962    801      0   1699
   963    801      0   1699
   964    801      0   1699
   965    801      0   1699
   966    801      0   1699
   967    801      0   1699
   968    801      0   1699
   969    801      0   1699
   970    801      0   1699
   971    801      0   1699
   972    801      0   1699
   973    801      0   1699
   974    801      0   1699
   975    801      0   1699
   976    801      0   1699
   977    801      0   1699
   978    801      0   1699
   979    801      0   1699
   980    801      0   1699
   981    801      0   1699
   982    801      0   1699
   983    801      0   1699
   984    801      0   1699
   985    801      0   1699
   986    801      0   1699
   987    801      0   1699
   988    801      0   1699
   989    801      0   1699
   990    801      0   1699
   991    801      0   1699
   992    801      0   1699
   993    801      0   1699
   994    801      0   1699
   995    801      0   1699
   996    801      0   1699
   997    801      0   1699
   998    801      0   1699
   999    801      0   1699
  1000    801      0   1699
