# time (sweeps) | Susceptible | Infected | Recovered
     0   1282      0   1218
     1   1282      0   1218
     2   1282      0   1218
     3   1282      0   1218
     4   1282      0   1218
     5   1282      0   1218
     6   1282      0   1218
     7   1282      0   1218
     8   1282      0   1218
     9   1282      0   1218
    10   1282      0   1218
    11   1282      0   1218
    12   1282      0   1218
    13   1282      0   1218
    14   1282      0   1218
    15   1282      0   1218
    16   1282      0   1218
    17   1282      0   1218
    18   1282      0   1218
    19   1282      0   1218
    20   1282      0   1218
    21   1282      0   1218
    22   1282      0   1218
    23   1282      0   1218
    24   1282      0   1218
    25   1282      0   1218
    26   1282      0   1218
    27   1282      0   1218
    28   1282      0   1218
    29   1282      0   1218
    30   1282      0   1218
    31   1282      0   1218
    32   1282      0   1218
    33   1282      0   1218
    34   1282      0   1218
    35   1282      0   1218
    36   1282      0   1218
    37   1282      0   1218
    38   1282      0   1218
    39   1282      0   1218
    40   1282      0   1218
    41   1282      0   1218
    42   1282      0   1218
    43   1282      0   1218
    44   1282      0   1218
    45   1282      0   1218
    46   1282      0   1218
    47   1282      0   1218
    48   1282      0   1218
    49   1282      0   1218
    50   1282      0   1218
    51   1282      0   1218
    52   1282      0   1218
    53   1282      0   1218
    54   1282      0   1218
    55   1282      0   1218
    56   1282      0   1218
    57   1282      0   1218
    58   1282      0   1218
    59   1282      0   1218
    60   1282      0   1218
    61   1282      0   1218
    62   1282      0   1218
    63   1282      0   1218
    64   1282      0   1218
    65   1282      0   1218
    66   1282      0   1218
    67   1282      0   1218
    68   1282      0   1218
    69   1282      0   1218
    70   1282      0   1218
    71   1282      0   1218
    72   1282      0   1218
    73   1282      0   1218
    74   1282      0   1218
    75   1282      0   1218
    76   1282      0   1218
    77   1282      0   1218
    78   1282      0   1218
    79   1282      0   1218
    80   1282      0   1218
    81   1282      0   1218
    82   1282      0   1218
    83   1282      0   1218
    84   1282      0   1218
    85   1282      0   1218
    86   1282      0   1218
    87   1282      0   1218
    88   1282      0   1218
    89   1282      0   1218
    90   1282      0   1218
    91   1282      0   1218
    92   1282      0   1218
    93   1282      0   1218
    94   1282      0   1218
    95   1282      0   1218
    96   1282      0   1218
    97   1282      0   1218
    98   1282      0   1218
    99   1282      0   1218
   100   1282      0   1218
   101   1282      0   1218
   102   1282      0   1218
   103   1282      0   1218
   104   1282      0   1218
   105   1282      0   1218
   106   1282      0   1218
   107   1282      0   1218
   108   1282      0   1218
   109   1282      0   1218
   110   1282      0   1218
   111   1282      0   1218
   112   1282      0   1218
   113   1282      0   1218
   114   1282      0   1218
   115   1282      0   1218
   116   1282      0   1218
   117   1282      0   1218
   118   1282      0   1218
   119   1282      0   1218
   120   1282      0   1218
   121   1282      0   1218
   122   1282      0   1218
   123   1282      0   1218
   124   1282      0   1218
   125   1282      0   1218
   126   1282      0   1218
   127   1282      0   1218
   128   1282      0   1218
   129   1282      0   1218
   130   1282      0   1218
   131   1282      0   1218
   132   1282      0   1218
   133   1282      0   1218
   134   1282      0   1218
   135   1282      0   1218
   136   1282      0   1218
   137   1282      0   1218
   138   1282      0   1218
   139   1282      0   1218
   140   1282      0   1218
   141   1282      0   1218
   142   1282      0   1218
   143   1282      0   1218
   144   1282      0   1218
   145   1282      0   1218
   146   1282      0   1218
   147   1282      0   1218
   148   1282      0   1218
   149   1282      0   1218
   150   1282      0   1218
   151   1282      0   1218
   152   1282      0   1218
   153   1282      0   1218
   154   1282      0   1218
   155   1282      0   1218
   156   1282      0   1218
   157   1282      0   1218
   158   1282      0   1218
   159   1282      0   1218
   160   1282      0   1218
   161   1282      0   1218
   162   1282      0   1218
   163   1282      0   1218
   164   1282      0   1218
   165   1282      0   1218
   166   1282      0   1218
   167   1282      0   1218
   168   1282      0   1218
   169   1282      0   1218
   170   1282      0   1218
   171   1282      0   1218
   172   1282      0   1218
   173   1282      0   1218
   174   1282      0   1218
   175   1282      0   1218
   176   1282      0   1218
   177   1282      0   1218
   178   1282      0   1218
   179   1282      0   1218
   180   1282      0   1218
   181   1282      0   1218
   182   1282      0   1218
   183   1282      0   1218
   184   1282      0   1218
   185   1282      0   1218
   186   1282      0   1218
   187   1282      0   1218
   188   1282      0   1218
   189   1282      0   1218
   190   1282      0   1218
   191   1282      0   1218
   192   1282      0   1218
   193   1282      0   1218
   194   1282      0   1218
   195   1282      0   1218
   196   1282      0   1218
   197   1282      0   1218
   198   1282      0   1218
   199   1282      0   1218
   200   1282      0   1218
   201   1282      0   1218
   202   1282      0   1218
   203   1282      0   1218
   204   1282      0   1218
   205   1282      0   1218
   206   1282      0   1218
   207   1282      0   1218
   208   1282      0   1218
   209   1282      0   1218
   210   1282      0   1218
   211   1282      0   1218
   212   1282      0   1218
   213   1282      0   1218
   214   1282      0   1218
   215   1282      0   1218
   216   1282      0   1218
   217   1282      0   1218
   218   1282      0   1218
   219   1282      0   1218
   220   1282      0   1218
   221   1282      0   1218
   222   1282      0   1218
   223   1282      0   1218
   224   1282      0   1218
   225   1282      0   1218
   226   1282      0   1218
   227   1282      0   1218
   228   1282      0   1218
   229   1282      0   1218
   230   1282      0   1218
   231   1282      0   1218
   232   1282      0   1218
   233   1282      0   1218
   234   1282      0   1218
   235   1282      0   1218
   236   1282      0   1218
   237   1282      0   1218
   238   1282      0   1218
   239   1282      0   1218
   240   1282      0   1218
   241   1282      0   1218
   242   1282      0   1218
   243   1282      0   1218
   244   1282      0   1218
   245   1282      0   1218
   246   1282      0   1218
   247   1282      0   1218
   248   1282      0   1218
   249   1282      0   1218
   250   1282      0   1218
   251   1282      0   1218
   252   1282      0   1218
   253   1282      0   1218
   254   1282      0   1218
   255   1282      0   1218
   256   1282      0   1218
   257   1282      0   1218
   258   1282      0   1218
   259   1282      0   1218
   260   1282      0   1218
   261   1282      0   1218
   262   1282      0   1218
   263   1282      0   1218
   264   1282      0   1218
   265   1282      0   1218
   266   1282      0   1218
   267   1282      0   1218
   268   1282      0   1218
   269   1282      0   1218
   270   1282      0   1218
   271   1282      0   1218
   272   1282      0   1218
   273   1282      0   1218
   274   1282      0   1218
   275   1282      0   1218
   276   1282      0   1218
   277   1282      0   1218
   278   1282      0   1218
   279   1282      0   1218
   280   1282      0   1218
   281   1282      0   1218
   282   1282      0   1218
   283   1282      0   1218
   284   1282      0   1218
   285   1282      0   1218
   286   1282      0   1218
   287   1282      0   1218
   288   1282      0   1218
   289   1282      0   1218
   290   1282      0   1218
   291   1282      0   1218
   292   1282      0   1218
   293   1282      0   1218
   294   1282      0   1218
   295   1282      0   1218
   296   1282      0   1218
   297   1282      0   1218
   298   1282      0   1218
   299   1282      0   1218
   300   1282      0   1218
   301   1282      0   1218
   302   1282      0   1218
   303   1282      0   1218
   304   1282      0   1218
   305   1282      0   1218
   306   1282      0   1218
   307   1282      0   1218
   308   1282      0   1218
   309   1282      0   1218
   310   1282      0   1218
   311   1282      0   1218
   312   1282      0   1218
   313   1282      0   1218
   314   1282      0   1218
   315   1282      0   1218
   316   1282      0   1218
   317   1282      0   1218
   318   1282      0   1218
   319   1282      0   1218
   320   1282      0   1218
   321   1282      0   1218
   322   1282      0   1218
   323   1282      0   1218
   324   1282      0   1218
   325   1282      0   1218
   326   1282      0   1218
   327   1282      0   1218
   328   1282      0   1218
   329   1282      0   1218
   330   1282      0   1218
   331   1282      0   1218
   332   1282      0   1218
   333   1282      0   1218
   334   1282      0   1218
   335   1282      0   1218
   336   1282      0   1218
   337   1282      0   1218
   338   1282      0   1218
   339   1282      0   1218
   340   1282      0   1218
   341   1282      0   1218
   342   1282      0   1218
   343   1282      0   1218
   344   1282      0   1218
   345   1282      0   1218
   346   1282      0   1218
   347   1282      0   1218
   348   1282      0   1218
   349   1282      0   1218
   350   1282      0   1218
   351   1282      0   1218
   352   1282      0   1218
   353   1282      0   1218
   354   1282      0   1218
   355   1282      0   1218
   356   1282      0   1218
   357   1282      0   1218
   358   1282      0   1218
   359   1282      0   1218
   360   1282      0   1218
   361   1282      0   1218
   362   1282      0   1218
   363   1282      0   1218
   364   1282      0   1218
   365   1282      0   1218
   366   1282      0   1218
   367   1282      0   1218
   368   1282      0   1218
   369   1282      0   1218
   370   1282      0   1218
   371   1282      0   1218
   372   1282      0   1218
   373   1282      0   1218
   374   1282      0   1218
   375   1282      0   1218
   376   1282      0   1218
   377   1282      0   1218
   378   1282      0   1218
   379   1282      0   1218
   380   1282      0   1218
   381   1282      0   1218
   382   1282      0   1218
   383   1282      0   1218
   384   1282      0   1218
   385   1282      0   1218
   386   1282      0   1218
   387   1282      0   1218
   388   1282      0   1218
   389   1282      0   1218
   390   1282      0   1218
   391   1282      0   1218
   392   1282      0   1218
   393   1282      0   1218
   394   1282      0   1218
   395   1282      0   1218
   396   1282      0   1218
   397   1282      0   1218
   398   1282      0   1218
   399   1282      0   1218
   400   1282      0   1218
   401   1282      0   1218
   402   1282      0   1218
   403   1282      0   1218
   404   1282      0   1218
   405   1282      0   1218
   406   1282      0   1218
   407   1282      0   1218
   408   1282      0   1218
   409   1282      0   1218
   410   1282      0   1218
   411   1282      0   1218
   412   1282      0   1218
   413   1282      0   1218
   414   1282      0   1218
   415   1282      0   1218
   416   1282      0   1218
   417   1282      0   1218
   418   1282      0   1218
   419   1282      0   1218
   420   1282      0   1218
   421   1282      0   1218
   422   1282      0   1218
   423   1282      0   1218
   424   1282      0   1218
   425   1282      0   1218
   426   1282      0   1218
   427   1282      0   1218
   428   1282      0   1218
   429   1282      0   1218
   430   1282      0   1218
   431   1282      0   1218
   432   1282      0   1218
   433   1282      0   1218
   434   1282      0   1218
   435   1282      0   1218
   436   1282      0   1218
   437   1282      0   1218
   438   1282      0   1218
   439   1282      0   1218
   440   1282      0   1218
   441   1282      0   1218
   442   1282      0   1218
   443   1282      0   1218
   444   1282      0   1218
   445   1282      0   1218
   446   1282      0   1218
   447   1282      0   1218
   448   1282      0   1218
   449   1282      0   1218
   450   1282      0   1218
   451   1282      0   1218
   452   1282      0   1218
   453   1282      0   1218
   454   1282      0   1218
   455   1282      0   1218
   456   1282      0   1218
   457   1282      0   1218
   458   1282      0   1218
   459   1282      0   1218
   460   1282      0   1218
   461   1282      0   1218
   462   1282      0   1218
   463   1282      0   1218
   464   1282      0   1218
   465   1282      0   1218
   466   1282      0   1218
   467   1282      0   1218
   468   1282      0   1218
   469   1282      0   1218
   470   1282      0   1218
   471   1282      0   1218
   472   1282      0   1218
   473   1282      0   1218
   474   1282      0   1218
   475   1282      0   1218
   476   1282      0   1218
   477   1282      0   1218
   478   1282      0   1218
   479   1282      0   1218
   480   1282      0   1218
   481   1282      0   1218
   482   1282      0   1218
   483   1282      0   1218
   484   1282      0   1218
   485   1282      0   1218
   486   1282      0   1218
   487   1282      0   1218
   488   1282      0   1218
   489   1282      0   1218
   490   1282      0   1218
   491   1282      0   1218
   492   1282      0   1218
   493   1282      0   1218
   494   1282      0   1218
   495   1282      0   1218
   496   1282      0   1218
   497   1282      0   1218
   498   1282      0   1218
   499   1282      0   1218
   500   1282      0   1218
   501   1282      0   1218
   502   1282      0   1218
   503   1282      0   1218
   504   1282      0   1218
   505   1282      0   1218
   506   1282      0   1218
   507   1282      0   1218
   508   1282      0   1218
   509   1282      0   1218
   510   1282      0   1218
   511   1282      0   1218
   512   1282      0   1218
   513   1282      0   1218
   514   1282      0   1218
   515   1282      0   1218
   516   1282      0   1218
   517   1282      0   1218
   518   1282      0   1218
   519   1282      0   1218
   520   1282      0   1218
   521   1282      0   1218
   522   1282      0   1218
   523   1282      0   1218
   524   1282      0   1218
   525   1282      0   1218
   526   1282      0   1218
   527   1282      0   1218
   528   1282      0   1218
   529   1282      0   1218
   530   1282      0   1218
   531   1282      0   1218
   532   1282      0   1218
   533   1282      0   1218
   534   1282      0   1218
   535   1282      0   1218
   536   1282      0   1218
   537   1282      0   1218
   538   1282      0   1218
   539   1282      0   1218
   540   1282      0   1218
   541   1282      0   1218
   542   1282      0   1218
   543   1282      0   1218
   544   1282      0   1218
   545   1282      0   1218
   546   1282      0   1218
   547   1282      0   1218
   548   1282      0   1218
   549   1282      0   1218
   550   1282      0   1218
   551   1282      0   1218
   552   1282      0   1218
   553   1282      0   1218
   554   1282      0   1218
   555   1282      0   1218
   556   1282      0   1218
   557   1282      0   1218
   558   1282      0   1218
   559   1282      0   1218
   560   1282      0   1218
   561   1282      0   1218
   562   1282      0   1218
   563   1282      0   1218
   564   1282      0   1218
   565   1282      0   1218
   566   1282      0   1218
   567   1282      0   1218
   568   1282      0   1218
   569   1282      0   1218
   570   1282      0   1218
   571   1282      0   1218
   572   1282      0   1218
   573   1282      0   1218
   574   1282      0   1218
   575   1282      0   1218
   576   1282      0   1218
   577   1282      0   1218
   578   1282      0   1218
   579   1282      0   1218
   580   1282      0   1218
   581   1282      0   1218
   582   1282      0   1218
   583   1282      0   1218
   584   1282      0   1218
   585   1282      0   1218
   586   1282      0   1218
   587   1282      0   1218
   588   1282      0   1218
   589   1282      0   1218
   590   1282      0   1218
   591   1282      0   1218
   592   1282      0   1218
   593   1282      0   1218
   594   1282      0   1218
   595   1282      0   1218
   596   1282      0   1218
   597   1282      0   1218
   598   1282      0   1218
   599   1282      0   1218
   600   1282      0   1218
   601   1282      0   1218
   602   1282      0   1218
   603   1282      0   1218
   604   1282      0   1218
   605   1282      0   1218
   606   1282      0   1218
   607   1282      0   1218
   608   1282      0   1218
   609   1282      0   1218
   610   1282      0   1218
   611   1282      0   1218
   612   1282      0   1218
   613   1282      0   1218
   614   1282      0   1218
   615   1282      0   1218
   616   1282      0   1218
   617   1282      0   1218
   618   1282      0   1218
   619   1282      0   1218
   620   1282      0   1218
   621   1282      0   1218
   622   1282      0   1218
   623   1282      0   1218
   624   1282      0   1218
   625   1282      0   1218
   626   1282      0   1218
   627   1282      0   1218
   628   1282      0   1218
   629   1282      0   1218
   630   1282      0   1218
   631   1282      0   1218
   632   1282      0   1218
   633   1282      0   1218
   634   1282      0   1218
   635   1282      0   1218
   636   1282      0   1218
   637   1282      0   1218
   638   1282      0   1218
   639   1282      0   1218
   640   1282      0   1218
   641   1282      0   1218
   642   1282      0   1218
   643   1282      0   1218
   644   1282      0   1218
   645   1282      0   1218
   646   1282      0   1218
   647   1282      0   1218
   648   1282      0   1218
   649   1282      0   1218
   650   1282      0   1218
   651   1282      0   1218
   652   1282      0   1218
   653   1282      0   1218
   654   1282      0   1218
   655   1282      0   1218
   656   1282      0   1218
   657   1282      0   1218
   658   1282      0   1218
   659   1282      0   1218
   660   1282      0   1218
   661   1282      0   1218
   662   1282      0   1218
   663   1282      0   1218
   664   1282      0   1218
   665   1282      0   1218
   666   1282      0   1218
   667   1282      0   1218
   668   1282      0   1218
   669   1282      0   1218
   670   1282      0   1218
   671   1282      0   1218
   672   1282      0   1218
   673   1282      0   1218
   674   1282      0   1218
   675   1282      0   1218
   676   1282      0   1218
   677   1282      0   1218
   678   1282      0   1218
   679   1282      0   1218
   680   1282      0   1218
   681   1282      0   1218
   682   1282      0   1218
   683   1282      0   1218
   684   1282      0   1218
   685   1282      0   1218
   686   1282      0   1218
   687   1282      0   1218
   688   1282      0   1218
   689   1282      0   1218
   690   1282      0   1218
   691   1282      0   1218
   692   1282      0   1218
   693   1282      0   1218
   694   1282      0   1218
   695   1282      0   1218
   696   1282      0   1218
   697   1282      0   1218
   698   1282      0   1218
   699   1282      0   1218
   700   1282      0   1218
   701   1282      0   1218
   702   1282      0   1218
   703   1282      0   1218
   704   1282      0   1218
   705   1282      0   1218
   706   1282      0   1218
   707   1282      0   1218
   708   1282      0   1218
   709   1282      0   1218
   710   1282      0   1218
   711   1282      0   1218
   712   1282      0   1218
   713   1282      0   1218
   714   1282      0   1218
   715   1282      0   1218
   716   1282      0   1218
   717   1282      0   1218
   718   1282      0   1218
   719   1282      0   1218
   720   1282      0   1218
   721   1282      0   1218
   722   1282      0   1218
   723   1282      0   1218
   724   1282      0   1218
   725   1282      0   1218
   726   1282      0   1218
   727   1282      0   1218
   728   1282      0   1218
   729   1282      0   1218
   730   1282      0   1218
   731   1282      0   1218
   732   1282      0   1218
   733   1282      0   1218
   734   1282      0   1218
   735   1282      0   1218
   736   1282      0   1218
   737   1282      0   1218
   738   1282      0   1218
   739   1282      0   1218
   740   1282      0   1218
   741   1282      0   1218
   742   1282      0   1218
   743   1282      0   1218
   744   1282      0   1218
   745   1282      0   1218
   746   1282      0   1218
   747   1282      0   1218
   748   1282      0   1218
   749   1282      0   1218
   750   1282      0   1218
   751   1282      0   1218
   752   1282      0   1218
   753   1282      0   1218
   754   1282      0   1218
   755   1282      0   1218
   756   1282      0   1218
   757   1282      0   1218
   758   1282      0   1218
   759   1282      0   1218
   760   1282      0   1218
   761   1282      0   1218
   762   1282      0   1218
   763   1282      0   1218
   764   1282      0   1218
   765   1282      0   1218
   766   1282      0   1218
   767   1282      0   1218
   768   1282      0   1218
   769   1282      0   1218
   770   1282      0   1218
   771   1282      0   1218
   772   1282      0   1218
   773   1282      0   1218
   774   1282      0   1218
   775   1282      0   1218
   776   1282      0   1218
   777   1282      0   1218
   778   1282      0   1218
   779   1282      0   1218
   780   1282      0   1218
   781   1282      0   1218
   782   1282      0   1218
   783   1282      0   1218
   784   1282      0   1218
   785   1282      0   1218
   786   1282      0   1218
   787   1282      0   1218
   788   1282      0   1218
   789   1282      0   1218
   790   1282      0   1218
   791   1282      0   1218
   792   1282      0   1218
   793   1282      0   1218
   794   1282      0   1218
   795   1282      0   1218
   796   1282      0   1218
   797   1282      0   1218
   798   1282      0   1218
   799   1282      0   1218
   800   1282      0   1218
   801   1282      0   1218
   802   1282      0   1218
   803   1282      0   1218
   804   1282      0   1218
   805   1282      0   1218
   806   1282      0   1218
   807   1282      0   1218
   808   1282      0   1218
   809   1282      0   1218
   810   1282      0   1218
   811   1282      0   1218
   812   1282      0   1218
   813   1282      0   1218
   814   1282      0   1218
   815   1282      0   1218
   816   1282      0   1218
   817   1282      0   1218
   818   1282      0   1218
   819   1282      0   1218
   820   1282      0   1218
   821   1282      0   1218
   822   1282      0   1218
   823   1282      0   1218
   824   1282      0   1218
   825   1282      0   1218
   826   1282      0   1218
   827   1282      0   1218
   828   1282      0   1218
   829   1282      0   1218
   830   1282      0   1218
   831   1282      0   1218
   832   1282      0   1218
   833   1282      0   1218
   834   1282      0   1218
   835   1282      0   1218
   836   1282      0   1218
   837   1282      0   1218
   838   1282      0   1218
   839   1282      0   1218
   840   1282      0   1218
   841   1282      0   1218
   842   1282      0   1218
   843   1282      0   1218
   844   1282      0   1218
   845   1282      0   1218
   846   1282      0   1218
   847   1282      0   1218
   848   1282      0   1218
   849   1282      0   1218
   850   1282      0   1218
   851   1282      0   1218
   852   1282      0   1218
   853   1282      0   1218
   854   1282      0   1218
   855   1282      0   1218
   856   1282      0   1218
   857   1282      0   1218
   858   1282      0   1218
   859   1282      0   1218
   860   1282      0   1218
   861   1282      0   1218
   862   1282      0   1218
   863   1282      0   1218
   864   1282      0   1218
   865   1282      0   1218
   866   1282      0   1218
   867   1282      0   1218
   868   1282      0   1218
   869   1282      0   1218
   870   1282      0   1218
   871   1282      0   1218
   872   1282      0   1218
   873   1282      0   1218
   874   1282      0   1218
   875   1282      0   1218
   876   1282      0   1218
   877   1282      0   1218
   878   1282      0   1218
   879   1282      0   1218
   880   1282      0   1218
   881   1282      0   1218
   882   1282      0   1218
   883   1282      0   1218
   884   1282      0   1218
   885   1282      0   1218
   886   1282      0   1218
   887   1282      0   1218
   888   1282      0   1218
   889   1282      0   1218
   890   1282      0   1218
   891   1282      0   1218
   892   1282      0   1218
   893   1282      0   1218
   894   1282      0   1218
   895   1282      0   1218
   896   1282      0   1218
   897   1282      0   1218
   898   1282      0   1218
   899   1282      0   1218
   900   1282      0   1218
   901   1282      0   1218
   902   1282      0   1218
   903   1282      0   1218
   904   1282      0   1218
   905   1282      0   1218
   906   1282      0   1218
   907   1282      0   1218
   908   1282      0   1218
   909   1282      0   1218
   910   1282      0   1218
   911   1282      0   1218
   912   1282      0   1218
   913   1282      0   1218
   914   1282      0   1218
   915   1282      0   1218
   916   1282      0   1218
   917   1282      0   1218
   918   1282      0   1218
   919   1282      0   1218
   920   1282      0   1218
   921   1282      0   1218
   922   1282      0   1218
   923   1282      0   1218
   924   1282      0   1218
   925   1282      0   1218
   926   1282      0   1218
   927   1282      0   1218
   928   1282      0   1218
   929   1282      0   1218
   930   1282      0   1218
   931   1282      0   1218
   932   1282      0   1218
   933   1282      0   1218
   934   1282      0   1218
   935   1282      0   1218
   936   1282      0   1218
   937   1282      0   1218
   938   1282      0   1218
   939   1282      0   1218
   940   1282      0   1218
   941   1282      0   1218
   942   1282      0   1218
   943   1282      0   1218
   944   1282      0   1218
   945   1282      0   1218
   946   1282      0   1218
   947   1282      0   1218
   948   1282      0   1218
   949   1282      0   1218
   950   1282      0   1218
   951   1282      0   1218
   952   1282      0   1218
   953   1282      0   1218
   954   1282      0   1218
   955   1282      0   1218
   956   1282      0   1218
   957   1282      0   1218
   958   1282      0   1218
   959   1282      0   1218
   960   1282      0   1218
   961   1282      0   1218
   962   1282      0   1218
   963   1282      0   1218
   964   1282      0   1218
   965   1282      0   1218
   966   1282      0   1218
   967   1282      0   1218
   968   1282      0   1218
   969   1282      0   1218
   970   1282      0   1218
   971   1282      0   1218
   972   1282      0   1218
   973   1282      0   1218
   974   1282      0   1218
   975   1282      0   1218
   976   1282      0   1218
   977   1282      0   1218
   978   1282      0   1218
   979   1282      0   1218
   980   1282      0   1218
   981   1282      0   1218
   982   1282      0   1218
   983   1282      0   1218
   984   1282      0   1218
   985   1282      0   1218
   986   1282      0   1218
   987   1282      0   1218
   988   1282      0   1218
   989   1282      0   1218
   990   1282      0   1218
   991   1282      0   1218
   992   1282      0   1218
   993   1282      0   1218
   994   1282      0   1218
   995   1282      0   1218
   996   1282      0   1218
   997   1282      0   1218
   998   1282      0   1218
   999   1282      0   1218
  1000   1282      0   1218
