# time (sweeps) | Susceptible | Infected | Recovered
     0    108      0   2392
     1    108      0   2392
     2    108      0   2392
     3    108      0   2392
     4    108      0   2392
     5    108      0   2392
     6    108      0   2392
     7    108      0   2392
     8    108      0   2392
     9    108      0   2392
    10    108      0   2392
    11    108      0   2392
    12    108      0   2392
    13    108      0   2392
    14    108      0   2392
    15    108      0   2392
    16    108      0   2392
    17    108      0   2392
    18    108      0   2392
    19    108      0   2392
    20    108      0   2392
    21    108      0   2392
    22    108      0   2392
    23    108      0   2392
    24    108      0   2392
    25    108      0   2392
    26    108      0   2392
    27    108      0   2392
    28    108      0   2392
    29    108      0   2392
    30    108      0   2392
    31    108      0   2392
    32    108      0   2392
    33    108      0   2392
    34    108      0   2392
    35    108      0   2392
    36    108      0   2392
    37    108      0   2392
    38    108      0   2392
    39    108      0   2392
    40    108      0   2392
    41    108      0   2392
    42    108      0   2392
    43    108      0   2392
    44    108      0   2392
    45    108      0   2392
    46    108      0   2392
    47    108      0   2392
    48    108      0   2392
    49    108      0   2392
    50    108      0   2392
    51    108      0   2392
    52    108      0   2392
    53    108      0   2392
    54    108      0   2392
    55    108      0   2392
    56    108      0   2392
    57    108      0   2392
    58    108      0   2392
    59    108      0   2392
    60    108      0   2392
    61    108      0   2392
    62    108      0   2392
    63    108      0   2392
    64    108      0   2392
    65    108      0   2392
    66    108      0   2392
    67    108      0   2392
    68    108      0   2392
    69    108      0   2392
    70    108      0   2392
    71    108      0   2392
    72    108      0   2392
    73    108      0   2392
    74    108      0   2392
    75    108      0   2392
    76    108      0   2392
    77    108      0   2392
    78    108      0   2392
    79    108      0   2392
    80    108      0   2392
    81    108      0   2392
    82    108      0   2392
    83    108      0   2392
    84    108      0   2392
    85    108      0   2392
    86    108      0   2392
    87    108      0   2392
    88    108      0   2392
    89    108      0   2392
    90    108      0   2392
    91    108      0   2392
    92    108      0   2392
    93    108      0   2392
    94    108      0   2392
    95    108      0   2392
    96    108      0   2392
    97    108      0   2392
    98    108      0   2392
    99    108      0   2392
   100    108      0   2392
   101    108      0   2392
   102    108      0   2392
   103    108      0   2392
   104    108      0   2392
   105    108      0   2392
   106    108      0   2392
   107    108      0   2392
   108    108      0   2392
   109    108      0   2392
   110    108      0   2392
   111    108      0   2392
   112    108      0   2392
   113    108      0   2392
   114    108      0   2392
   115    108      0   2392
   116    108      0   2392
   117    108      0   2392
   118    108      0   2392
   119    108      0   2392
   120    108      0   2392
   121    108      0   2392
   122    108      0   2392
   123    108      0   2392
   124    108      0   2392
   125    108      0   2392
   126    108      0   2392
   127    108      0   2392
   128    108      0   2392
   129    108      0   2392
   130    108      0   2392
   131    108      0   2392
   132    108      0   2392
   133    108      0   2392
   134    108      0   2392
   135    108      0   2392
   136    108      0   2392
   137    108      0   2392
   138    108      0   2392
   139    108      0   2392
   140    108      0   2392
   141    108      0   2392
   142    108      0   2392
   143    108      0   2392
   144    108      0   2392
   145    108      0   2392
   146    108      0   2392
   147    108      0   2392
   148    108      0   2392
   149    108      0   2392
   150    108      0   2392
   151    108      0   2392
   152    108      0   2392
   153    108      0   2392
   154    108      0   2392
   155    108      0   2392
   156    108      0   2392
   157    108      0   2392
   158    108      0   2392
   159    108      0   2392
   160    108      0   2392
   161    108      0   2392
   162    108      0   2392
   163    108      0   2392
   164    108      0   2392
   165    108      0   2392
   166    108      0   2392
   167    108      0   2392
   168    108      0   2392
   169    108      0   2392
   170    108      0   2392
   171    108      0   2392
   172    108      0   2392
   173    108      0   2392
   174    108      0   2392
   175    108      0   2392
   176    108      0   2392
   177    108      0   2392
   178    108      0   2392
   179    108      0   2392
   180    108      0   2392
   181    108      0   2392
   182    108      0   2392
   183    108      0   2392
   184    108      0   2392
   185    108      0   2392
   186    108      0   2392
   187    108      0   2392
   188    108      0   2392
   189    108      0   2392
   190    108      0   2392
   191    108      0   2392
   192    108      0   2392
   193    108      0   2392
   194    108      0   2392
   195    108      0   2392
   196    108      0   2392
   197    108      0   2392
   198    108      0   2392
   199    108      0   2392
   200    108      0   2392
   201    108      0   2392
   202    108      0   2392
   203    108      0   2392
   204    108      0   2392
   205    108      0   2392
   206    108      0   2392
   207    108      0   2392
   208    108      0   2392
   209    108      0   2392
   210    108      0   2392
   211    108      0   2392
   212    108      0   2392
   213    108      0   2392
   214    108      0   2392
   215    108      0   2392
   216    108      0   2392
   217    108      0   2392
   218    108      0   2392
   219    108      0   2392
   220    108      0   2392
   221    108      0   2392
   222    108      0   2392
   223    108      0   2392
   224    108      0   2392
   225    108      0   2392
   226    108      0   2392
   227    108      0   2392
   228    108      0   2392
   229    108      0   2392
   230    108      0   2392
   231    108      0   2392
   232    108      0   2392
   233    108      0   2392
   234    108      0   2392
   235    108      0   2392
   236    108      0   2392
   237    108      0   2392
   238    108      0   2392
   239    108      0   2392
   240    108      0   2392
   241    108      0   2392
   242    108      0   2392
   243    108      0   2392
   244    108      0   2392
   245    108      0   2392
   246    108      0   2392
   247    108      0   2392
   248    108      0   2392
   249    108      0   2392
   250    108      0   2392
   251    108      0   2392
   252    108      0   2392
   253    108      0   2392
   254    108      0   2392
   255    108      0   2392
   256    108      0   2392
   257    108      0   2392
   258    108      0   2392
   259    108      0   2392
   260    108      0   2392
   261    108      0   2392
   262    108      0   2392
   263    108      0   2392
   264    108      0   2392
   265    108      0   2392
   266    108      0   2392
   267    108      0   2392
   268    108      0   2392
   269    108      0   2392
   270    108      0   2392
   271    108      0   2392
   272    108      0   2392
   273    108      0   2392
   274    108      0   2392
   275    108      0   2392
   276    108      0   2392
   277    108      0   2392
   278    108      0   2392
   279    108      0   2392
   280    108      0   2392
   281    108      0   2392
   282    108      0   2392
   283    108      0   2392
   284    108      0   2392
   285    108      0   2392
   286    108      0   2392
   287    108      0   2392
   288    108      0   2392
   289    108      0   2392
   290    108      0   2392
   291    108      0   2392
   292    108      0   2392
   293    108      0   2392
   294    108      0   2392
   295    108      0   2392
   296    108      0   2392
   297    108      0   2392
   298    108      0   2392
   299    108      0   2392
   300    108      0   2392
   301    108      0   2392
   302    108      0   2392
   303    108      0   2392
   304    108      0   2392
   305    108      0   2392
   306    108      0   2392
   307    108      0   2392
   308    108      0   2392
   309    108      0   2392
   310    108      0   2392
   311    108      0   2392
   312    108      0   2392
   313    108      0   2392
   314    108      0   2392
   315    108      0   2392
   316    108      0   2392
   317    108      0   2392
   318    108      0   2392
   319    108      0   2392
   320    108      0   2392
   321    108      0   2392
   322    108      0   2392
   323    108      0   2392
   324    108      0   2392
   325    108      0   2392
   326    108      0   2392
   327    108      0   2392
   328    108      0   2392
   329    108      0   2392
   330    108      0   2392
   331    108      0   2392
   332    108      0   2392
   333    108      0   2392
   334    108      0   2392
   335    108      0   2392
   336    108      0   2392
   337    108      0   2392
   338    108      0   2392
   339    108      0   2392
   340    108      0   2392
   341    108      0   2392
   342    108      0   2392
   343    108      0   2392
   344    108      0   2392
   345    108      0   2392
   346    108      0   2392
   347    108      0   2392
   348    108      0   2392
   349    108      0   2392
   350    108      0   2392
   351    108      0   2392
   352    108      0   2392
   353    108      0   2392
   354    108      0   2392
   355    108      0   2392
   356    108      0   2392
   357    108      0   2392
   358    108      0   2392
   359    108      0   2392
   360    108      0   2392
   361    108      0   2392
   362    108      0   2392
   363    108      0   2392
   364    108      0   2392
   365    108      0   2392
   366    108      0   2392
   367    108      0   2392
   368    108      0   2392
   369    108      0   2392
   370    108      0   2392
   371    108      0   2392
   372    108      0   2392
   373    108      0   2392
   374    108      0   2392
   375    108      0   2392
   376    108      0   2392
   377    108      0   2392
   378    108      0   2392
   379    108      0   2392
   380    108      0   2392
   381    108      0   2392
   382    108      0   2392
   383    108      0   2392
   384    108      0   2392
   385    108      0   2392
   386    108      0   2392
   387    108      0   2392
   388    108      0   2392
   389    108      0   2392
   390    108      0   2392
   391    108      0   2392
   392    108      0   2392
   393    108      0   2392
   394    108      0   2392
   395    108      0   2392
   396    108      0   2392
   397    108      0   2392
   398    108      0   2392
   399    108      0   2392
   400    108      0   2392
   401    108      0   2392
   402    108      0   2392
   403    108      0   2392
   404    108      0   2392
   405    108      0   2392
   406    108      0   2392
   407    108      0   2392
   408    108      0   2392
   409    108      0   2392
   410    108      0   2392
   411    108      0   2392
   412    108      0   2392
   413    108      0   2392
   414    108      0   2392
   415    108      0   2392
   416    108      0   2392
   417    108      0   2392
   418    108      0   2392
   419    108      0   2392
   420    108      0   2392
   421    108      0   2392
   422    108      0   2392
   423    108      0   2392
   424    108      0   2392
   425    108      0   2392
   426    108      0   2392
   427    108      0   2392
   428    108      0   2392
   429    108      0   2392
   430    108      0   2392
   431    108      0   2392
   432    108      0   2392
   433    108      0   2392
   434    108      0   2392
   435    108      0   2392
   436    108      0   2392
   437    108      0   2392
   438    108      0   2392
   439    108      0   2392
   440    108      0   2392
   441    108      0   2392
   442    108      0   2392
   443    108      0   2392
   444    108      0   2392
   445    108      0   2392
   446    108      0   2392
   447    108      0   2392
   448    108      0   2392
   449    108      0   2392
   450    108      0   2392
   451    108      0   2392
   452    108      0   2392
   453    108      0   2392
   454    108      0   2392
   455    108      0   2392
   456    108      0   2392
   457    108      0   2392
   458    108      0   2392
   459    108      0   2392
   460    108      0   2392
   461    108      0   2392
   462    108      0   2392
   463    108      0   2392
   464    108      0   2392
   465    108      0   2392
   466    108      0   2392
   467    108      0   2392
   468    108      0   2392
   469    108      0   2392
   470    108      0   2392
   471    108      0   2392
   472    108      0   2392
   473    108      0   2392
   474    108      0   2392
   475    108      0   2392
   476    108      0   2392
   477    108      0   2392
   478    108      0   2392
   479    108      0   2392
   480    108      0   2392
   481    108      0   2392
   482    108      0   2392
   483    108      0   2392
   484    108      0   2392
   485    108      0   2392
   486    108      0   2392
   487    108      0   2392
   488    108      0   2392
   489    108      0   2392
   490    108      0   2392
   491    108      0   2392
   492    108      0   2392
   493    108      0   2392
   494    108      0   2392
   495    108      0   2392
   496    108      0   2392
   497    108      0   2392
   498    108      0   2392
   499    108      0   2392
   500    108      0   2392
   501    108      0   2392
   502    108      0   2392
   503    108      0   2392
   504    108      0   2392
   505    108      0   2392
   506    108      0   2392
   507    108      0   2392
   508    108      0   2392
   509    108      0   2392
   510    108      0   2392
   511    108      0   2392
   512    108      0   2392
   513    108      0   2392
   514    108      0   2392
   515    108      0   2392
   516    108      0   2392
   517    108      0   2392
   518    108      0   2392
   519    108      0   2392
   520    108      0   2392
   521    108      0   2392
   522    108      0   2392
   523    108      0   2392
   524    108      0   2392
   525    108      0   2392
   526    108      0   2392
   527    108      0   2392
   528    108      0   2392
   529    108      0   2392
   530    108      0   2392
   531    108      0   2392
   532    108      0   2392
   533    108      0   2392
   534    108      0   2392
   535    108      0   2392
   536    108      0   2392
   537    108      0   2392
   538    108      0   2392
   539    108      0   2392
   540    108      0   2392
   541    108      0   2392
   542    108      0   2392
   543    108      0   2392
   544    108      0   2392
   545    108      0   2392
   546    108      0   2392
   547    108      0   2392
   548    108      0   2392
   549    108      0   2392
   550    108      0   2392
   551    108      0   2392
   552    108      0   2392
   553    108      0   2392
   554    108      0   2392
   555    108      0   2392
   556    108      0   2392
   557    108      0   2392
   558    108      0   2392
   559    108      0   2392
   560    108      0   2392
   561    108      0   2392
   562    108      0   2392
   563    108      0   2392
   564    108      0   2392
   565    108      0   2392
   566    108      0   2392
   567    108      0   2392
   568    108      0   2392
   569    108      0   2392
   570    108      0   2392
   571    108      0   2392
   572    108      0   2392
   573    108      0   2392
   574    108      0   2392
   575    108      0   2392
   576    108      0   2392
   577    108      0   2392
   578    108      0   2392
   579    108      0   2392
   580    108      0   2392
   581    108      0   2392
   582    108      0   2392
   583    108      0   2392
   584    108      0   2392
   585    108      0   2392
   586    108      0   2392
   587    108      0   2392
   588    108      0   2392
   589    108      0   2392
   590    108      0   2392
   591    108      0   2392
   592    108      0   2392
   593    108      0   2392
   594    108      0   2392
   595    108      0   2392
   596    108      0   2392
   597    108      0   2392
   598    108      0   2392
   599    108      0   2392
   600    108      0   2392
   601    108      0   2392
   602    108      0   2392
   603    108      0   2392
   604    108      0   2392
   605    108      0   2392
   606    108      0   2392
   607    108      0   2392
   608    108      0   2392
   609    108      0   2392
   610    108      0   2392
   611    108      0   2392
   612    108      0   2392
   613    108      0   2392
   614    108      0   2392
   615    108      0   2392
   616    108      0   2392
   617    108      0   2392
   618    108      0   2392
   619    108      0   2392
   620    108      0   2392
   621    108      0   2392
   622    108      0   2392
   623    108      0   2392
   624    108      0   2392
   625    108      0   2392
   626    108      0   2392
   627    108      0   2392
   628    108      0   2392
   629    108      0   2392
   630    108      0   2392
   631    108      0   2392
   632    108      0   2392
   633    108      0   2392
   634    108      0   2392
   635    108      0   2392
   636    108      0   2392
   637    108      0   2392
   638    108      0   2392
   639    108      0   2392
   640    108      0   2392
   641    108      0   2392
   642    108      0   2392
   643    108      0   2392
   644    108      0   2392
   645    108      0   2392
   646    108      0   2392
   647    108      0   2392
   648    108      0   2392
   649    108      0   2392
   650    108      0   2392
   651    108      0   2392
   652    108      0   2392
   653    108      0   2392
   654    108      0   2392
   655    108      0   2392
   656    108      0   2392
   657    108      0   2392
   658    108      0   2392
   659    108      0   2392
   660    108      0   2392
   661    108      0   2392
   662    108      0   2392
   663    108      0   2392
   664    108      0   2392
   665    108      0   2392
   666    108      0   2392
   667    108      0   2392
   668    108      0   2392
   669    108      0   2392
   670    108      0   2392
   671    108      0   2392
   672    108      0   2392
   673    108      0   2392
   674    108      0   2392
   675    108      0   2392
   676    108      0   2392
   677    108      0   2392
   678    108      0   2392
   679    108      0   2392
   680    108      0   2392
   681    108      0   2392
   682    108      0   2392
   683    108      0   2392
   684    108      0   2392
   685    108      0   2392
   686    108      0   2392
   687    108      0   2392
   688    108      0   2392
   689    108      0   2392
   690    108      0   2392
   691    108      0   2392
   692    108      0   2392
   693    108      0   2392
   694    108      0   2392
   695    108      0   2392
   696    108      0   2392
   697    108      0   2392
   698    108      0   2392
   699    108      0   2392
   700    108      0   2392
   701    108      0   2392
   702    108      0   2392
   703    108      0   2392
   704    108      0   2392
   705    108      0   2392
   706    108      0   2392
   707    108      0   2392
   708    108      0   2392
   709    108      0   2392
   710    108      0   2392
   711    108      0   2392
   712    108      0   2392
   713    108      0   2392
   714    108      0   2392
   715    108      0   2392
   716    108      0   2392
   717    108      0   2392
   718    108      0   2392
   719    108      0   2392
   720    108      0   2392
   721    108      0   2392
   722    108      0   2392
   723    108      0   2392
   724    108      0   2392
   725    108      0   2392
   726    108      0   2392
   727    108      0   2392
   728    108      0   2392
   729    108      0   2392
   730    108      0   2392
   731    108      0   2392
   732    108      0   2392
   733    108      0   2392
   734    108      0   2392
   735    108      0   2392
   736    108      0   2392
   737    108      0   2392
   738    108      0   2392
   739    108      0   2392
   740    108      0   2392
   741    108      0   2392
   742    108      0   2392
   743    108      0   2392
   744    108      0   2392
   745    108      0   2392
   746    108      0   2392
   747    108      0   2392
   748    108      0   2392
   749    108      0   2392
   750    108      0   2392
   751    108      0   2392
   752    108      0   2392
   753    108      0   2392
   754    108      0   2392
   755    108      0   2392
   756    108      0   2392
   757    108      0   2392
   758    108      0   2392
   759    108      0   2392
   760    108      0   2392
   761    108      0   2392
   762    108      0   2392
   763    108      0   2392
   764    108      0   2392
   765    108      0   2392
   766    108      0   2392
   767    108      0   2392
   768    108      0   2392
   769    108      0   2392
   770    108      0   2392
   771    108      0   2392
   772    108      0   2392
   773    108      0   2392
   774    108      0   2392
   775    108      0   2392
   776    108      0   2392
   777    108      0   2392
   778    108      0   2392
   779    108      0   2392
   780    108      0   2392
   781    108      0   2392
   782    108      0   2392
   783    108      0   2392
   784    108      0   2392
   785    108      0   2392
   786    108      0   2392
   787    108      0   2392
   788    108      0   2392
   789    108      0   2392
   790    108      0   2392
   791    108      0   2392
   792    108      0   2392
   793    108      0   2392
   794    108      0   2392
   795    108      0   2392
   796    108      0   2392
   797    108      0   2392
   798    108      0   2392
   799    108      0   2392
   800    108      0   2392
   801    108      0   2392
   802    108      0   2392
   803    108      0   2392
   804    108      0   2392
   805    108      0   2392
   806    108      0   2392
   807    108      0   2392
   808    108      0   2392
   809    108      0   2392
   810    108      0   2392
   811    108      0   2392
   812    108      0   2392
   813    108      0   2392
   814    108      0   2392
   815    108      0   2392
   816    108      0   2392
   817    108      0   2392
   818    108      0   2392
   819    108      0   2392
   820    108      0   2392
   821    108      0   2392
   822    108      0   2392
   823    108      0   2392
   824    108      0   2392
   825    108      0   2392
   826    108      0   2392
   827    108      0   2392
   828    108      0   2392
   829    108      0   2392
   830    108      0   2392
   831    108      0   2392
   832    108      0   2392
   833    108      0   2392
   834    108      0   2392
   835    108      0   2392
   836    108      0   2392
   837    108      0   2392
   838    108      0   2392
   839    108      0   2392
   840    108      0   2392
   841    108      0   2392
   842    108      0   2392
   843    108      0   2392
   844    108      0   2392
   845    108      0   2392
   846    108      0   2392
   847    108      0   2392
   848    108      0   2392
   849    108      0   2392
   850    108      0   2392
   851    108      0   2392
   852    108      0   2392
   853    108      0   2392
   854    108      0   2392
   855    108      0   2392
   856    108      0   2392
   857    108      0   2392
   858    108      0   2392
   859    108      0   2392
   860    108      0   2392
   861    108      0   2392
   862    108      0   2392
   863    108      0   2392
   864    108      0   2392
   865    108      0   2392
   866    108      0   2392
   867    108      0   2392
   868    108      0   2392
   869    108      0   2392
   870    108      0   2392
   871    108      0   2392
   872    108      0   2392
   873    108      0   2392
   874    108      0   2392
   875    108      0   2392
   876    108      0   2392
   877    108      0   2392
   878    108      0   2392
   879    108      0   2392
   880    108      0   2392
   881    108      0   2392
   882    108      0   2392
   883    108      0   2392
   884    108      0   2392
   885    108      0   2392
   886    108      0   2392
   887    108      0   2392
   888    108      0   2392
   889    108      0   2392
   890    108      0   2392
   891    108      0   2392
   892    108      0   2392
   893    108      0   2392
   894    108      0   2392
   895    108      0   2392
   896    108      0   2392
   897    108      0   2392
   898    108      0   2392
   899    108      0   2392
   900    108      0   2392
   901    108      0   2392
   902    108      0   2392
   903    108      0   2392
   904    108      0   2392
   905    108      0   2392
   906    108      0   2392
   907    108      0   2392
   908    108      0   2392
   909    108      0   2392
   910    108      0   2392
   911    108      0   2392
   912    108      0   2392
   913    108      0   2392
   914    108      0   2392
   915    108      0   2392
   916    108      0   2392
   917    108      0   2392
   918    108      0   2392
   919    108      0   2392
   920    108      0   2392
   921    108      0   2392
   922    108      0   2392
   923    108      0   2392
   924    108      0   2392
   925    108      0   2392
   926    108      0   2392
   927    108      0   2392
   928    108      0   2392
   929    108      0   2392
   930    108      0   2392
   931    108      0   2392
   932    108      0   2392
   933    108      0   2392
   934    108      0   2392
   935    108      0   2392
   936    108      0   2392
   937    108      0   2392
   938    108      0   2392
   939    108      0   2392
   940    108      0   2392
   941    108      0   2392
   942    108      0   2392
   943    108      0   2392
   944    108      0   2392
   945    108      0   2392
   946    108      0   2392
   947    108      0   2392
   948    108      0   2392
   949    108      0   2392
   950    108      0   2392
   951    108      0   2392
   952    108      0   2392
   953    108      0   2392
   954    108      0   2392
   955    108      0   2392
   956    108      0   2392
   957    108      0   2392
   958    108      0   2392
   959    108      0   2392
   960    108      0   2392
   961    108      0   2392
   962    108      0   2392
   963    108      0   2392
   964    108      0   2392
   965    108      0   2392
   966    108      0   2392
   967    108      0   2392
   968    108      0   2392
   969    108      0   2392
   970    108      0   2392
   971    108      0   2392
   972    108      0   2392
   973    108      0   2392
   974    108      0   2392
   975    108      0   2392
   976    108      0   2392
   977    108      0   2392
   978    108      0   2392
   979    108      0   2392
   980    108      0   2392
   981    108      0   2392
   982    108      0   2392
   983    108      0   2392
   984    108      0   2392
   985    108      0   2392
   986    108      0   2392
   987    108      0   2392
   988    108      0   2392
   989    108      0   2392
   990    108      0   2392
   991    108      0   2392
   992    108      0   2392
   993    108      0   2392
   994    108      0   2392
   995    108      0   2392
   996    108      0   2392
   997    108      0   2392
   998    108      0   2392
   999    108      0   2392
  1000    108      0   2392
