# time (sweeps) | Susceptible | Infected | Recovered
     0   1244      0   1256
     1   1244      0   1256
     2   1244      0   1256
     3   1244      0   1256
     4   1244      0   1256
     5   1244      0   1256
     6   1244      0   1256
     7   1244      0   1256
     8   1244      0   1256
     9   1244      0   1256
    10   1244      0   1256
    11   1244      0   1256
    12   1244      0   1256
    13   1244      0   1256
    14   1244      0   1256
    15   1244      0   1256
    16   1244      0   1256
    17   1244      0   1256
    18   1244      0   1256
    19   1244      0   1256
    20   1244      0   1256
    21   1244      0   1256
    22   1244      0   1256
    23   1244      0   1256
    24   1244      0   1256
    25   1244      0   1256
    26   1244      0   1256
    27   1244      0   1256
    28   1244      0   1256
    29   1244      0   1256
    30   1244      0   1256
    31   1244      0   1256
    32   1244      0   1256
    33   1244      0   1256
    34   1244      0   1256
    35   1244      0   1256
    36   1244      0   1256
    37   1244      0   1256
    38   1244      0   1256
    39   1244      0   1256
    40   1244      0   1256
    41   1244      0   1256
    42   1244      0   1256
    43   1244      0   1256
    44   1244      0   1256
    45   1244      0   1256
    46   1244      0   1256
    47   1244      0   1256
    48   1244      0   1256
    49   1244      0   1256
    50   1244      0   1256
    51   1244      0   1256
    52   1244      0   1256
    53   1244      0   1256
    54   1244      0   1256
    55   1244      0   1256
    56   1244      0   1256
    57   1244      0   1256
    58   1244      0   1256
    59   1244      0   1256
    60   1244      0   1256
    61   1244      0   1256
    62   1244      0   1256
    63   1244      0   1256
    64   1244      0   1256
    65   1244      0   1256
    66   1244      0   1256
    67   1244      0   1256
    68   1244      0   1256
    69   1244      0   1256
    70   1244      0   1256
    71   1244      0   1256
    72   1244      0   1256
    73   1244      0   1256
    74   1244      0   1256
    75   1244      0   1256
    76   1244      0   1256
    77   1244      0   1256
    78   1244      0   1256
    79   1244      0   1256
    80   1244      0   1256
    81   1244      0   1256
    82   1244      0   1256
    83   1244      0   1256
    84   1244      0   1256
    85   1244      0   1256
    86   1244      0   1256
    87   1244      0   1256
    88   1244      0   1256
    89   1244      0   1256
    90   1244      0   1256
    91   1244      0   1256
    92   1244      0   1256
    93   1244      0   1256
    94   1244      0   1256
    95   1244      0   1256
    96   1244      0   1256
    97   1244      0   1256
    98   1244      0   1256
    99   1244      0   1256
   100   1244      0   1256
   101   1244      0   1256
   102   1244      0   1256
   103   1244      0   1256
   104   1244      0   1256
   105   1244      0   1256
   106   1244      0   1256
   107   1244      0   1256
   108   1244      0   1256
   109   1244      0   1256
   110   1244      0   1256
   111   1244      0   1256
   112   1244      0   1256
   113   1244      0   1256
   114   1244      0   1256
   115   1244      0   1256
   116   1244      0   1256
   117   1244      0   1256
   118   1244      0   1256
   119   1244      0   1256
   120   1244      0   1256
   121   1244      0   1256
   122   1244      0   1256
   123   1244      0   1256
   124   1244      0   1256
   125   1244      0   1256
   126   1244      0   1256
   127   1244      0   1256
   128   1244      0   1256
   129   1244      0   1256
   130   1244      0   1256
   131   1244      0   1256
   132   1244      0   1256
   133   1244      0   1256
   134   1244      0   1256
   135   1244      0   1256
   136   1244      0   1256
   137   1244      0   1256
   138   1244      0   1256
   139   1244      0   1256
   140   1244      0   1256
   141   1244      0   1256
   142   1244      0   1256
   143   1244      0   1256
   144   1244      0   1256
   145   1244      0   1256
   146   1244      0   1256
   147   1244      0   1256
   148   1244      0   1256
   149   1244      0   1256
   150   1244      0   1256
   151   1244      0   1256
   152   1244      0   1256
   153   1244      0   1256
   154   1244      0   1256
   155   1244      0   1256
   156   1244      0   1256
   157   1244      0   1256
   158   1244      0   1256
   159   1244      0   1256
   160   1244      0   1256
   161   1244      0   1256
   162   1244      0   1256
   163   1244      0   1256
   164   1244      0   1256
   165   1244      0   1256
   166   1244      0   1256
   167   1244      0   1256
   168   1244      0   1256
   169   1244      0   1256
   170   1244      0   1256
   171   1244      0   1256
   172   1244      0   1256
   173   1244      0   1256
   174   1244      0   1256
   175   1244      0   1256
   176   1244      0   1256
   177   1244      0   1256
   178   1244      0   1256
   179   1244      0   1256
   180   1244      0   1256
   181   1244      0   1256
   182   1244      0   1256
   183   1244      0   1256
   184   1244      0   1256
   185   1244      0   1256
   186   1244      0   1256
   187   1244      0   1256
   188   1244      0   1256
   189   1244      0   1256
   190   1244      0   1256
   191   1244      0   1256
   192   1244      0   1256
   193   1244      0   1256
   194   1244      0   1256
   195   1244      0   1256
   196   1244      0   1256
   197   1244      0   1256
   198   1244      0   1256
   199   1244      0   1256
   200   1244      0   1256
   201   1244      0   1256
   202   1244      0   1256
   203   1244      0   1256
   204   1244      0   1256
   205   1244      0   1256
   206   1244      0   1256
   207   1244      0   1256
   208   1244      0   1256
   209   1244      0   1256
   210   1244      0   1256
   211   1244      0   1256
   212   1244      0   1256
   213   1244      0   1256
   214   1244      0   1256
   215   1244      0   1256
   216   1244      0   1256
   217   1244      0   1256
   218   1244      0   1256
   219   1244      0   1256
   220   1244      0   1256
   221   1244      0   1256
   222   1244      0   1256
   223   1244      0   1256
   224   1244      0   1256
   225   1244      0   1256
   226   1244      0   1256
   227   1244      0   1256
   228   1244      0   1256
   229   1244      0   1256
   230   1244      0   1256
   231   1244      0   1256
   232   1244      0   1256
   233   1244      0   1256
   234   1244      0   1256
   235   1244      0   1256
   236   1244      0   1256
   237   1244      0   1256
   238   1244      0   1256
   239   1244      0   1256
   240   1244      0   1256
   241   1244      0   1256
   242   1244      0   1256
   243   1244      0   1256
   244   1244      0   1256
   245   1244      0   1256
   246   1244      0   1256
   247   1244      0   1256
   248   1244      0   1256
   249   1244      0   1256
   250   1244      0   1256
   251   1244      0   1256
   252   1244      0   1256
   253   1244      0   1256
   254   1244      0   1256
   255   1244      0   1256
   256   1244      0   1256
   257   1244      0   1256
   258   1244      0   1256
   259   1244      0   1256
   260   1244      0   1256
   261   1244      0   1256
   262   1244      0   1256
   263   1244      0   1256
   264   1244      0   1256
   265   1244      0   1256
   266   1244      0   1256
   267   1244      0   1256
   268   1244      0   1256
   269   1244      0   1256
   270   1244      0   1256
   271   1244      0   1256
   272   1244      0   1256
   273   1244      0   1256
   274   1244      0   1256
   275   1244      0   1256
   276   1244      0   1256
   277   1244      0   1256
   278   1244      0   1256
   279   1244      0   1256
   280   1244      0   1256
   281   1244      0   1256
   282   1244      0   1256
   283   1244      0   1256
   284   1244      0   1256
   285   1244      0   1256
   286   1244      0   1256
   287   1244      0   1256
   288   1244      0   1256
   289   1244      0   1256
   290   1244      0   1256
   291   1244      0   1256
   292   1244      0   1256
   293   1244      0   1256
   294   1244      0   1256
   295   1244      0   1256
   296   1244      0   1256
   297   1244      0   1256
   298   1244      0   1256
   299   1244      0   1256
   300   1244      0   1256
   301   1244      0   1256
   302   1244      0   1256
   303   1244      0   1256
   304   1244      0   1256
   305   1244      0   1256
   306   1244      0   1256
   307   1244      0   1256
   308   1244      0   1256
   309   1244      0   1256
   310   1244      0   1256
   311   1244      0   1256
   312   1244      0   1256
   313   1244      0   1256
   314   1244      0   1256
   315   1244      0   1256
   316   1244      0   1256
   317   1244      0   1256
   318   1244      0   1256
   319   1244      0   1256
   320   1244      0   1256
   321   1244      0   1256
   322   1244      0   1256
   323   1244      0   1256
   324   1244      0   1256
   325   1244      0   1256
   326   1244      0   1256
   327   1244      0   1256
   328   1244      0   1256
   329   1244      0   1256
   330   1244      0   1256
   331   1244      0   1256
   332   1244      0   1256
   333   1244      0   1256
   334   1244      0   1256
   335   1244      0   1256
   336   1244      0   1256
   337   1244      0   1256
   338   1244      0   1256
   339   1244      0   1256
   340   1244      0   1256
   341   1244      0   1256
   342   1244      0   1256
   343   1244      0   1256
   344   1244      0   1256
   345   1244      0   1256
   346   1244      0   1256
   347   1244      0   1256
   348   1244      0   1256
   349   1244      0   1256
   350   1244      0   1256
   351   1244      0   1256
   352   1244      0   1256
   353   1244      0   1256
   354   1244      0   1256
   355   1244      0   1256
   356   1244      0   1256
   357   1244      0   1256
   358   1244      0   1256
   359   1244      0   1256
   360   1244      0   1256
   361   1244      0   1256
   362   1244      0   1256
   363   1244      0   1256
   364   1244      0   1256
   365   1244      0   1256
   366   1244      0   1256
   367   1244      0   1256
   368   1244      0   1256
   369   1244      0   1256
   370   1244      0   1256
   371   1244      0   1256
   372   1244      0   1256
   373   1244      0   1256
   374   1244      0   1256
   375   1244      0   1256
   376   1244      0   1256
   377   1244      0   1256
   378   1244      0   1256
   379   1244      0   1256
   380   1244      0   1256
   381   1244      0   1256
   382   1244      0   1256
   383   1244      0   1256
   384   1244      0   1256
   385   1244      0   1256
   386   1244      0   1256
   387   1244      0   1256
   388   1244      0   1256
   389   1244      0   1256
   390   1244      0   1256
   391   1244      0   1256
   392   1244      0   1256
   393   1244      0   1256
   394   1244      0   1256
   395   1244      0   1256
   396   1244      0   1256
   397   1244      0   1256
   398   1244      0   1256
   399   1244      0   1256
   400   1244      0   1256
   401   1244      0   1256
   402   1244      0   1256
   403   1244      0   1256
   404   1244      0   1256
   405   1244      0   1256
   406   1244      0   1256
   407   1244      0   1256
   408   1244      0   1256
   409   1244      0   1256
   410   1244      0   1256
   411   1244      0   1256
   412   1244      0   1256
   413   1244      0   1256
   414   1244      0   1256
   415   1244      0   1256
   416   1244      0   1256
   417   1244      0   1256
   418   1244      0   1256
   419   1244      0   1256
   420   1244      0   1256
   421   1244      0   1256
   422   1244      0   1256
   423   1244      0   1256
   424   1244      0   1256
   425   1244      0   1256
   426   1244      0   1256
   427   1244      0   1256
   428   1244      0   1256
   429   1244      0   1256
   430   1244      0   1256
   431   1244      0   1256
   432   1244      0   1256
   433   1244      0   1256
   434   1244      0   1256
   435   1244      0   1256
   436   1244      0   1256
   437   1244      0   1256
   438   1244      0   1256
   439   1244      0   1256
   440   1244      0   1256
   441   1244      0   1256
   442   1244      0   1256
   443   1244      0   1256
   444   1244      0   1256
   445   1244      0   1256
   446   1244      0   1256
   447   1244      0   1256
   448   1244      0   1256
   449   1244      0   1256
   450   1244      0   1256
   451   1244      0   1256
   452   1244      0   1256
   453   1244      0   1256
   454   1244      0   1256
   455   1244      0   1256
   456   1244      0   1256
   457   1244      0   1256
   458   1244      0   1256
   459   1244      0   1256
   460   1244      0   1256
   461   1244      0   1256
   462   1244      0   1256
   463   1244      0   1256
   464   1244      0   1256
   465   1244      0   1256
   466   1244      0   1256
   467   1244      0   1256
   468   1244      0   1256
   469   1244      0   1256
   470   1244      0   1256
   471   1244      0   1256
   472   1244      0   1256
   473   1244      0   1256
   474   1244      0   1256
   475   1244      0   1256
   476   1244      0   1256
   477   1244      0   1256
   478   1244      0   1256
   479   1244      0   1256
   480   1244      0   1256
   481   1244      0   1256
   482   1244      0   1256
   483   1244      0   1256
   484   1244      0   1256
   485   1244      0   1256
   486   1244      0   1256
   487   1244      0   1256
   488   1244      0   1256
   489   1244      0   1256
   490   1244      0   1256
   491   1244      0   1256
   492   1244      0   1256
   493   1244      0   1256
   494   1244      0   1256
   495   1244      0   1256
   496   1244      0   1256
   497   1244      0   1256
   498   1244      0   1256
   499   1244      0   1256
   500   1244      0   1256
   501   1244      0   1256
   502   1244      0   1256
   503   1244      0   1256
   504   1244      0   1256
   505   1244      0   1256
   506   1244      0   1256
   507   1244      0   1256
   508   1244      0   1256
   509   1244      0   1256
   510   1244      0   1256
   511   1244      0   1256
   512   1244      0   1256
   513   1244      0   1256
   514   1244      0   1256
   515   1244      0   1256
   516   1244      0   1256
   517   1244      0   1256
   518   1244      0   1256
   519   1244      0   1256
   520   1244      0   1256
   521   1244      0   1256
   522   1244      0   1256
   523   1244      0   1256
   524   1244      0   1256
   525   1244      0   1256
   526   1244      0   1256
   527   1244      0   1256
   528   1244      0   1256
   529   1244      0   1256
   530   1244      0   1256
   531   1244      0   1256
   532   1244      0   1256
   533   1244      0   1256
   534   1244      0   1256
   535   1244      0   1256
   536   1244      0   1256
   537   1244      0   1256
   538   1244      0   1256
   539   1244      0   1256
   540   1244      0   1256
   541   1244      0   1256
   542   1244      0   1256
   543   1244      0   1256
   544   1244      0   1256
   545   1244      0   1256
   546   1244      0   1256
   547   1244      0   1256
   548   1244      0   1256
   549   1244      0   1256
   550   1244      0   1256
   551   1244      0   1256
   552   1244      0   1256
   553   1244      0   1256
   554   1244      0   1256
   555   1244      0   1256
   556   1244      0   1256
   557   1244      0   1256
   558   1244      0   1256
   559   1244      0   1256
   560   1244      0   1256
   561   1244      0   1256
   562   1244      0   1256
   563   1244      0   1256
   564   1244      0   1256
   565   1244      0   1256
   566   1244      0   1256
   567   1244      0   1256
   568   1244      0   1256
   569   1244      0   1256
   570   1244      0   1256
   571   1244      0   1256
   572   1244      0   1256
   573   1244      0   1256
   574   1244      0   1256
   575   1244      0   1256
   576   1244      0   1256
   577   1244      0   1256
   578   1244      0   1256
   579   1244      0   1256
   580   1244      0   1256
   581   1244      0   1256
   582   1244      0   1256
   583   1244      0   1256
   584   1244      0   1256
   585   1244      0   1256
   586   1244      0   1256
   587   1244      0   1256
   588   1244      0   1256
   589   1244      0   1256
   590   1244      0   1256
   591   1244      0   1256
   592   1244      0   1256
   593   1244      0   1256
   594   1244      0   1256
   595   1244      0   1256
   596   1244      0   1256
   597   1244      0   1256
   598   1244      0   1256
   599   1244      0   1256
   600   1244      0   1256
   601   1244      0   1256
   602   1244      0   1256
   603   1244      0   1256
   604   1244      0   1256
   605   1244      0   1256
   606   1244      0   1256
   607   1244      0   1256
   608   1244      0   1256
   609   1244      0   1256
   610   1244      0   1256
   611   1244      0   1256
   612   1244      0   1256
   613   1244      0   1256
   614   1244      0   1256
   615   1244      0   1256
   616   1244      0   1256
   617   1244      0   1256
   618   1244      0   1256
   619   1244      0   1256
   620   1244      0   1256
   621   1244      0   1256
   622   1244      0   1256
   623   1244      0   1256
   624   1244      0   1256
   625   1244      0   1256
   626   1244      0   1256
   627   1244      0   1256
   628   1244      0   1256
   629   1244      0   1256
   630   1244      0   1256
   631   1244      0   1256
   632   1244      0   1256
   633   1244      0   1256
   634   1244      0   1256
   635   1244      0   1256
   636   1244      0   1256
   637   1244      0   1256
   638   1244      0   1256
   639   1244      0   1256
   640   1244      0   1256
   641   1244      0   1256
   642   1244      0   1256
   643   1244      0   1256
   644   1244      0   1256
   645   1244      0   1256
   646   1244      0   1256
   647   1244      0   1256
   648   1244      0   1256
   649   1244      0   1256
   650   1244      0   1256
   651   1244      0   1256
   652   1244      0   1256
   653   1244      0   1256
   654   1244      0   1256
   655   1244      0   1256
   656   1244      0   1256
   657   1244      0   1256
   658   1244      0   1256
   659   1244      0   1256
   660   1244      0   1256
   661   1244      0   1256
   662   1244      0   1256
   663   1244      0   1256
   664   1244      0   1256
   665   1244      0   1256
   666   1244      0   1256
   667   1244      0   1256
   668   1244      0   1256
   669   1244      0   1256
   670   1244      0   1256
   671   1244      0   1256
   672   1244      0   1256
   673   1244      0   1256
   674   1244      0   1256
   675   1244      0   1256
   676   1244      0   1256
   677   1244      0   1256
   678   1244      0   1256
   679   1244      0   1256
   680   1244      0   1256
   681   1244      0   1256
   682   1244      0   1256
   683   1244      0   1256
   684   1244      0   1256
   685   1244      0   1256
   686   1244      0   1256
   687   1244      0   1256
   688   1244      0   1256
   689   1244      0   1256
   690   1244      0   1256
   691   1244      0   1256
   692   1244      0   1256
   693   1244      0   1256
   694   1244      0   1256
   695   1244      0   1256
   696   1244      0   1256
   697   1244      0   1256
   698   1244      0   1256
   699   1244      0   1256
   700   1244      0   1256
   701   1244      0   1256
   702   1244      0   1256
   703   1244      0   1256
   704   1244      0   1256
   705   1244      0   1256
   706   1244      0   1256
   707   1244      0   1256
   708   1244      0   1256
   709   1244      0   1256
   710   1244      0   1256
   711   1244      0   1256
   712   1244      0   1256
   713   1244      0   1256
   714   1244      0   1256
   715   1244      0   1256
   716   1244      0   1256
   717   1244      0   1256
   718   1244      0   1256
   719   1244      0   1256
   720   1244      0   1256
   721   1244      0   1256
   722   1244      0   1256
   723   1244      0   1256
   724   1244      0   1256
   725   1244      0   1256
   726   1244      0   1256
   727   1244      0   1256
   728   1244      0   1256
   729   1244      0   1256
   730   1244      0   1256
   731   1244      0   1256
   732   1244      0   1256
   733   1244      0   1256
   734   1244      0   1256
   735   1244      0   1256
   736   1244      0   1256
   737   1244      0   1256
   738   1244      0   1256
   739   1244      0   1256
   740   1244      0   1256
   741   1244      0   1256
   742   1244      0   1256
   743   1244      0   1256
   744   1244      0   1256
   745   1244      0   1256
   746   1244      0   1256
   747   1244      0   1256
   748   1244      0   1256
   749   1244      0   1256
   750   1244      0   1256
   751   1244      0   1256
   752   1244      0   1256
   753   1244      0   1256
   754   1244      0   1256
   755   1244      0   1256
   756   1244      0   1256
   757   1244      0   1256
   758   1244      0   1256
   759   1244      0   1256
   760   1244      0   1256
   761   1244      0   1256
   762   1244      0   1256
   763   1244      0   1256
   764   1244      0   1256
   765   1244      0   1256
   766   1244      0   1256
   767   1244      0   1256
   768   1244      0   1256
   769   1244      0   1256
   770   1244      0   1256
   771   1244      0   1256
   772   1244      0   1256
   773   1244      0   1256
   774   1244      0   1256
   775   1244      0   1256
   776   1244      0   1256
   777   1244      0   1256
   778   1244      0   1256
   779   1244      0   1256
   780   1244      0   1256
   781   1244      0   1256
   782   1244      0   1256
   783   1244      0   1256
   784   1244      0   1256
   785   1244      0   1256
   786   1244      0   1256
   787   1244      0   1256
   788   1244      0   1256
   789   1244      0   1256
   790   1244      0   1256
   791   1244      0   1256
   792   1244      0   1256
   793   1244      0   1256
   794   1244      0   1256
   795   1244      0   1256
   796   1244      0   1256
   797   1244      0   1256
   798   1244      0   1256
   799   1244      0   1256
   800   1244      0   1256
   801   1244      0   1256
   802   1244      0   1256
   803   1244      0   1256
   804   1244      0   1256
   805   1244      0   1256
   806   1244      0   1256
   807   1244      0   1256
   808   1244      0   1256
   809   1244      0   1256
   810   1244      0   1256
   811   1244      0   1256
   812   1244      0   1256
   813   1244      0   1256
   814   1244      0   1256
   815   1244      0   1256
   816   1244      0   1256
   817   1244      0   1256
   818   1244      0   1256
   819   1244      0   1256
   820   1244      0   1256
   821   1244      0   1256
   822   1244      0   1256
   823   1244      0   1256
   824   1244      0   1256
   825   1244      0   1256
   826   1244      0   1256
   827   1244      0   1256
   828   1244      0   1256
   829   1244      0   1256
   830   1244      0   1256
   831   1244      0   1256
   832   1244      0   1256
   833   1244      0   1256
   834   1244      0   1256
   835   1244      0   1256
   836   1244      0   1256
   837   1244      0   1256
   838   1244      0   1256
   839   1244      0   1256
   840   1244      0   1256
   841   1244      0   1256
   842   1244      0   1256
   843   1244      0   1256
   844   1244      0   1256
   845   1244      0   1256
   846   1244      0   1256
   847   1244      0   1256
   848   1244      0   1256
   849   1244      0   1256
   850   1244      0   1256
   851   1244      0   1256
   852   1244      0   1256
   853   1244      0   1256
   854   1244      0   1256
   855   1244      0   1256
   856   1244      0   1256
   857   1244      0   1256
   858   1244      0   1256
   859   1244      0   1256
   860   1244      0   1256
   861   1244      0   1256
   862   1244      0   1256
   863   1244      0   1256
   864   1244      0   1256
   865   1244      0   1256
   866   1244      0   1256
   867   1244      0   1256
   868   1244      0   1256
   869   1244      0   1256
   870   1244      0   1256
   871   1244      0   1256
   872   1244      0   1256
   873   1244      0   1256
   874   1244      0   1256
   875   1244      0   1256
   876   1244      0   1256
   877   1244      0   1256
   878   1244      0   1256
   879   1244      0   1256
   880   1244      0   1256
   881   1244      0   1256
   882   1244      0   1256
   883   1244      0   1256
   884   1244      0   1256
   885   1244      0   1256
   886   1244      0   1256
   887   1244      0   1256
   888   1244      0   1256
   889   1244      0   1256
   890   1244      0   1256
   891   1244      0   1256
   892   1244      0   1256
   893   1244      0   1256
   894   1244      0   1256
   895   1244      0   1256
   896   1244      0   1256
   897   1244      0   1256
   898   1244      0   1256
   899   1244      0   1256
   900   1244      0   1256
   901   1244      0   1256
   902   1244      0   1256
   903   1244      0   1256
   904   1244      0   1256
   905   1244      0   1256
   906   1244      0   1256
   907   1244      0   1256
   908   1244      0   1256
   909   1244      0   1256
   910   1244      0   1256
   911   1244      0   1256
   912   1244      0   1256
   913   1244      0   1256
   914   1244      0   1256
   915   1244      0   1256
   916   1244      0   1256
   917   1244      0   1256
   918   1244      0   1256
   919   1244      0   1256
   920   1244      0   1256
   921   1244      0   1256
   922   1244      0   1256
   923   1244      0   1256
   924   1244      0   1256
   925   1244      0   1256
   926   1244      0   1256
   927   1244      0   1256
   928   1244      0   1256
   929   1244      0   1256
   930   1244      0   1256
   931   1244      0   1256
   932   1244      0   1256
   933   1244      0   1256
   934   1244      0   1256
   935   1244      0   1256
   936   1244      0   1256
   937   1244      0   1256
   938   1244      0   1256
   939   1244      0   1256
   940   1244      0   1256
   941   1244      0   1256
   942   1244      0   1256
   943   1244      0   1256
   944   1244      0   1256
   945   1244      0   1256
   946   1244      0   1256
   947   1244      0   1256
   948   1244      0   1256
   949   1244      0   1256
   950   1244      0   1256
   951   1244      0   1256
   952   1244      0   1256
   953   1244      0   1256
   954   1244      0   1256
   955   1244      0   1256
   956   1244      0   1256
   957   1244      0   1256
   958   1244      0   1256
   959   1244      0   1256
   960   1244      0   1256
   961   1244      0   1256
   962   1244      0   1256
   963   1244      0   1256
   964   1244      0   1256
   965   1244      0   1256
   966   1244      0   1256
   967   1244      0   1256
   968   1244      0   1256
   969   1244      0   1256
   970   1244      0   1256
   971   1244      0   1256
   972   1244      0   1256
   973   1244      0   1256
   974   1244      0   1256
   975   1244      0   1256
   976   1244      0   1256
   977   1244      0   1256
   978   1244      0   1256
   979   1244      0   1256
   980   1244      0   1256
   981   1244      0   1256
   982   1244      0   1256
   983   1244      0   1256
   984   1244      0   1256
   985   1244      0   1256
   986   1244      0   1256
   987   1244      0   1256
   988   1244      0   1256
   989   1244      0   1256
   990   1244      0   1256
   991   1244      0   1256
   992   1244      0   1256
   993   1244      0   1256
   994   1244      0   1256
   995   1244      0   1256
   996   1244      0   1256
   997   1244      0   1256
   998   1244      0   1256
   999   1244      0   1256
  1000   1244      0   1256
