# time (sweeps) | Susceptible | Infected | Recovered
     0     68      0   2432
     1     68      0   2432
     2     68      0   2432
     3     68      0   2432
     4     68      0   2432
     5     68      0   2432
     6     68      0   2432
     7     68      0   2432
     8     68      0   2432
     9     68      0   2432
    10     68      0   2432
    11     68      0   2432
    12     68      0   2432
    13     68      0   2432
    14     68      0   2432
    15     68      0   2432
    16     68      0   2432
    17     68      0   2432
    18     68      0   2432
    19     68      0   2432
    20     68      0   2432
    21     68      0   2432
    22     68      0   2432
    23     68      0   2432
    24     68      0   2432
    25     68      0   2432
    26     68      0   2432
    27     68      0   2432
    28     68      0   2432
    29     68      0   2432
    30     68      0   2432
    31     68      0   2432
    32     68      0   2432
    33     68      0   2432
    34     68      0   2432
    35     68      0   2432
    36     68      0   2432
    37     68      0   2432
    38     68      0   2432
    39     68      0   2432
    40     68      0   2432
    41     68      0   2432
    42     68      0   2432
    43     68      0   2432
    44     68      0   2432
    45     68      0   2432
    46     68      0   2432
    47     68      0   2432
    48     68      0   2432
    49     68      0   2432
    50     68      0   2432
    51     68      0   2432
    52     68      0   2432
    53     68      0   2432
    54     68      0   2432
    55     68      0   2432
    56     68      0   2432
    57     68      0   2432
    58     68      0   2432
    59     68      0   2432
    60     68      0   2432
    61     68      0   2432
    62     68      0   2432
    63     68      0   2432
    64     68      0   2432
    65     68      0   2432
    66     68      0   2432
    67     68      0   2432
    68     68      0   2432
    69     68      0   2432
    70     68      0   2432
    71     68      0   2432
    72     68      0   2432
    73     68      0   2432
    74     68      0   2432
    75     68      0   2432
    76     68      0   2432
    77     68      0   2432
    78     68      0   2432
    79     68      0   2432
    80     68      0   2432
    81     68      0   2432
    82     68      0   2432
    83     68      0   2432
    84     68      0   2432
    85     68      0   2432
    86     68      0   2432
    87     68      0   2432
    88     68      0   2432
    89     68      0   2432
    90     68      0   2432
    91     68      0   2432
    92     68      0   2432
    93     68      0   2432
    94     68      0   2432
    95     68      0   2432
    96     68      0   2432
    97     68      0   2432
    98     68      0   2432
    99     68      0   2432
   100     68      0   2432
   101     68      0   2432
   102     68      0   2432
   103     68      0   2432
   104     68      0   2432
   105     68      0   2432
   106     68      0   2432
   107     68      0   2432
   108     68      0   2432
   109     68      0   2432
   110     68      0   2432
   111     68      0   2432
   112     68      0   2432
   113     68      0   2432
   114     68      0   2432
   115     68      0   2432
   116     68      0   2432
   117     68      0   2432
   118     68      0   2432
   119     68      0   2432
   120     68      0   2432
   121     68      0   2432
   122     68      0   2432
   123     68      0   2432
   124     68      0   2432
   125     68      0   2432
   126     68      0   2432
   127     68      0   2432
   128     68      0   2432
   129     68      0   2432
   130     68      0   2432
   131     68      0   2432
   132     68      0   2432
   133     68      0   2432
   134     68      0   2432
   135     68      0   2432
   136     68      0   2432
   137     68      0   2432
   138     68      0   2432
   139     68      0   2432
   140     68      0   2432
   141     68      0   2432
   142     68      0   2432
   143     68      0   2432
   144     68      0   2432
   145     68      0   2432
   146     68      0   2432
   147     68      0   2432
   148     68      0   2432
   149     68      0   2432
   150     68      0   2432
   151     68      0   2432
   152     68      0   2432
   153     68      0   2432
   154     68      0   2432
   155     68      0   2432
   156     68      0   2432
   157     68      0   2432
   158     68      0   2432
   159     68      0   2432
   160     68      0   2432
   161     68      0   2432
   162     68      0   2432
   163     68      0   2432
   164     68      0   2432
   165     68      0   2432
   166     68      0   2432
   167     68      0   2432
   168     68      0   2432
   169     68      0   2432
   170     68      0   2432
   171     68      0   2432
   172     68      0   2432
   173     68      0   2432
   174     68      0   2432
   175     68      0   2432
   176     68      0   2432
   177     68      0   2432
   178     68      0   2432
   179     68      0   2432
   180     68      0   2432
   181     68      0   2432
   182     68      0   2432
   183     68      0   2432
   184     68      0   2432
   185     68      0   2432
   186     68      0   2432
   187     68      0   2432
   188     68      0   2432
   189     68      0   2432
   190     68      0   2432
   191     68      0   2432
   192     68      0   2432
   193     68      0   2432
   194     68      0   2432
   195     68      0   2432
   196     68      0   2432
   197     68      0   2432
   198     68      0   2432
   199     68      0   2432
   200     68      0   2432
   201     68      0   2432
   202     68      0   2432
   203     68      0   2432
   204     68      0   2432
   205     68      0   2432
   206     68      0   2432
   207     68      0   2432
   208     68      0   2432
   209     68      0   2432
   210     68      0   2432
   211     68      0   2432
   212     68      0   2432
   213     68      0   2432
   214     68      0   2432
   215     68      0   2432
   216     68      0   2432
   217     68      0   2432
   218     68      0   2432
   219     68      0   2432
   220     68      0   2432
   221     68      0   2432
   222     68      0   2432
   223     68      0   2432
   224     68      0   2432
   225     68      0   2432
   226     68      0   2432
   227     68      0   2432
   228     68      0   2432
   229     68      0   2432
   230     68      0   2432
   231     68      0   2432
   232     68      0   2432
   233     68      0   2432
   234     68      0   2432
   235     68      0   2432
   236     68      0   2432
   237     68      0   2432
   238     68      0   2432
   239     68      0   2432
   240     68      0   2432
   241     68      0   2432
   242     68      0   2432
   243     68      0   2432
   244     68      0   2432
   245     68      0   2432
   246     68      0   2432
   247     68      0   2432
   248     68      0   2432
   249     68      0   2432
   250     68      0   2432
   251     68      0   2432
   252     68      0   2432
   253     68      0   2432
   254     68      0   2432
   255     68      0   2432
   256     68      0   2432
   257     68      0   2432
   258     68      0   2432
   259     68      0   2432
   260     68      0   2432
   261     68      0   2432
   262     68      0   2432
   263     68      0   2432
   264     68      0   2432
   265     68      0   2432
   266     68      0   2432
   267     68      0   2432
   268     68      0   2432
   269     68      0   2432
   270     68      0   2432
   271     68      0   2432
   272     68      0   2432
   273     68      0   2432
   274     68      0   2432
   275     68      0   2432
   276     68      0   2432
   277     68      0   2432
   278     68      0   2432
   279     68      0   2432
   280     68      0   2432
   281     68      0   2432
   282     68      0   2432
   283     68      0   2432
   284     68      0   2432
   285     68      0   2432
   286     68      0   2432
   287     68      0   2432
   288     68      0   2432
   289     68      0   2432
   290     68      0   2432
   291     68      0   2432
   292     68      0   2432
   293     68      0   2432
   294     68      0   2432
   295     68      0   2432
   296     68      0   2432
   297     68      0   2432
   298     68      0   2432
   299     68      0   2432
   300     68      0   2432
   301     68      0   2432
   302     68      0   2432
   303     68      0   2432
   304     68      0   2432
   305     68      0   2432
   306     68      0   2432
   307     68      0   2432
   308     68      0   2432
   309     68      0   2432
   310     68      0   2432
   311     68      0   2432
   312     68      0   2432
   313     68      0   2432
   314     68      0   2432
   315     68      0   2432
   316     68      0   2432
   317     68      0   2432
   318     68      0   2432
   319     68      0   2432
   320     68      0   2432
   321     68      0   2432
   322     68      0   2432
   323     68      0   2432
   324     68      0   2432
   325     68      0   2432
   326     68      0   2432
   327     68      0   2432
   328     68      0   2432
   329     68      0   2432
   330     68      0   2432
   331     68      0   2432
   332     68      0   2432
   333     68      0   2432
   334     68      0   2432
   335     68      0   2432
   336     68      0   2432
   337     68      0   2432
   338     68      0   2432
   339     68      0   2432
   340     68      0   2432
   341     68      0   2432
   342     68      0   2432
   343     68      0   2432
   344     68      0   2432
   345     68      0   2432
   346     68      0   2432
   347     68      0   2432
   348     68      0   2432
   349     68      0   2432
   350     68      0   2432
   351     68      0   2432
   352     68      0   2432
   353     68      0   2432
   354     68      0   2432
   355     68      0   2432
   356     68      0   2432
   357     68      0   2432
   358     68      0   2432
   359     68      0   2432
   360     68      0   2432
   361     68      0   2432
   362     68      0   2432
   363     68      0   2432
   364     68      0   2432
   365     68      0   2432
   366     68      0   2432
   367     68      0   2432
   368     68      0   2432
   369     68      0   2432
   370     68      0   2432
   371     68      0   2432
   372     68      0   2432
   373     68      0   2432
   374     68      0   2432
   375     68      0   2432
   376     68      0   2432
   377     68      0   2432
   378     68      0   2432
   379     68      0   2432
   380     68      0   2432
   381     68      0   2432
   382     68      0   2432
   383     68      0   2432
   384     68      0   2432
   385     68      0   2432
   386     68      0   2432
   387     68      0   2432
   388     68      0   2432
   389     68      0   2432
   390     68      0   2432
   391     68      0   2432
   392     68      0   2432
   393     68      0   2432
   394     68      0   2432
   395     68      0   2432
   396     68      0   2432
   397     68      0   2432
   398     68      0   2432
   399     68      0   2432
   400     68      0   2432
   401     68      0   2432
   402     68      0   2432
   403     68      0   2432
   404     68      0   2432
   405     68      0   2432
   406     68      0   2432
   407     68      0   2432
   408     68      0   2432
   409     68      0   2432
   410     68      0   2432
   411     68      0   2432
   412     68      0   2432
   413     68      0   2432
   414     68      0   2432
   415     68      0   2432
   416     68      0   2432
   417     68      0   2432
   418     68      0   2432
   419     68      0   2432
   420     68      0   2432
   421     68      0   2432
   422     68      0   2432
   423     68      0   2432
   424     68      0   2432
   425     68      0   2432
   426     68      0   2432
   427     68      0   2432
   428     68      0   2432
   429     68      0   2432
   430     68      0   2432
   431     68      0   2432
   432     68      0   2432
   433     68      0   2432
   434     68      0   2432
   435     68      0   2432
   436     68      0   2432
   437     68      0   2432
   438     68      0   2432
   439     68      0   2432
   440     68      0   2432
   441     68      0   2432
   442     68      0   2432
   443     68      0   2432
   444     68      0   2432
   445     68      0   2432
   446     68      0   2432
   447     68      0   2432
   448     68      0   2432
   449     68      0   2432
   450     68      0   2432
   451     68      0   2432
   452     68      0   2432
   453     68      0   2432
   454     68      0   2432
   455     68      0   2432
   456     68      0   2432
   457     68      0   2432
   458     68      0   2432
   459     68      0   2432
   460     68      0   2432
   461     68      0   2432
   462     68      0   2432
   463     68      0   2432
   464     68      0   2432
   465     68      0   2432
   466     68      0   2432
   467     68      0   2432
   468     68      0   2432
   469     68      0   2432
   470     68      0   2432
   471     68      0   2432
   472     68      0   2432
   473     68      0   2432
   474     68      0   2432
   475     68      0   2432
   476     68      0   2432
   477     68      0   2432
   478     68      0   2432
   479     68      0   2432
   480     68      0   2432
   481     68      0   2432
   482     68      0   2432
   483     68      0   2432
   484     68      0   2432
   485     68      0   2432
   486     68      0   2432
   487     68      0   2432
   488     68      0   2432
   489     68      0   2432
   490     68      0   2432
   491     68      0   2432
   492     68      0   2432
   493     68      0   2432
   494     68      0   2432
   495     68      0   2432
   496     68      0   2432
   497     68      0   2432
   498     68      0   2432
   499     68      0   2432
   500     68      0   2432
   501     68      0   2432
   502     68      0   2432
   503     68      0   2432
   504     68      0   2432
   505     68      0   2432
   506     68      0   2432
   507     68      0   2432
   508     68      0   2432
   509     68      0   2432
   510     68      0   2432
   511     68      0   2432
   512     68      0   2432
   513     68      0   2432
   514     68      0   2432
   515     68      0   2432
   516     68      0   2432
   517     68      0   2432
   518     68      0   2432
   519     68      0   2432
   520     68      0   2432
   521     68      0   2432
   522     68      0   2432
   523     68      0   2432
   524     68      0   2432
   525     68      0   2432
   526     68      0   2432
   527     68      0   2432
   528     68      0   2432
   529     68      0   2432
   530     68      0   2432
   531     68      0   2432
   532     68      0   2432
   533     68      0   2432
   534     68      0   2432
   535     68      0   2432
   536     68      0   2432
   537     68      0   2432
   538     68      0   2432
   539     68      0   2432
   540     68      0   2432
   541     68      0   2432
   542     68      0   2432
   543     68      0   2432
   544     68      0   2432
   545     68      0   2432
   546     68      0   2432
   547     68      0   2432
   548     68      0   2432
   549     68      0   2432
   550     68      0   2432
   551     68      0   2432
   552     68      0   2432
   553     68      0   2432
   554     68      0   2432
   555     68      0   2432
   556     68      0   2432
   557     68      0   2432
   558     68      0   2432
   559     68      0   2432
   560     68      0   2432
   561     68      0   2432
   562     68      0   2432
   563     68      0   2432
   564     68      0   2432
   565     68      0   2432
   566     68      0   2432
   567     68      0   2432
   568     68      0   2432
   569     68      0   2432
   570     68      0   2432
   571     68      0   2432
   572     68      0   2432
   573     68      0   2432
   574     68      0   2432
   575     68      0   2432
   576     68      0   2432
   577     68      0   2432
   578     68      0   2432
   579     68      0   2432
   580     68      0   2432
   581     68      0   2432
   582     68      0   2432
   583     68      0   2432
   584     68      0   2432
   585     68      0   2432
   586     68      0   2432
   587     68      0   2432
   588     68      0   2432
   589     68      0   2432
   590     68      0   2432
   591     68      0   2432
   592     68      0   2432
   593     68      0   2432
   594     68      0   2432
   595     68      0   2432
   596     68      0   2432
   597     68      0   2432
   598     68      0   2432
   599     68      0   2432
   600     68      0   2432
   601     68      0   2432
   602     68      0   2432
   603     68      0   2432
   604     68      0   2432
   605     68      0   2432
   606     68      0   2432
   607     68      0   2432
   608     68      0   2432
   609     68      0   2432
   610     68      0   2432
   611     68      0   2432
   612     68      0   2432
   613     68      0   2432
   614     68      0   2432
   615     68      0   2432
   616     68      0   2432
   617     68      0   2432
   618     68      0   2432
   619     68      0   2432
   620     68      0   2432
   621     68      0   2432
   622     68      0   2432
   623     68      0   2432
   624     68      0   2432
   625     68      0   2432
   626     68      0   2432
   627     68      0   2432
   628     68      0   2432
   629     68      0   2432
   630     68      0   2432
   631     68      0   2432
   632     68      0   2432
   633     68      0   2432
   634     68      0   2432
   635     68      0   2432
   636     68      0   2432
   637     68      0   2432
   638     68      0   2432
   639     68      0   2432
   640     68      0   2432
   641     68      0   2432
   642     68      0   2432
   643     68      0   2432
   644     68      0   2432
   645     68      0   2432
   646     68      0   2432
   647     68      0   2432
   648     68      0   2432
   649     68      0   2432
   650     68      0   2432
   651     68      0   2432
   652     68      0   2432
   653     68      0   2432
   654     68      0   2432
   655     68      0   2432
   656     68      0   2432
   657     68      0   2432
   658     68      0   2432
   659     68      0   2432
   660     68      0   2432
   661     68      0   2432
   662     68      0   2432
   663     68      0   2432
   664     68      0   2432
   665     68      0   2432
   666     68      0   2432
   667     68      0   2432
   668     68      0   2432
   669     68      0   2432
   670     68      0   2432
   671     68      0   2432
   672     68      0   2432
   673     68      0   2432
   674     68      0   2432
   675     68      0   2432
   676     68      0   2432
   677     68      0   2432
   678     68      0   2432
   679     68      0   2432
   680     68      0   2432
   681     68      0   2432
   682     68      0   2432
   683     68      0   2432
   684     68      0   2432
   685     68      0   2432
   686     68      0   2432
   687     68      0   2432
   688     68      0   2432
   689     68      0   2432
   690     68      0   2432
   691     68      0   2432
   692     68      0   2432
   693     68      0   2432
   694     68      0   2432
   695     68      0   2432
   696     68      0   2432
   697     68      0   2432
   698     68      0   2432
   699     68      0   2432
   700     68      0   2432
   701     68      0   2432
   702     68      0   2432
   703     68      0   2432
   704     68      0   2432
   705     68      0   2432
   706     68      0   2432
   707     68      0   2432
   708     68      0   2432
   709     68      0   2432
   710     68      0   2432
   711     68      0   2432
   712     68      0   2432
   713     68      0   2432
   714     68      0   2432
   715     68      0   2432
   716     68      0   2432
   717     68      0   2432
   718     68      0   2432
   719     68      0   2432
   720     68      0   2432
   721     68      0   2432
   722     68      0   2432
   723     68      0   2432
   724     68      0   2432
   725     68      0   2432
   726     68      0   2432
   727     68      0   2432
   728     68      0   2432
   729     68      0   2432
   730     68      0   2432
   731     68      0   2432
   732     68      0   2432
   733     68      0   2432
   734     68      0   2432
   735     68      0   2432
   736     68      0   2432
   737     68      0   2432
   738     68      0   2432
   739     68      0   2432
   740     68      0   2432
   741     68      0   2432
   742     68      0   2432
   743     68      0   2432
   744     68      0   2432
   745     68      0   2432
   746     68      0   2432
   747     68      0   2432
   748     68      0   2432
   749     68      0   2432
   750     68      0   2432
   751     68      0   2432
   752     68      0   2432
   753     68      0   2432
   754     68      0   2432
   755     68      0   2432
   756     68      0   2432
   757     68      0   2432
   758     68      0   2432
   759     68      0   2432
   760     68      0   2432
   761     68      0   2432
   762     68      0   2432
   763     68      0   2432
   764     68      0   2432
   765     68      0   2432
   766     68      0   2432
   767     68      0   2432
   768     68      0   2432
   769     68      0   2432
   770     68      0   2432
   771     68      0   2432
   772     68      0   2432
   773     68      0   2432
   774     68      0   2432
   775     68      0   2432
   776     68      0   2432
   777     68      0   2432
   778     68      0   2432
   779     68      0   2432
   780     68      0   2432
   781     68      0   2432
   782     68      0   2432
   783     68      0   2432
   784     68      0   2432
   785     68      0   2432
   786     68      0   2432
   787     68      0   2432
   788     68      0   2432
   789     68      0   2432
   790     68      0   2432
   791     68      0   2432
   792     68      0   2432
   793     68      0   2432
   794     68      0   2432
   795     68      0   2432
   796     68      0   2432
   797     68      0   2432
   798     68      0   2432
   799     68      0   2432
   800     68      0   2432
   801     68      0   2432
   802     68      0   2432
   803     68      0   2432
   804     68      0   2432
   805     68      0   2432
   806     68      0   2432
   807     68      0   2432
   808     68      0   2432
   809     68      0   2432
   810     68      0   2432
   811     68      0   2432
   812     68      0   2432
   813     68      0   2432
   814     68      0   2432
   815     68      0   2432
   816     68      0   2432
   817     68      0   2432
   818     68      0   2432
   819     68      0   2432
   820     68      0   2432
   821     68      0   2432
   822     68      0   2432
   823     68      0   2432
   824     68      0   2432
   825     68      0   2432
   826     68      0   2432
   827     68      0   2432
   828     68      0   2432
   829     68      0   2432
   830     68      0   2432
   831     68      0   2432
   832     68      0   2432
   833     68      0   2432
   834     68      0   2432
   835     68      0   2432
   836     68      0   2432
   837     68      0   2432
   838     68      0   2432
   839     68      0   2432
   840     68      0   2432
   841     68      0   2432
   842     68      0   2432
   843     68      0   2432
   844     68      0   2432
   845     68      0   2432
   846     68      0   2432
   847     68      0   2432
   848     68      0   2432
   849     68      0   2432
   850     68      0   2432
   851     68      0   2432
   852     68      0   2432
   853     68      0   2432
   854     68      0   2432
   855     68      0   2432
   856     68      0   2432
   857     68      0   2432
   858     68      0   2432
   859     68      0   2432
   860     68      0   2432
   861     68      0   2432
   862     68      0   2432
   863     68      0   2432
   864     68      0   2432
   865     68      0   2432
   866     68      0   2432
   867     68      0   2432
   868     68      0   2432
   869     68      0   2432
   870     68      0   2432
   871     68      0   2432
   872     68      0   2432
   873     68      0   2432
   874     68      0   2432
   875     68      0   2432
   876     68      0   2432
   877     68      0   2432
   878     68      0   2432
   879     68      0   2432
   880     68      0   2432
   881     68      0   2432
   882     68      0   2432
   883     68      0   2432
   884     68      0   2432
   885     68      0   2432
   886     68      0   2432
   887     68      0   2432
   888     68      0   2432
   889     68      0   2432
   890     68      0   2432
   891     68      0   2432
   892     68      0   2432
   893     68      0   2432
   894     68      0   2432
   895     68      0   2432
   896     68      0   2432
   897     68      0   2432
   898     68      0   2432
   899     68      0   2432
   900     68      0   2432
   901     68      0   2432
   902     68      0   2432
   903     68      0   2432
   904     68      0   2432
   905     68      0   2432
   906     68      0   2432
   907     68      0   2432
   908     68      0   2432
   909     68      0   2432
   910     68      0   2432
   911     68      0   2432
   912     68      0   2432
   913     68      0   2432
   914     68      0   2432
   915     68      0   2432
   916     68      0   2432
   917     68      0   2432
   918     68      0   2432
   919     68      0   2432
   920     68      0   2432
   921     68      0   2432
   922     68      0   2432
   923     68      0   2432
   924     68      0   2432
   925     68      0   2432
   926     68      0   2432
   927     68      0   2432
   928     68      0   2432
   929     68      0   2432
   930     68      0   2432
   931     68      0   2432
   932     68      0   2432
   933     68      0   2432
   934     68      0   2432
   935     68      0   2432
   936     68      0   2432
   937     68      0   2432
   938     68      0   2432
   939     68      0   2432
   940     68      0   2432
   941     68      0   2432
   942     68      0   2432
   943     68      0   2432
   944     68      0   2432
   945     68      0   2432
   946     68      0   2432
   947     68      0   2432
   948     68      0   2432
   949     68      0   2432
   950     68      0   2432
   951     68      0   2432
   952     68      0   2432
   953     68      0   2432
   954     68      0   2432
   955     68      0   2432
   956     68      0   2432
   957     68      0   2432
   958     68      0   2432
   959     68      0   2432
   960     68      0   2432
   961     68      0   2432
   962     68      0   2432
   963     68      0   2432
   964     68      0   2432
   965     68      0   2432
   966     68      0   2432
   967     68      0   2432
   968     68      0   2432
   969     68      0   2432
   970     68      0   2432
   971     68      0   2432
   972     68      0   2432
   973     68      0   2432
   974     68      0   2432
   975     68      0   2432
   976     68      0   2432
   977     68      0   2432
   978     68      0   2432
   979     68      0   2432
   980     68      0   2432
   981     68      0   2432
   982     68      0   2432
   983     68      0   2432
   984     68      0   2432
   985     68      0   2432
   986     68      0   2432
   987     68      0   2432
   988     68      0   2432
   989     68      0   2432
   990     68      0   2432
   991     68      0   2432
   992     68      0   2432
   993     68      0   2432
   994     68      0   2432
   995     68      0   2432
   996     68      0   2432
   997     68      0   2432
   998     68      0   2432
   999     68      0   2432
  1000     68      0   2432
