# time (sweeps) | Susceptible | Infected | Recovered
     0   1277    548    675
     1   1294    539    667
     2   1307    523    670
     3   1294    530    676
     4   1296    519    685
     5   1308    538    654
     6   1286    574    640
     7   1243    604    653
     8   1231    600    669
     9   1196    627    677
    10   1171    617    712
    11   1160    597    743
    12   1147    606    747
    13   1186    572    742
    14   1204    593    703
    15   1211    585    704
    16   1252    567    681
    17   1217    599    684
    18   1207    602    691
    19   1206    622    672
    20   1190    612    698
    21   1170    605    725
    22   1182    589    729
    23   1206    572    722
    24   1243    553    704
    25   1207    587    706
    26   1263    548    689
    27   1272    567    661
    28   1252    577    671
    29   1266    537    697
    30   1235    547    718
    31   1246    528    726
    32   1259    529    712
    33   1289    514    697
    34   1324    495    681
    35   1301    527    672
    36   1306    525    669
    37   1332    512    656
    38   1316    511    673
    39   1327    492    681
    40   1306    523    671
    41   1318    525    657
    42   1309    572    619
    43   1301    563    636
    44   1305    556    639
    45   1270    561    669
    46   1292    543    665
    47   1305    524    671
    48   1314    517    669
    49   1301    530    669
    50   1304    534    662
    51   1285    542    673
    52   1303    556    641
    53   1293    548    659
    54   1298    560    642
    55   1278    589    633
    56   1267    573    660
    57   1250    585    665
    58   1214    557    729
    59   1221    572    707
    60   1246    545    709
    61   1258    556    686
    62   1251    573    676
    63   1260    580    660
    64   1239    580    681
    65   1195    612    693
    66   1213    593    694
    67   1215    563    722
    68   1213    566    721
    69   1215    558    727
    70   1222    563    715
    71   1221    574    705
    72   1262    530    708
    73   1260    545    695
    74   1217    576    707
    75   1211    561    728
    76   1233    567    700
    77   1242    565    693
    78   1243    583    674
    79   1216    588    696
    80   1212    591    697
    81   1180    609    711
    82   1168    603    729
    83   1174    573    753
    84   1224    531    745
    85   1227    561    712
    86   1247    555    698
    87   1262    548    690
    88   1268    552    680
    89   1209    600    691
    90   1203    553    744
    91   1264    535    701
    92   1252    526    722
    93   1257    566    677
    94   1276    564    660
    95   1290    562    648
    96   1268    554    678
    97   1256    563    681
    98   1247    533    720
    99   1255    532    713
   100   1300    514    686
   101   1287    529    684
   102   1323    493    684
   103   1355    475    670
   104   1324    532    644
   105   1280    546    674
   106   1222    607    671
   107   1162    646    692
   108   1159    612    729
   109   1192    591    717
   110   1165    591    744
   111   1195    554    751
   112   1238    553    709
   113   1248    569    683
   114   1257    542    701
   115   1259    556    685
   116   1236    556    708
   117   1242    525    733
   118   1268    532    700
   119   1280    517    703
   120   1289    515    696
   121   1308    516    676
   122   1283    530    687
   123   1301    527    672
   124   1315    513    672
   125   1339    519    642
   126   1311    528    661
   127   1332    517    651
   128   1349    501    650
   129   1331    531    638
   130   1348    503    649
   131   1375    491    634
   132   1349    507    644
   133   1352    502    646
   134   1323    518    659
   135   1292    539    669
   136   1270    563    667
   137   1270    556    674
   138   1258    578    664
   139   1263    565    672
   140   1262    557    681
   141   1246    567    687
   142   1234    582    684
   143   1221    555    724
   144   1235    533    732
   145   1261    551    688
   146   1266    553    681
   147   1309    499    692
   148   1321    521    658
   149   1345    501    654
   150   1345    484    671
   151   1350    509    641
   152   1293    565    642
   153   1252    578    670
   154   1261    569    670
   155   1284    538    678
   156   1306    547    647
   157   1282    546    672
   158   1297    513    690
   159   1318    569    613
   160   1285    566    649
   161   1238    594    668
   162   1252    573    675
   163   1245    561    694
   164   1228    557    715
   165   1215    590    695
   166   1234    572    694
   167   1197    591    712
   168   1212    592    696
   169   1187    587    726
   170   1227    574    699
   171   1207    581    712
   172   1203    591    706
   173   1196    570    734
   174   1202    581    717
   175   1216    573    711
   176   1229    570    701
   177   1224    599    677
   178   1204    577    719
   179   1252    525    723
   180   1236    566    698
   181   1215    578    707
   182   1216    581    703
   183   1214    572    714
   184   1253    554    693
   185   1244    568    688
   186   1237    588    675
   187   1213    610    677
   188   1206    611    683
   189   1212    594    694
   190   1220    586    694
   191   1227    566    707
   192   1217    580    703
   193   1265    547    688
   194   1283    526    691
   195   1256    532    712
   196   1254    529    717
   197   1243    550    707
   198   1278    547    675
   199   1217    594    689
   200   1206    590    704
   201   1216    593    691
   202   1190    567    743
   203   1234    539    727
   204   1239    554    707
   205   1212    563    725
   206   1207    577    716
   207   1230    557    713
   208   1230    579    691
   209   1237    554    709
   210   1249    580    671
   211   1209    616    675
   212   1206    592    702
   213   1217    572    711
   214   1238    526    736
   215   1280    514    706
   216   1270    529    701
   217   1266    563    671
   218   1272    526    702
   219   1258    525    717
   220   1248    563    689
   221   1239    566    695
   222   1219    601    680
   223   1222    567    711
   224   1198    599    703
   225   1203    613    684
   226   1202    591    707
   227   1275    585    640
   228   1234    597    669
   229   1224    619    657
   230   1197    607    696
   231   1162    580    758
   232   1179    591    730
   233   1202    572    726
   234   1186    569    745
   235   1223    547    730
   236   1267    538    695
   237   1284    546    670
   238   1282    576    642
   239   1249    599    652
   240   1207    623    670
   241   1203    560    737
   242   1219    541    740
   243   1240    540    720
   244   1272    538    690
   245   1240    569    691
   246   1248    556    696
   247   1234    581    685
   248   1229    571    700
   249   1257    525    718
   250   1271    523    706
   251   1248    560    692
   252   1239    548    713
   253   1257    551    692
   254   1258    547    695
   255   1266    549    685
   256   1261    578    661
   257   1274    579    647
   258   1266    568    666
   259   1251    567    682
   260   1280    519    701
   261   1313    520    667
   262   1297    530    673
   263   1267    532    701
   264   1255    550    695
   265   1252    529    719
   266   1225    560    715
   267   1207    591    702
   268   1212    565    723
   269   1273    556    671
   270   1257    566    677
   271   1232    571    697
   272   1188    580    732
   273   1175    609    716
   274   1178    601    721
   275   1244    540    716
   276   1249    538    713
   277   1239    559    702
   278   1269    530    701
   279   1275    543    682
   280   1244    595    661
   281   1250    564    686
   282   1239    572    689
   283   1238    559    703
   284   1247    534    719
   285   1301    533    666
   286   1276    569    655
   287   1261    568    671
   288   1272    541    687
   289   1297    530    673
   290   1282    550    668
   291   1274    552    674
   292   1269    554    677
   293   1246    558    696
   294   1245    564    691
   295   1229    562    709
   296   1296    512    692
   297   1294    536    670
   298   1289    548    663
   299   1264    566    670
   300   1240    602    658
   301   1255    555    690
   302   1246    555    699
   303   1269    531    700
   304   1289    509    702
   305   1320    501    679
   306   1388    489    623
   307   1360    494    646
   308   1331    515    654
   309   1332    531    637
   310   1311    547    642
   311   1260    573    667
   312   1247    576    677
   313   1258    575    667
   314   1238    543    719
   315   1250    560    690
   316   1247    588    665
   317   1259    592    649
   318   1267    563    670
   319   1251    596    653
   320   1243    573    684
   321   1231    575    694
   322   1251    540    709
   323   1283    525    692
   324   1279    525    696
   325   1297    510    693
   326   1318    501    681
   327   1335    540    625
   328   1306    564    630
   329   1259    582    659
   330   1279    555    666
   331   1280    559    661
   332   1290    519    691
   333   1287    547    666
   334   1285    515    700
   335   1289    525    686
   336   1288    538    674
   337   1272    545    683
   338   1307    510    683
   339   1329    492    679
   340   1300    537    663
   341   1286    552    662
   342   1281    551    668
   343   1294    529    677
   344   1279    567    654
   345   1273    560    667
   346   1268    582    650
   347   1273    535    692
   348   1250    552    698
   349   1280    545    675
   350   1254    547    699
   351   1247    552    701
   352   1254    582    664
   353   1239    569    692
   354   1243    572    685
   355   1247    557    696
   356   1262    530    708
   357   1246    553    701
   358   1237    540    723
   359   1270    546    684
   360   1324    508    668
   361   1283    523    694
   362   1286    514    700
   363   1299    521    680
   364   1297    538    665
   365   1350    484    666
   366   1356    515    629
   367   1338    507    655
   368   1322    514    664
   369   1300    528    672
   370   1331    519    650
   371   1316    534    650
   372   1321    528    651
   373   1302    536    662
   374   1267    595    638
   375   1254    604    642
   376   1225    602    673
   377   1252    564    684
   378   1226    589    685
   379   1186    615    699
   380   1257    591    652
   381   1229    565    706
   382   1240    541    719
   383   1260    523    717
   384   1286    521    693
   385   1291    545    664
   386   1244    548    708
   387   1240    565    695
   388   1229    575    696
   389   1236    580    684
   390   1183    600    717
   391   1195    599    706
   392   1219    572    709
   393   1247    557    696
   394   1272    546    682
   395   1267    544    689
   396   1301    526    673
   397   1292    511    697
   398   1281    540    679
   399   1303    527    670
   400   1312    522    666
   401   1258    588    654
   402   1263    564    673
   403   1269    537    694
   404   1260    541    699
   405   1259    535    706
   406   1268    563    669
   407   1269    589    642
   408   1276    565    659
   409   1265    539    696
   410   1254    564    682
   411   1270    558    672
   412   1269    578    653
   413   1303    512    685
   414   1332    500    668
   415   1355    502    643
   416   1361    530    609
   417   1334    548    618
   418   1318    548    634
   419   1307    538    655
   420   1307    550    643
   421   1290    547    663
   422   1324    490    686
   423   1316    512    672
   424   1332    497    671
   425   1291    527    682
   426   1283    558    659
   427   1229    579    692
   428   1232    549    719
   429   1279    558    663
   430   1319    506    675
   431   1365    466    669
   432   1368    513    619
   433   1317    549    634
   434   1303    534    663
   435   1299    516    685
   436   1313    516    671
   437   1304    525    671
   438   1291    527    682
   439   1250    580    670
   440   1216    574    710
   441   1204    588    708
   442   1203    579    718
   443   1233    586    681
   444   1234    576    690
   445   1227    562    711
   446   1234    565    701
   447   1233    558    709
   448   1194    579    727
   449   1217    555    728
   450   1253    550    697
   451   1252    547    701
   452   1226    583    691
   453   1185    588    727
   454   1180    618    702
   455   1179    605    716
   456   1217    596    687
   457   1200    602    698
   458   1176    623    701
   459   1194    583    723
   460   1179    588    733
   461   1177    611    712
   462   1170    592    738
   463   1187    559    754
   464   1251    533    716
   465   1242    572    686
   466   1239    566    695
   467   1260    553    687
   468   1213    599    688
   469   1211    572    717
   470   1238    554    708
   471   1254    567    679
   472   1224    605    671
   473   1224    608    668
   474   1230    584    686
   475   1185    636    679
   476   1196    592    712
   477   1208    560    732
   478   1239    544    717
   479   1308    500    692
   480   1301    523    676
   481   1334    521    645
   482   1297    549    654
   483   1305    520    675
   484   1287    545    668
   485   1267    557    676
   486   1237    572    691
   487   1248    584    668
   488   1231    574    695
   489   1277    569    654
   490   1281    546    673
   491   1253    548    699
   492   1291    519    690
   493   1306    549    645
   494   1299    558    643
   495   1292    556    652
   496   1241    578    681
   497   1222    584    694
   498   1217    560    723
   499   1224    578    698
   500   1257    569    674
   501   1231    575    694
   502   1275    546    679
   503   1266    541    693
   504   1264    550    686
   505   1272    562    666
   506   1262    554    684
   507   1235    560    705
   508   1281    536    683
   509   1294    541    665
   510   1249    551    700
   511   1263    559    678
   512   1293    558    649
   513   1300    564    636
   514   1306    556    638
   515   1305    557    638
   516   1298    561    641
   517   1270    584    646
   518   1219    620    661
   519   1203    628    669
   520   1193    630    677
   521   1191    637    672
   522   1161    637    702
   523   1150    631    719
   524   1172    570    758
   525   1179    593    728
   526   1161    604    735
   527   1192    579    729
   528   1187    580    733
   529   1234    510    756
   530   1257    543    700
   531   1247    569    684
   532   1261    563    676
   533   1258    566    676
   534   1240    554    706
   535   1262    563    675
   536   1268    543    689
   537   1297    524    679
   538   1287    535    678
   539   1246    573    681
   540   1242    557    701
   541   1248    544    708
   542   1280    526    694
   543   1249    565    686
   544   1265    558    677
   545   1286    535    679
   546   1284    524    692
   547   1257    558    685
   548   1262    558    680
   549   1293    516    691
   550   1293    536    671
   551   1284    547    669
   552   1290    550    660
   553   1278    561    661
   554   1259    578    663
   555   1225    582    693
   556   1200    563    737
   557   1190    595    715
   558   1225    525    750
   559   1252    581    667
   560   1226    586    688
   561   1220    573    707
   562   1247    596    657
   563   1259    529    712
   564   1253    549    698
   565   1306    512    682
   566   1342    494    664
   567   1303    539    658
   568   1285    553    662
   569   1276    523    701
   570   1286    529    685
   571   1280    534    686
   572   1242    571    687
   573   1199    610    691
   574   1191    597    712
   575   1241    556    703
   576   1239    562    699
   577   1244    536    720
   578   1228    552    720
   579   1229    568    703
   580   1229    566    705
   581   1219    599    682
   582   1173    638    689
   583   1168    626    706
   584   1183    626    691
   585   1206    587    707
   586   1177    633    690
   587   1130    635    735
   588   1127    654    719
   589   1102    630    768
   590   1168    587    745
   591   1221    577    702
   592   1250    538    712
   593   1287    518    695
   594   1268    534    698
   595   1254    546    700
   596   1233    552    715
   597   1262    556    682
   598   1225    585    690
   599   1240    558    702
   600   1256    538    706
   601   1246    576    678
   602   1231    566    703
   603   1246    550    704
   604   1325    529    646
   605   1320    525    655
   606   1265    532    703
   607   1238    567    695
   608   1242    563    695
   609   1259    574    667
   610   1268    538    694
   611   1263    522    715
   612   1243    568    689
   613   1216    574    710
   614   1229    576    695
   615   1214    549    737
   616   1224    567    709
   617   1233    559    708
   618   1297    549    654
   619   1304    505    691
   620   1305    523    672
   621   1313    524    663
   622   1274    547    679
   623   1275    549    676
   624   1312    521    667
   625   1327    506    667
   626   1311    514    675
   627   1378    491    631
   628   1312    518    670
   629   1299    525    676
   630   1261    570    669
   631   1236    560    704
   632   1257    559    684
   633   1242    574    684
   634   1273    559    668
   635   1249    566    685
   636   1269    566    665
   637   1270    564    666
   638   1273    557    670
   639   1276    538    686
   640   1315    486    699
   641   1307    509    684
   642   1302    517    681
   643   1242    543    715
   644   1250    567    683
   645   1244    585    671
   646   1222    577    701
   647   1190    610    700
   648   1205    606    689
   649   1187    624    689
   650   1184    586    730
   651   1213    563    724
   652   1231    549    720
   653   1232    537    731
   654   1263    526    711
   655   1285    523    692
   656   1250    533    717
   657   1269    530    701
   658   1279    558    663
   659   1306    512    682
   660   1261    551    688
   661   1273    586    641
   662   1235    564    701
   663   1241    569    690
   664   1272    573    655
   665   1264    564    672
   666   1216    594    690
   667   1198    587    715
   668   1198    588    714
   669   1191    584    725
   670   1224    584    692
   671   1206    597    697
   672   1212    585    703
   673   1170    628    702
   674   1214    576    710
   675   1233    577    690
   676   1232    561    707
   677   1261    570    669
   678   1273    547    680
   679   1257    574    669
   680   1244    551    705
   681   1272    545    683
   682   1272    590    638
   683   1237    595    668
   684   1236    572    692
   685   1188    615    697
   686   1214    585    701
   687   1228    568    704
   688   1223    553    724
   689   1236    571    693
   690   1234    588    678
   691   1262    552    686
   692   1224    579    697
   693   1200    582    718
   694   1203    557    740
   695   1276    517    707
   696   1282    543    675
   697   1286    522    692
   698   1332    509    659
   699   1349    511    640
   700   1360    526    614
   701   1307    556    637
   702   1310    517    673
   703   1285    547    668
   704   1283    552    665
   705   1275    540    685
   706   1277    548    675
   707   1246    570    684
   708   1268    575    657
   709   1265    551    684
   710   1221    590    689
   711   1245    581    674
   712   1260    543    697
   713   1264    564    672
   714   1246    581    673
   715   1249    566    685
   716   1253    541    706
   717   1281    518    701
   718   1263    532    705
   719   1301    522    677
   720   1311    533    656
   721   1291    554    655
   722   1269    535    696
   723   1272    529    699
   724   1279    553    668
   725   1263    575    662
   726   1234    584    682
   727   1227    562    711
   728   1252    532    716
   729   1288    529    683
   730   1244    585    671
   731   1224    610    666
   732   1204    625    671
   733   1176    606    718
   734   1197    578    725
   735   1191    586    723
   736   1236    553    711
   737   1252    564    684
   738   1255    542    703
   739   1302    503    695
   740   1327    508    665
   741   1320    514    666
   742   1349    493    658
   743   1356    518    626
   744   1340    540    620
   745   1302    547    651
   746   1278    583    639
   747   1265    569    666
   748   1244    555    701
   749   1252    548    700
   750   1297    541    662
   751   1307    506    687
   752   1324    510    666
   753   1312    510    678
   754   1337    501    662
   755   1335    509    656
   756   1355    479    666
   757   1378    482    640
   758   1346    496    658
   759   1342    494    664
   760   1334    502    664
   761   1314    516    670
   762   1293    550    657
   763   1224    577    699
   764   1211    579    710
   765   1231    588    681
   766   1207    607    686
   767   1185    596    719
   768   1200    602    698
   769   1143    636    721
   770   1161    607    732
   771   1189    598    713
   772   1206    597    697
   773   1248    588    664
   774   1252    576    672
   775   1209    619    672
   776   1184    589    727
   777   1220    562    718
   778   1253    513    734
   779   1285    513    702
   780   1287    500    713
   781   1328    481    691
   782   1345    474    681
   783   1373    460    667
   784   1394    490    616
   785   1348    506    646
   786   1348    512    640
   787   1346    500    654
   788   1340    498    662
   789   1345    491    664
   790   1314    522    664
   791   1292    534    674
   792   1271    526    703
   793   1245    583    672
   794   1247    560    693
   795   1220    559    721
   796   1220    567    713
   797   1250    571    679
   798   1230    580    690
   799   1200    619    681
   800   1191    586    723
   801   1256    553    691
   802   1261    554    685
   803   1274    527    699
   804   1246    542    712
   805   1256    575    669
   806   1198    623    679
   807   1158    638    704
   808   1145    634    721
   809   1199    587    714
   810   1168    611    721
   811   1190    600    710
   812   1190    597    713
   813   1231    575    694
   814   1247    545    708
   815   1262    565    673
   816   1267    554    679
   817   1245    591    664
   818   1229    601    670
   819   1179    602    719
   820   1181    574    745
   821   1174    606    720
   822   1163    585    752
   823   1154    598    748
   824   1192    556    752
   825   1229    548    723
   826   1180    597    723
   827   1200    609    691
   828   1207    596    697
   829   1220    542    738
   830   1266    522    712
   831   1288    527    685
   832   1303    511    686
   833   1308    531    661
   834   1295    574    631
   835   1242    600    658
   836   1263    551    686
   837   1247    559    694
   838   1228    596    676
   839   1201    604    695
   840   1188    608    704
   841   1208    562    730
   842   1238    544    718
   843   1215    568    717
   844   1229    571    700
   845   1218    589    693
   846   1239    576    685
   847   1243    570    687
   848   1232    591    677
   849   1218    596    686
   850   1228    560    712
   851   1257    525    718
   852   1283    538    679
   853   1265    561    674
   854   1259    550    691
   855   1254    551    695
   856   1234    587    679
   857   1219    583    698
   858   1235    565    700
   859   1284    530    686
   860   1274    553    673
   861   1280    540    680
   862   1283    515    702
   863   1275    535    690
   864   1271    532    697
   865   1263    546    691
   866   1287    539    674
   867   1236    575    689
   868   1252    571    677
   869   1248    547    705
   870   1252    554    694
   871   1229    567    704
   872   1241    538    721
   873   1234    562    704
   874   1250    539    711
   875   1294    520    686
   876   1300    538    662
   877   1293    524    683
   878   1306    526    668
   879   1304    558    638
   880   1296    576    628
   881   1259    602    639
   882   1225    617    658
   883   1212    616    672
   884   1215    562    723
   885   1234    553    713
   886   1282    522    696
   887   1275    541    684
   888   1242    548    710
   889   1265    530    705
   890   1262    549    689
   891   1232    555    713
   892   1263    520    717
   893   1272    569    659
   894   1243    571    686
   895   1215    589    696
   896   1212    595    693
   897   1218    593    689
   898   1152    612    736
   899   1159    635    706
   900   1174    602    724
   901   1217    534    749
   902   1233    552    715
   903   1257    568    675
   904   1293    564    643
   905   1249    575    676
   906   1265    554    681
   907   1248    597    655
   908   1224    586    690
   909   1188    620    692
   910   1175    615    710
   911   1181    569    750
   912   1215    556    729
   913   1185    569    746
   914   1232    549    719
   915   1221    560    719
   916   1232    573    695
   917   1255    550    695
   918   1271    527    702
   919   1298    502    700
   920   1319    510    671
   921   1331    512    657
   922   1318    530    652
   923   1309    526    665
   924   1315    508    677
   925   1331    509    660
   926   1307    546    647
   927   1314    528    658
   928   1279    555    666
   929   1269    542    689
   930   1264    578    658
   931   1270    588    642
   932   1228    589    683
   933   1240    570    690
   934   1237    545    718
   935   1266    547    687
   936   1264    534    702
   937   1280    547    673
   938   1242    587    671
   939   1205    586    709
   940   1279    568    653
   941   1241    593    666
   942   1208    598    694
   943   1180    593    727
   944   1201    595    704
   945   1208    558    734
   946   1227    577    696
   947   1246    555    699
   948   1255    538    707
   949   1256    571    673
   950   1232    601    667
   951   1202    576    722
   952   1223    538    739
   953   1275    513    712
   954   1312    491    697
   955   1344    485    671
   956   1318    540    642
   957   1260    584    656
   958   1273    568    659
   959   1258    580    662
   960   1257    567    676
   961   1248    555    697
   962   1223    603    674
   963   1213    604    683
   964   1228    567    705
   965   1241    540    719
   966   1277    524    699
   967   1298    531    671
   968   1318    522    660
   969   1300    539    661
   970   1289    551    660
   971   1248    563    689
   972   1246    591    663
   973   1247    579    674
   974   1238    557    705
   975   1234    552    714
   976   1226    540    734
   977   1248    537    715
   978   1281    523    696
   979   1278    555    667
   980   1216    590    694
   981   1202    575    723
   982   1205    579    716
   983   1210    578    712
   984   1202    555    743
   985   1251    516    733
   986   1268    533    699
   987   1223    548    729
   988   1201    570    729
   989   1177    595    728
   990   1221    558    721
   991   1240    542    718
   992   1278    530    692
   993   1297    527    676
   994   1296    553    651
   995   1286    563    651
   996   1233    604    663
   997   1177    625    698
   998   1197    605    698
   999   1218    589    693
  1000   1230    543    727
