# time (sweeps) | Susceptible | Infected | Recovered
     0    441      0   2059
     1    441      0   2059
     2    441      0   2059
     3    441      0   2059
     4    441      0   2059
     5    441      0   2059
     6    441      0   2059
     7    441      0   2059
     8    441      0   2059
     9    441      0   2059
    10    441      0   2059
    11    441      0   2059
    12    441      0   2059
    13    441      0   2059
    14    441      0   2059
    15    441      0   2059
    16    441      0   2059
    17    441      0   2059
    18    441      0   2059
    19    441      0   2059
    20    441      0   2059
    21    441      0   2059
    22    441      0   2059
    23    441      0   2059
    24    441      0   2059
    25    441      0   2059
    26    441      0   2059
    27    441      0   2059
    28    441      0   2059
    29    441      0   2059
    30    441      0   2059
    31    441      0   2059
    32    441      0   2059
    33    441      0   2059
    34    441      0   2059
    35    441      0   2059
    36    441      0   2059
    37    441      0   2059
    38    441      0   2059
    39    441      0   2059
    40    441      0   2059
    41    441      0   2059
    42    441      0   2059
    43    441      0   2059
    44    441      0   2059
    45    441      0   2059
    46    441      0   2059
    47    441      0   2059
    48    441      0   2059
    49    441      0   2059
    50    441      0   2059
    51    441      0   2059
    52    441      0   2059
    53    441      0   2059
    54    441      0   2059
    55    441      0   2059
    56    441      0   2059
    57    441      0   2059
    58    441      0   2059
    59    441      0   2059
    60    441      0   2059
    61    441      0   2059
    62    441      0   2059
    63    441      0   2059
    64    441      0   2059
    65    441      0   2059
    66    441      0   2059
    67    441      0   2059
    68    441      0   2059
    69    441      0   2059
    70    441      0   2059
    71    441      0   2059
    72    441      0   2059
    73    441      0   2059
    74    441      0   2059
    75    441      0   2059
    76    441      0   2059
    77    441      0   2059
    78    441      0   2059
    79    441      0   2059
    80    441      0   2059
    81    441      0   2059
    82    441      0   2059
    83    441      0   2059
    84    441      0   2059
    85    441      0   2059
    86    441      0   2059
    87    441      0   2059
    88    441      0   2059
    89    441      0   2059
    90    441      0   2059
    91    441      0   2059
    92    441      0   2059
    93    441      0   2059
    94    441      0   2059
    95    441      0   2059
    96    441      0   2059
    97    441      0   2059
    98    441      0   2059
    99    441      0   2059
   100    441      0   2059
   101    441      0   2059
   102    441      0   2059
   103    441      0   2059
   104    441      0   2059
   105    441      0   2059
   106    441      0   2059
   107    441      0   2059
   108    441      0   2059
   109    441      0   2059
   110    441      0   2059
   111    441      0   2059
   112    441      0   2059
   113    441      0   2059
   114    441      0   2059
   115    441      0   2059
   116    441      0   2059
   117    441      0   2059
   118    441      0   2059
   119    441      0   2059
   120    441      0   2059
   121    441      0   2059
   122    441      0   2059
   123    441      0   2059
   124    441      0   2059
   125    441      0   2059
   126    441      0   2059
   127    441      0   2059
   128    441      0   2059
   129    441      0   2059
   130    441      0   2059
   131    441      0   2059
   132    441      0   2059
   133    441      0   2059
   134    441      0   2059
   135    441      0   2059
   136    441      0   2059
   137    441      0   2059
   138    441      0   2059
   139    441      0   2059
   140    441      0   2059
   141    441      0   2059
   142    441      0   2059
   143    441      0   2059
   144    441      0   2059
   145    441      0   2059
   146    441      0   2059
   147    441      0   2059
   148    441      0   2059
   149    441      0   2059
   150    441      0   2059
   151    441      0   2059
   152    441      0   2059
   153    441      0   2059
   154    441      0   2059
   155    441      0   2059
   156    441      0   2059
   157    441      0   2059
   158    441      0   2059
   159    441      0   2059
   160    441      0   2059
   161    441      0   2059
   162    441      0   2059
   163    441      0   2059
   164    441      0   2059
   165    441      0   2059
   166    441      0   2059
   167    441      0   2059
   168    441      0   2059
   169    441      0   2059
   170    441      0   2059
   171    441      0   2059
   172    441      0   2059
   173    441      0   2059
   174    441      0   2059
   175    441      0   2059
   176    441      0   2059
   177    441      0   2059
   178    441      0   2059
   179    441      0   2059
   180    441      0   2059
   181    441      0   2059
   182    441      0   2059
   183    441      0   2059
   184    441      0   2059
   185    441      0   2059
   186    441      0   2059
   187    441      0   2059
   188    441      0   2059
   189    441      0   2059
   190    441      0   2059
   191    441      0   2059
   192    441      0   2059
   193    441      0   2059
   194    441      0   2059
   195    441      0   2059
   196    441      0   2059
   197    441      0   2059
   198    441      0   2059
   199    441      0   2059
   200    441      0   2059
   201    441      0   2059
   202    441      0   2059
   203    441      0   2059
   204    441      0   2059
   205    441      0   2059
   206    441      0   2059
   207    441      0   2059
   208    441      0   2059
   209    441      0   2059
   210    441      0   2059
   211    441      0   2059
   212    441      0   2059
   213    441      0   2059
   214    441      0   2059
   215    441      0   2059
   216    441      0   2059
   217    441      0   2059
   218    441      0   2059
   219    441      0   2059
   220    441      0   2059
   221    441      0   2059
   222    441      0   2059
   223    441      0   2059
   224    441      0   2059
   225    441      0   2059
   226    441      0   2059
   227    441      0   2059
   228    441      0   2059
   229    441      0   2059
   230    441      0   2059
   231    441      0   2059
   232    441      0   2059
   233    441      0   2059
   234    441      0   2059
   235    441      0   2059
   236    441      0   2059
   237    441      0   2059
   238    441      0   2059
   239    441      0   2059
   240    441      0   2059
   241    441      0   2059
   242    441      0   2059
   243    441      0   2059
   244    441      0   2059
   245    441      0   2059
   246    441      0   2059
   247    441      0   2059
   248    441      0   2059
   249    441      0   2059
   250    441      0   2059
   251    441      0   2059
   252    441      0   2059
   253    441      0   2059
   254    441      0   2059
   255    441      0   2059
   256    441      0   2059
   257    441      0   2059
   258    441      0   2059
   259    441      0   2059
   260    441      0   2059
   261    441      0   2059
   262    441      0   2059
   263    441      0   2059
   264    441      0   2059
   265    441      0   2059
   266    441      0   2059
   267    441      0   2059
   268    441      0   2059
   269    441      0   2059
   270    441      0   2059
   271    441      0   2059
   272    441      0   2059
   273    441      0   2059
   274    441      0   2059
   275    441      0   2059
   276    441      0   2059
   277    441      0   2059
   278    441      0   2059
   279    441      0   2059
   280    441      0   2059
   281    441      0   2059
   282    441      0   2059
   283    441      0   2059
   284    441      0   2059
   285    441      0   2059
   286    441      0   2059
   287    441      0   2059
   288    441      0   2059
   289    441      0   2059
   290    441      0   2059
   291    441      0   2059
   292    441      0   2059
   293    441      0   2059
   294    441      0   2059
   295    441      0   2059
   296    441      0   2059
   297    441      0   2059
   298    441      0   2059
   299    441      0   2059
   300    441      0   2059
   301    441      0   2059
   302    441      0   2059
   303    441      0   2059
   304    441      0   2059
   305    441      0   2059
   306    441      0   2059
   307    441      0   2059
   308    441      0   2059
   309    441      0   2059
   310    441      0   2059
   311    441      0   2059
   312    441      0   2059
   313    441      0   2059
   314    441      0   2059
   315    441      0   2059
   316    441      0   2059
   317    441      0   2059
   318    441      0   2059
   319    441      0   2059
   320    441      0   2059
   321    441      0   2059
   322    441      0   2059
   323    441      0   2059
   324    441      0   2059
   325    441      0   2059
   326    441      0   2059
   327    441      0   2059
   328    441      0   2059
   329    441      0   2059
   330    441      0   2059
   331    441      0   2059
   332    441      0   2059
   333    441      0   2059
   334    441      0   2059
   335    441      0   2059
   336    441      0   2059
   337    441      0   2059
   338    441      0   2059
   339    441      0   2059
   340    441      0   2059
   341    441      0   2059
   342    441      0   2059
   343    441      0   2059
   344    441      0   2059
   345    441      0   2059
   346    441      0   2059
   347    441      0   2059
   348    441      0   2059
   349    441      0   2059
   350    441      0   2059
   351    441      0   2059
   352    441      0   2059
   353    441      0   2059
   354    441      0   2059
   355    441      0   2059
   356    441      0   2059
   357    441      0   2059
   358    441      0   2059
   359    441      0   2059
   360    441      0   2059
   361    441      0   2059
   362    441      0   2059
   363    441      0   2059
   364    441      0   2059
   365    441      0   2059
   366    441      0   2059
   367    441      0   2059
   368    441      0   2059
   369    441      0   2059
   370    441      0   2059
   371    441      0   2059
   372    441      0   2059
   373    441      0   2059
   374    441      0   2059
   375    441      0   2059
   376    441      0   2059
   377    441      0   2059
   378    441      0   2059
   379    441      0   2059
   380    441      0   2059
   381    441      0   2059
   382    441      0   2059
   383    441      0   2059
   384    441      0   2059
   385    441      0   2059
   386    441      0   2059
   387    441      0   2059
   388    441      0   2059
   389    441      0   2059
   390    441      0   2059
   391    441      0   2059
   392    441      0   2059
   393    441      0   2059
   394    441      0   2059
   395    441      0   2059
   396    441      0   2059
   397    441      0   2059
   398    441      0   2059
   399    441      0   2059
   400    441      0   2059
   401    441      0   2059
   402    441      0   2059
   403    441      0   2059
   404    441      0   2059
   405    441      0   2059
   406    441      0   2059
   407    441      0   2059
   408    441      0   2059
   409    441      0   2059
   410    441      0   2059
   411    441      0   2059
   412    441      0   2059
   413    441      0   2059
   414    441      0   2059
   415    441      0   2059
   416    441      0   2059
   417    441      0   2059
   418    441      0   2059
   419    441      0   2059
   420    441      0   2059
   421    441      0   2059
   422    441      0   2059
   423    441      0   2059
   424    441      0   2059
   425    441      0   2059
   426    441      0   2059
   427    441      0   2059
   428    441      0   2059
   429    441      0   2059
   430    441      0   2059
   431    441      0   2059
   432    441      0   2059
   433    441      0   2059
   434    441      0   2059
   435    441      0   2059
   436    441      0   2059
   437    441      0   2059
   438    441      0   2059
   439    441      0   2059
   440    441      0   2059
   441    441      0   2059
   442    441      0   2059
   443    441      0   2059
   444    441      0   2059
   445    441      0   2059
   446    441      0   2059
   447    441      0   2059
   448    441      0   2059
   449    441      0   2059
   450    441      0   2059
   451    441      0   2059
   452    441      0   2059
   453    441      0   2059
   454    441      0   2059
   455    441      0   2059
   456    441      0   2059
   457    441      0   2059
   458    441      0   2059
   459    441      0   2059
   460    441      0   2059
   461    441      0   2059
   462    441      0   2059
   463    441      0   2059
   464    441      0   2059
   465    441      0   2059
   466    441      0   2059
   467    441      0   2059
   468    441      0   2059
   469    441      0   2059
   470    441      0   2059
   471    441      0   2059
   472    441      0   2059
   473    441      0   2059
   474    441      0   2059
   475    441      0   2059
   476    441      0   2059
   477    441      0   2059
   478    441      0   2059
   479    441      0   2059
   480    441      0   2059
   481    441      0   2059
   482    441      0   2059
   483    441      0   2059
   484    441      0   2059
   485    441      0   2059
   486    441      0   2059
   487    441      0   2059
   488    441      0   2059
   489    441      0   2059
   490    441      0   2059
   491    441      0   2059
   492    441      0   2059
   493    441      0   2059
   494    441      0   2059
   495    441      0   2059
   496    441      0   2059
   497    441      0   2059
   498    441      0   2059
   499    441      0   2059
   500    441      0   2059
   501    441      0   2059
   502    441      0   2059
   503    441      0   2059
   504    441      0   2059
   505    441      0   2059
   506    441      0   2059
   507    441      0   2059
   508    441      0   2059
   509    441      0   2059
   510    441      0   2059
   511    441      0   2059
   512    441      0   2059
   513    441      0   2059
   514    441      0   2059
   515    441      0   2059
   516    441      0   2059
   517    441      0   2059
   518    441      0   2059
   519    441      0   2059
   520    441      0   2059
   521    441      0   2059
   522    441      0   2059
   523    441      0   2059
   524    441      0   2059
   525    441      0   2059
   526    441      0   2059
   527    441      0   2059
   528    441      0   2059
   529    441      0   2059
   530    441      0   2059
   531    441      0   2059
   532    441      0   2059
   533    441      0   2059
   534    441      0   2059
   535    441      0   2059
   536    441      0   2059
   537    441      0   2059
   538    441      0   2059
   539    441      0   2059
   540    441      0   2059
   541    441      0   2059
   542    441      0   2059
   543    441      0   2059
   544    441      0   2059
   545    441      0   2059
   546    441      0   2059
   547    441      0   2059
   548    441      0   2059
   549    441      0   2059
   550    441      0   2059
   551    441      0   2059
   552    441      0   2059
   553    441      0   2059
   554    441      0   2059
   555    441      0   2059
   556    441      0   2059
   557    441      0   2059
   558    441      0   2059
   559    441      0   2059
   560    441      0   2059
   561    441      0   2059
   562    441      0   2059
   563    441      0   2059
   564    441      0   2059
   565    441      0   2059
   566    441      0   2059
   567    441      0   2059
   568    441      0   2059
   569    441      0   2059
   570    441      0   2059
   571    441      0   2059
   572    441      0   2059
   573    441      0   2059
   574    441      0   2059
   575    441      0   2059
   576    441      0   2059
   577    441      0   2059
   578    441      0   2059
   579    441      0   2059
   580    441      0   2059
   581    441      0   2059
   582    441      0   2059
   583    441      0   2059
   584    441      0   2059
   585    441      0   2059
   586    441      0   2059
   587    441      0   2059
   588    441      0   2059
   589    441      0   2059
   590    441      0   2059
   591    441      0   2059
   592    441      0   2059
   593    441      0   2059
   594    441      0   2059
   595    441      0   2059
   596    441      0   2059
   597    441      0   2059
   598    441      0   2059
   599    441      0   2059
   600    441      0   2059
   601    441      0   2059
   602    441      0   2059
   603    441      0   2059
   604    441      0   2059
   605    441      0   2059
   606    441      0   2059
   607    441      0   2059
   608    441      0   2059
   609    441      0   2059
   610    441      0   2059
   611    441      0   2059
   612    441      0   2059
   613    441      0   2059
   614    441      0   2059
   615    441      0   2059
   616    441      0   2059
   617    441      0   2059
   618    441      0   2059
   619    441      0   2059
   620    441      0   2059
   621    441      0   2059
   622    441      0   2059
   623    441      0   2059
   624    441      0   2059
   625    441      0   2059
   626    441      0   2059
   627    441      0   2059
   628    441      0   2059
   629    441      0   2059
   630    441      0   2059
   631    441      0   2059
   632    441      0   2059
   633    441      0   2059
   634    441      0   2059
   635    441      0   2059
   636    441      0   2059
   637    441      0   2059
   638    441      0   2059
   639    441      0   2059
   640    441      0   2059
   641    441      0   2059
   642    441      0   2059
   643    441      0   2059
   644    441      0   2059
   645    441      0   2059
   646    441      0   2059
   647    441      0   2059
   648    441      0   2059
   649    441      0   2059
   650    441      0   2059
   651    441      0   2059
   652    441      0   2059
   653    441      0   2059
   654    441      0   2059
   655    441      0   2059
   656    441      0   2059
   657    441      0   2059
   658    441      0   2059
   659    441      0   2059
   660    441      0   2059
   661    441      0   2059
   662    441      0   2059
   663    441      0   2059
   664    441      0   2059
   665    441      0   2059
   666    441      0   2059
   667    441      0   2059
   668    441      0   2059
   669    441      0   2059
   670    441      0   2059
   671    441      0   2059
   672    441      0   2059
   673    441      0   2059
   674    441      0   2059
   675    441      0   2059
   676    441      0   2059
   677    441      0   2059
   678    441      0   2059
   679    441      0   2059
   680    441      0   2059
   681    441      0   2059
   682    441      0   2059
   683    441      0   2059
   684    441      0   2059
   685    441      0   2059
   686    441      0   2059
   687    441      0   2059
   688    441      0   2059
   689    441      0   2059
   690    441      0   2059
   691    441      0   2059
   692    441      0   2059
   693    441      0   2059
   694    441      0   2059
   695    441      0   2059
   696    441      0   2059
   697    441      0   2059
   698    441      0   2059
   699    441      0   2059
   700    441      0   2059
   701    441      0   2059
   702    441      0   2059
   703    441      0   2059
   704    441      0   2059
   705    441      0   2059
   706    441      0   2059
   707    441      0   2059
   708    441      0   2059
   709    441      0   2059
   710    441      0   2059
   711    441      0   2059
   712    441      0   2059
   713    441      0   2059
   714    441      0   2059
   715    441      0   2059
   716    441      0   2059
   717    441      0   2059
   718    441      0   2059
   719    441      0   2059
   720    441      0   2059
   721    441      0   2059
   722    441      0   2059
   723    441      0   2059
   724    441      0   2059
   725    441      0   2059
   726    441      0   2059
   727    441      0   2059
   728    441      0   2059
   729    441      0   2059
   730    441      0   2059
   731    441      0   2059
   732    441      0   2059
   733    441      0   2059
   734    441      0   2059
   735    441      0   2059
   736    441      0   2059
   737    441      0   2059
   738    441      0   2059
   739    441      0   2059
   740    441      0   2059
   741    441      0   2059
   742    441      0   2059
   743    441      0   2059
   744    441      0   2059
   745    441      0   2059
   746    441      0   2059
   747    441      0   2059
   748    441      0   2059
   749    441      0   2059
   750    441      0   2059
   751    441      0   2059
   752    441      0   2059
   753    441      0   2059
   754    441      0   2059
   755    441      0   2059
   756    441      0   2059
   757    441      0   2059
   758    441      0   2059
   759    441      0   2059
   760    441      0   2059
   761    441      0   2059
   762    441      0   2059
   763    441      0   2059
   764    441      0   2059
   765    441      0   2059
   766    441      0   2059
   767    441      0   2059
   768    441      0   2059
   769    441      0   2059
   770    441      0   2059
   771    441      0   2059
   772    441      0   2059
   773    441      0   2059
   774    441      0   2059
   775    441      0   2059
   776    441      0   2059
   777    441      0   2059
   778    441      0   2059
   779    441      0   2059
   780    441      0   2059
   781    441      0   2059
   782    441      0   2059
   783    441      0   2059
   784    441      0   2059
   785    441      0   2059
   786    441      0   2059
   787    441      0   2059
   788    441      0   2059
   789    441      0   2059
   790    441      0   2059
   791    441      0   2059
   792    441      0   2059
   793    441      0   2059
   794    441      0   2059
   795    441      0   2059
   796    441      0   2059
   797    441      0   2059
   798    441      0   2059
   799    441      0   2059
   800    441      0   2059
   801    441      0   2059
   802    441      0   2059
   803    441      0   2059
   804    441      0   2059
   805    441      0   2059
   806    441      0   2059
   807    441      0   2059
   808    441      0   2059
   809    441      0   2059
   810    441      0   2059
   811    441      0   2059
   812    441      0   2059
   813    441      0   2059
   814    441      0   2059
   815    441      0   2059
   816    441      0   2059
   817    441      0   2059
   818    441      0   2059
   819    441      0   2059
   820    441      0   2059
   821    441      0   2059
   822    441      0   2059
   823    441      0   2059
   824    441      0   2059
   825    441      0   2059
   826    441      0   2059
   827    441      0   2059
   828    441      0   2059
   829    441      0   2059
   830    441      0   2059
   831    441      0   2059
   832    441      0   2059
   833    441      0   2059
   834    441      0   2059
   835    441      0   2059
   836    441      0   2059
   837    441      0   2059
   838    441      0   2059
   839    441      0   2059
   840    441      0   2059
   841    441      0   2059
   842    441      0   2059
   843    441      0   2059
   844    441      0   2059
   845    441      0   2059
   846    441      0   2059
   847    441      0   2059
   848    441      0   2059
   849    441      0   2059
   850    441      0   2059
   851    441      0   2059
   852    441      0   2059
   853    441      0   2059
   854    441      0   2059
   855    441      0   2059
   856    441      0   2059
   857    441      0   2059
   858    441      0   2059
   859    441      0   2059
   860    441      0   2059
   861    441      0   2059
   862    441      0   2059
   863    441      0   2059
   864    441      0   2059
   865    441      0   2059
   866    441      0   2059
   867    441      0   2059
   868    441      0   2059
   869    441      0   2059
   870    441      0   2059
   871    441      0   2059
   872    441      0   2059
   873    441      0   2059
   874    441      0   2059
   875    441      0   2059
   876    441      0   2059
   877    441      0   2059
   878    441      0   2059
   879    441      0   2059
   880    441      0   2059
   881    441      0   2059
   882    441      0   2059
   883    441      0   2059
   884    441      0   2059
   885    441      0   2059
   886    441      0   2059
   887    441      0   2059
   888    441      0   2059
   889    441      0   2059
   890    441      0   2059
   891    441      0   2059
   892    441      0   2059
   893    441      0   2059
   894    441      0   2059
   895    441      0   2059
   896    441      0   2059
   897    441      0   2059
   898    441      0   2059
   899    441      0   2059
   900    441      0   2059
   901    441      0   2059
   902    441      0   2059
   903    441      0   2059
   904    441      0   2059
   905    441      0   2059
   906    441      0   2059
   907    441      0   2059
   908    441      0   2059
   909    441      0   2059
   910    441      0   2059
   911    441      0   2059
   912    441      0   2059
   913    441      0   2059
   914    441      0   2059
   915    441      0   2059
   916    441      0   2059
   917    441      0   2059
   918    441      0   2059
   919    441      0   2059
   920    441      0   2059
   921    441      0   2059
   922    441      0   2059
   923    441      0   2059
   924    441      0   2059
   925    441      0   2059
   926    441      0   2059
   927    441      0   2059
   928    441      0   2059
   929    441      0   2059
   930    441      0   2059
   931    441      0   2059
   932    441      0   2059
   933    441      0   2059
   934    441      0   2059
   935    441      0   2059
   936    441      0   2059
   937    441      0   2059
   938    441      0   2059
   939    441      0   2059
   940    441      0   2059
   941    441      0   2059
   942    441      0   2059
   943    441      0   2059
   944    441      0   2059
   945    441      0   2059
   946    441      0   2059
   947    441      0   2059
   948    441      0   2059
   949    441      0   2059
   950    441      0   2059
   951    441      0   2059
   952    441      0   2059
   953    441      0   2059
   954    441      0   2059
   955    441      0   2059
   956    441      0   2059
   957    441      0   2059
   958    441      0   2059
   959    441      0   2059
   960    441      0   2059
   961    441      0   2059
   962    441      0   2059
   963    441      0   2059
   964    441      0   2059
   965    441      0   2059
   966    441      0   2059
   967    441      0   2059
   968    441      0   2059
   969    441      0   2059
   970    441      0   2059
   971    441      0   2059
   972    441      0   2059
   973    441      0   2059
   974    441      0   2059
   975    441      0   2059
   976    441      0   2059
   977    441      0   2059
   978    441      0   2059
   979    441      0   2059
   980    441      0   2059
   981    441      0   2059
   982    441      0   2059
   983    441      0   2059
   984    441      0   2059
   985    441      0   2059
   986    441      0   2059
   987    441      0   2059
   988    441      0   2059
   989    441      0   2059
   990    441      0   2059
   991    441      0   2059
   992    441      0   2059
   993    441      0   2059
   994    441      0   2059
   995    441      0   2059
   996    441      0   2059
   997    441      0   2059
   998    441      0   2059
   999    441      0   2059
  1000    441      0   2059
