# time (sweeps) | Susceptible | Infected | Recovered
     0   1157      0   1343
     1   1157      0   1343
     2   1157      0   1343
     3   1157      0   1343
     4   1157      0   1343
     5   1157      0   1343
     6   1157      0   1343
     7   1157      0   1343
     8   1157      0   1343
     9   1157      0   1343
    10   1157      0   1343
    11   1157      0   1343
    12   1157      0   1343
    13   1157      0   1343
    14   1157      0   1343
    15   1157      0   1343
    16   1157      0   1343
    17   1157      0   1343
    18   1157      0   1343
    19   1157      0   1343
    20   1157      0   1343
    21   1157      0   1343
    22   1157      0   1343
    23   1157      0   1343
    24   1157      0   1343
    25   1157      0   1343
    26   1157      0   1343
    27   1157      0   1343
    28   1157      0   1343
    29   1157      0   1343
    30   1157      0   1343
    31   1157      0   1343
    32   1157      0   1343
    33   1157      0   1343
    34   1157      0   1343
    35   1157      0   1343
    36   1157      0   1343
    37   1157      0   1343
    38   1157      0   1343
    39   1157      0   1343
    40   1157      0   1343
    41   1157      0   1343
    42   1157      0   1343
    43   1157      0   1343
    44   1157      0   1343
    45   1157      0   1343
    46   1157      0   1343
    47   1157      0   1343
    48   1157      0   1343
    49   1157      0   1343
    50   1157      0   1343
    51   1157      0   1343
    52   1157      0   1343
    53   1157      0   1343
    54   1157      0   1343
    55   1157      0   1343
    56   1157      0   1343
    57   1157      0   1343
    58   1157      0   1343
    59   1157      0   1343
    60   1157      0   1343
    61   1157      0   1343
    62   1157      0   1343
    63   1157      0   1343
    64   1157      0   1343
    65   1157      0   1343
    66   1157      0   1343
    67   1157      0   1343
    68   1157      0   1343
    69   1157      0   1343
    70   1157      0   1343
    71   1157      0   1343
    72   1157      0   1343
    73   1157      0   1343
    74   1157      0   1343
    75   1157      0   1343
    76   1157      0   1343
    77   1157      0   1343
    78   1157      0   1343
    79   1157      0   1343
    80   1157      0   1343
    81   1157      0   1343
    82   1157      0   1343
    83   1157      0   1343
    84   1157      0   1343
    85   1157      0   1343
    86   1157      0   1343
    87   1157      0   1343
    88   1157      0   1343
    89   1157      0   1343
    90   1157      0   1343
    91   1157      0   1343
    92   1157      0   1343
    93   1157      0   1343
    94   1157      0   1343
    95   1157      0   1343
    96   1157      0   1343
    97   1157      0   1343
    98   1157      0   1343
    99   1157      0   1343
   100   1157      0   1343
   101   1157      0   1343
   102   1157      0   1343
   103   1157      0   1343
   104   1157      0   1343
   105   1157      0   1343
   106   1157      0   1343
   107   1157      0   1343
   108   1157      0   1343
   109   1157      0   1343
   110   1157      0   1343
   111   1157      0   1343
   112   1157      0   1343
   113   1157      0   1343
   114   1157      0   1343
   115   1157      0   1343
   116   1157      0   1343
   117   1157      0   1343
   118   1157      0   1343
   119   1157      0   1343
   120   1157      0   1343
   121   1157      0   1343
   122   1157      0   1343
   123   1157      0   1343
   124   1157      0   1343
   125   1157      0   1343
   126   1157      0   1343
   127   1157      0   1343
   128   1157      0   1343
   129   1157      0   1343
   130   1157      0   1343
   131   1157      0   1343
   132   1157      0   1343
   133   1157      0   1343
   134   1157      0   1343
   135   1157      0   1343
   136   1157      0   1343
   137   1157      0   1343
   138   1157      0   1343
   139   1157      0   1343
   140   1157      0   1343
   141   1157      0   1343
   142   1157      0   1343
   143   1157      0   1343
   144   1157      0   1343
   145   1157      0   1343
   146   1157      0   1343
   147   1157      0   1343
   148   1157      0   1343
   149   1157      0   1343
   150   1157      0   1343
   151   1157      0   1343
   152   1157      0   1343
   153   1157      0   1343
   154   1157      0   1343
   155   1157      0   1343
   156   1157      0   1343
   157   1157      0   1343
   158   1157      0   1343
   159   1157      0   1343
   160   1157      0   1343
   161   1157      0   1343
   162   1157      0   1343
   163   1157      0   1343
   164   1157      0   1343
   165   1157      0   1343
   166   1157      0   1343
   167   1157      0   1343
   168   1157      0   1343
   169   1157      0   1343
   170   1157      0   1343
   171   1157      0   1343
   172   1157      0   1343
   173   1157      0   1343
   174   1157      0   1343
   175   1157      0   1343
   176   1157      0   1343
   177   1157      0   1343
   178   1157      0   1343
   179   1157      0   1343
   180   1157      0   1343
   181   1157      0   1343
   182   1157      0   1343
   183   1157      0   1343
   184   1157      0   1343
   185   1157      0   1343
   186   1157      0   1343
   187   1157      0   1343
   188   1157      0   1343
   189   1157      0   1343
   190   1157      0   1343
   191   1157      0   1343
   192   1157      0   1343
   193   1157      0   1343
   194   1157      0   1343
   195   1157      0   1343
   196   1157      0   1343
   197   1157      0   1343
   198   1157      0   1343
   199   1157      0   1343
   200   1157      0   1343
   201   1157      0   1343
   202   1157      0   1343
   203   1157      0   1343
   204   1157      0   1343
   205   1157      0   1343
   206   1157      0   1343
   207   1157      0   1343
   208   1157      0   1343
   209   1157      0   1343
   210   1157      0   1343
   211   1157      0   1343
   212   1157      0   1343
   213   1157      0   1343
   214   1157      0   1343
   215   1157      0   1343
   216   1157      0   1343
   217   1157      0   1343
   218   1157      0   1343
   219   1157      0   1343
   220   1157      0   1343
   221   1157      0   1343
   222   1157      0   1343
   223   1157      0   1343
   224   1157      0   1343
   225   1157      0   1343
   226   1157      0   1343
   227   1157      0   1343
   228   1157      0   1343
   229   1157      0   1343
   230   1157      0   1343
   231   1157      0   1343
   232   1157      0   1343
   233   1157      0   1343
   234   1157      0   1343
   235   1157      0   1343
   236   1157      0   1343
   237   1157      0   1343
   238   1157      0   1343
   239   1157      0   1343
   240   1157      0   1343
   241   1157      0   1343
   242   1157      0   1343
   243   1157      0   1343
   244   1157      0   1343
   245   1157      0   1343
   246   1157      0   1343
   247   1157      0   1343
   248   1157      0   1343
   249   1157      0   1343
   250   1157      0   1343
   251   1157      0   1343
   252   1157      0   1343
   253   1157      0   1343
   254   1157      0   1343
   255   1157      0   1343
   256   1157      0   1343
   257   1157      0   1343
   258   1157      0   1343
   259   1157      0   1343
   260   1157      0   1343
   261   1157      0   1343
   262   1157      0   1343
   263   1157      0   1343
   264   1157      0   1343
   265   1157      0   1343
   266   1157      0   1343
   267   1157      0   1343
   268   1157      0   1343
   269   1157      0   1343
   270   1157      0   1343
   271   1157      0   1343
   272   1157      0   1343
   273   1157      0   1343
   274   1157      0   1343
   275   1157      0   1343
   276   1157      0   1343
   277   1157      0   1343
   278   1157      0   1343
   279   1157      0   1343
   280   1157      0   1343
   281   1157      0   1343
   282   1157      0   1343
   283   1157      0   1343
   284   1157      0   1343
   285   1157      0   1343
   286   1157      0   1343
   287   1157      0   1343
   288   1157      0   1343
   289   1157      0   1343
   290   1157      0   1343
   291   1157      0   1343
   292   1157      0   1343
   293   1157      0   1343
   294   1157      0   1343
   295   1157      0   1343
   296   1157      0   1343
   297   1157      0   1343
   298   1157      0   1343
   299   1157      0   1343
   300   1157      0   1343
   301   1157      0   1343
   302   1157      0   1343
   303   1157      0   1343
   304   1157      0   1343
   305   1157      0   1343
   306   1157      0   1343
   307   1157      0   1343
   308   1157      0   1343
   309   1157      0   1343
   310   1157      0   1343
   311   1157      0   1343
   312   1157      0   1343
   313   1157      0   1343
   314   1157      0   1343
   315   1157      0   1343
   316   1157      0   1343
   317   1157      0   1343
   318   1157      0   1343
   319   1157      0   1343
   320   1157      0   1343
   321   1157      0   1343
   322   1157      0   1343
   323   1157      0   1343
   324   1157      0   1343
   325   1157      0   1343
   326   1157      0   1343
   327   1157      0   1343
   328   1157      0   1343
   329   1157      0   1343
   330   1157      0   1343
   331   1157      0   1343
   332   1157      0   1343
   333   1157      0   1343
   334   1157      0   1343
   335   1157      0   1343
   336   1157      0   1343
   337   1157      0   1343
   338   1157      0   1343
   339   1157      0   1343
   340   1157      0   1343
   341   1157      0   1343
   342   1157      0   1343
   343   1157      0   1343
   344   1157      0   1343
   345   1157      0   1343
   346   1157      0   1343
   347   1157      0   1343
   348   1157      0   1343
   349   1157      0   1343
   350   1157      0   1343
   351   1157      0   1343
   352   1157      0   1343
   353   1157      0   1343
   354   1157      0   1343
   355   1157      0   1343
   356   1157      0   1343
   357   1157      0   1343
   358   1157      0   1343
   359   1157      0   1343
   360   1157      0   1343
   361   1157      0   1343
   362   1157      0   1343
   363   1157      0   1343
   364   1157      0   1343
   365   1157      0   1343
   366   1157      0   1343
   367   1157      0   1343
   368   1157      0   1343
   369   1157      0   1343
   370   1157      0   1343
   371   1157      0   1343
   372   1157      0   1343
   373   1157      0   1343
   374   1157      0   1343
   375   1157      0   1343
   376   1157      0   1343
   377   1157      0   1343
   378   1157      0   1343
   379   1157      0   1343
   380   1157      0   1343
   381   1157      0   1343
   382   1157      0   1343
   383   1157      0   1343
   384   1157      0   1343
   385   1157      0   1343
   386   1157      0   1343
   387   1157      0   1343
   388   1157      0   1343
   389   1157      0   1343
   390   1157      0   1343
   391   1157      0   1343
   392   1157      0   1343
   393   1157      0   1343
   394   1157      0   1343
   395   1157      0   1343
   396   1157      0   1343
   397   1157      0   1343
   398   1157      0   1343
   399   1157      0   1343
   400   1157      0   1343
   401   1157      0   1343
   402   1157      0   1343
   403   1157      0   1343
   404   1157      0   1343
   405   1157      0   1343
   406   1157      0   1343
   407   1157      0   1343
   408   1157      0   1343
   409   1157      0   1343
   410   1157      0   1343
   411   1157      0   1343
   412   1157      0   1343
   413   1157      0   1343
   414   1157      0   1343
   415   1157      0   1343
   416   1157      0   1343
   417   1157      0   1343
   418   1157      0   1343
   419   1157      0   1343
   420   1157      0   1343
   421   1157      0   1343
   422   1157      0   1343
   423   1157      0   1343
   424   1157      0   1343
   425   1157      0   1343
   426   1157      0   1343
   427   1157      0   1343
   428   1157      0   1343
   429   1157      0   1343
   430   1157      0   1343
   431   1157      0   1343
   432   1157      0   1343
   433   1157      0   1343
   434   1157      0   1343
   435   1157      0   1343
   436   1157      0   1343
   437   1157      0   1343
   438   1157      0   1343
   439   1157      0   1343
   440   1157      0   1343
   441   1157      0   1343
   442   1157      0   1343
   443   1157      0   1343
   444   1157      0   1343
   445   1157      0   1343
   446   1157      0   1343
   447   1157      0   1343
   448   1157      0   1343
   449   1157      0   1343
   450   1157      0   1343
   451   1157      0   1343
   452   1157      0   1343
   453   1157      0   1343
   454   1157      0   1343
   455   1157      0   1343
   456   1157      0   1343
   457   1157      0   1343
   458   1157      0   1343
   459   1157      0   1343
   460   1157      0   1343
   461   1157      0   1343
   462   1157      0   1343
   463   1157      0   1343
   464   1157      0   1343
   465   1157      0   1343
   466   1157      0   1343
   467   1157      0   1343
   468   1157      0   1343
   469   1157      0   1343
   470   1157      0   1343
   471   1157      0   1343
   472   1157      0   1343
   473   1157      0   1343
   474   1157      0   1343
   475   1157      0   1343
   476   1157      0   1343
   477   1157      0   1343
   478   1157      0   1343
   479   1157      0   1343
   480   1157      0   1343
   481   1157      0   1343
   482   1157      0   1343
   483   1157      0   1343
   484   1157      0   1343
   485   1157      0   1343
   486   1157      0   1343
   487   1157      0   1343
   488   1157      0   1343
   489   1157      0   1343
   490   1157      0   1343
   491   1157      0   1343
   492   1157      0   1343
   493   1157      0   1343
   494   1157      0   1343
   495   1157      0   1343
   496   1157      0   1343
   497   1157      0   1343
   498   1157      0   1343
   499   1157      0   1343
   500   1157      0   1343
   501   1157      0   1343
   502   1157      0   1343
   503   1157      0   1343
   504   1157      0   1343
   505   1157      0   1343
   506   1157      0   1343
   507   1157      0   1343
   508   1157      0   1343
   509   1157      0   1343
   510   1157      0   1343
   511   1157      0   1343
   512   1157      0   1343
   513   1157      0   1343
   514   1157      0   1343
   515   1157      0   1343
   516   1157      0   1343
   517   1157      0   1343
   518   1157      0   1343
   519   1157      0   1343
   520   1157      0   1343
   521   1157      0   1343
   522   1157      0   1343
   523   1157      0   1343
   524   1157      0   1343
   525   1157      0   1343
   526   1157      0   1343
   527   1157      0   1343
   528   1157      0   1343
   529   1157      0   1343
   530   1157      0   1343
   531   1157      0   1343
   532   1157      0   1343
   533   1157      0   1343
   534   1157      0   1343
   535   1157      0   1343
   536   1157      0   1343
   537   1157      0   1343
   538   1157      0   1343
   539   1157      0   1343
   540   1157      0   1343
   541   1157      0   1343
   542   1157      0   1343
   543   1157      0   1343
   544   1157      0   1343
   545   1157      0   1343
   546   1157      0   1343
   547   1157      0   1343
   548   1157      0   1343
   549   1157      0   1343
   550   1157      0   1343
   551   1157      0   1343
   552   1157      0   1343
   553   1157      0   1343
   554   1157      0   1343
   555   1157      0   1343
   556   1157      0   1343
   557   1157      0   1343
   558   1157      0   1343
   559   1157      0   1343
   560   1157      0   1343
   561   1157      0   1343
   562   1157      0   1343
   563   1157      0   1343
   564   1157      0   1343
   565   1157      0   1343
   566   1157      0   1343
   567   1157      0   1343
   568   1157      0   1343
   569   1157      0   1343
   570   1157      0   1343
   571   1157      0   1343
   572   1157      0   1343
   573   1157      0   1343
   574   1157      0   1343
   575   1157      0   1343
   576   1157      0   1343
   577   1157      0   1343
   578   1157      0   1343
   579   1157      0   1343
   580   1157      0   1343
   581   1157      0   1343
   582   1157      0   1343
   583   1157      0   1343
   584   1157      0   1343
   585   1157      0   1343
   586   1157      0   1343
   587   1157      0   1343
   588   1157      0   1343
   589   1157      0   1343
   590   1157      0   1343
   591   1157      0   1343
   592   1157      0   1343
   593   1157      0   1343
   594   1157      0   1343
   595   1157      0   1343
   596   1157      0   1343
   597   1157      0   1343
   598   1157      0   1343
   599   1157      0   1343
   600   1157      0   1343
   601   1157      0   1343
   602   1157      0   1343
   603   1157      0   1343
   604   1157      0   1343
   605   1157      0   1343
   606   1157      0   1343
   607   1157      0   1343
   608   1157      0   1343
   609   1157      0   1343
   610   1157      0   1343
   611   1157      0   1343
   612   1157      0   1343
   613   1157      0   1343
   614   1157      0   1343
   615   1157      0   1343
   616   1157      0   1343
   617   1157      0   1343
   618   1157      0   1343
   619   1157      0   1343
   620   1157      0   1343
   621   1157      0   1343
   622   1157      0   1343
   623   1157      0   1343
   624   1157      0   1343
   625   1157      0   1343
   626   1157      0   1343
   627   1157      0   1343
   628   1157      0   1343
   629   1157      0   1343
   630   1157      0   1343
   631   1157      0   1343
   632   1157      0   1343
   633   1157      0   1343
   634   1157      0   1343
   635   1157      0   1343
   636   1157      0   1343
   637   1157      0   1343
   638   1157      0   1343
   639   1157      0   1343
   640   1157      0   1343
   641   1157      0   1343
   642   1157      0   1343
   643   1157      0   1343
   644   1157      0   1343
   645   1157      0   1343
   646   1157      0   1343
   647   1157      0   1343
   648   1157      0   1343
   649   1157      0   1343
   650   1157      0   1343
   651   1157      0   1343
   652   1157      0   1343
   653   1157      0   1343
   654   1157      0   1343
   655   1157      0   1343
   656   1157      0   1343
   657   1157      0   1343
   658   1157      0   1343
   659   1157      0   1343
   660   1157      0   1343
   661   1157      0   1343
   662   1157      0   1343
   663   1157      0   1343
   664   1157      0   1343
   665   1157      0   1343
   666   1157      0   1343
   667   1157      0   1343
   668   1157      0   1343
   669   1157      0   1343
   670   1157      0   1343
   671   1157      0   1343
   672   1157      0   1343
   673   1157      0   1343
   674   1157      0   1343
   675   1157      0   1343
   676   1157      0   1343
   677   1157      0   1343
   678   1157      0   1343
   679   1157      0   1343
   680   1157      0   1343
   681   1157      0   1343
   682   1157      0   1343
   683   1157      0   1343
   684   1157      0   1343
   685   1157      0   1343
   686   1157      0   1343
   687   1157      0   1343
   688   1157      0   1343
   689   1157      0   1343
   690   1157      0   1343
   691   1157      0   1343
   692   1157      0   1343
   693   1157      0   1343
   694   1157      0   1343
   695   1157      0   1343
   696   1157      0   1343
   697   1157      0   1343
   698   1157      0   1343
   699   1157      0   1343
   700   1157      0   1343
   701   1157      0   1343
   702   1157      0   1343
   703   1157      0   1343
   704   1157      0   1343
   705   1157      0   1343
   706   1157      0   1343
   707   1157      0   1343
   708   1157      0   1343
   709   1157      0   1343
   710   1157      0   1343
   711   1157      0   1343
   712   1157      0   1343
   713   1157      0   1343
   714   1157      0   1343
   715   1157      0   1343
   716   1157      0   1343
   717   1157      0   1343
   718   1157      0   1343
   719   1157      0   1343
   720   1157      0   1343
   721   1157      0   1343
   722   1157      0   1343
   723   1157      0   1343
   724   1157      0   1343
   725   1157      0   1343
   726   1157      0   1343
   727   1157      0   1343
   728   1157      0   1343
   729   1157      0   1343
   730   1157      0   1343
   731   1157      0   1343
   732   1157      0   1343
   733   1157      0   1343
   734   1157      0   1343
   735   1157      0   1343
   736   1157      0   1343
   737   1157      0   1343
   738   1157      0   1343
   739   1157      0   1343
   740   1157      0   1343
   741   1157      0   1343
   742   1157      0   1343
   743   1157      0   1343
   744   1157      0   1343
   745   1157      0   1343
   746   1157      0   1343
   747   1157      0   1343
   748   1157      0   1343
   749   1157      0   1343
   750   1157      0   1343
   751   1157      0   1343
   752   1157      0   1343
   753   1157      0   1343
   754   1157      0   1343
   755   1157      0   1343
   756   1157      0   1343
   757   1157      0   1343
   758   1157      0   1343
   759   1157      0   1343
   760   1157      0   1343
   761   1157      0   1343
   762   1157      0   1343
   763   1157      0   1343
   764   1157      0   1343
   765   1157      0   1343
   766   1157      0   1343
   767   1157      0   1343
   768   1157      0   1343
   769   1157      0   1343
   770   1157      0   1343
   771   1157      0   1343
   772   1157      0   1343
   773   1157      0   1343
   774   1157      0   1343
   775   1157      0   1343
   776   1157      0   1343
   777   1157      0   1343
   778   1157      0   1343
   779   1157      0   1343
   780   1157      0   1343
   781   1157      0   1343
   782   1157      0   1343
   783   1157      0   1343
   784   1157      0   1343
   785   1157      0   1343
   786   1157      0   1343
   787   1157      0   1343
   788   1157      0   1343
   789   1157      0   1343
   790   1157      0   1343
   791   1157      0   1343
   792   1157      0   1343
   793   1157      0   1343
   794   1157      0   1343
   795   1157      0   1343
   796   1157      0   1343
   797   1157      0   1343
   798   1157      0   1343
   799   1157      0   1343
   800   1157      0   1343
   801   1157      0   1343
   802   1157      0   1343
   803   1157      0   1343
   804   1157      0   1343
   805   1157      0   1343
   806   1157      0   1343
   807   1157      0   1343
   808   1157      0   1343
   809   1157      0   1343
   810   1157      0   1343
   811   1157      0   1343
   812   1157      0   1343
   813   1157      0   1343
   814   1157      0   1343
   815   1157      0   1343
   816   1157      0   1343
   817   1157      0   1343
   818   1157      0   1343
   819   1157      0   1343
   820   1157      0   1343
   821   1157      0   1343
   822   1157      0   1343
   823   1157      0   1343
   824   1157      0   1343
   825   1157      0   1343
   826   1157      0   1343
   827   1157      0   1343
   828   1157      0   1343
   829   1157      0   1343
   830   1157      0   1343
   831   1157      0   1343
   832   1157      0   1343
   833   1157      0   1343
   834   1157      0   1343
   835   1157      0   1343
   836   1157      0   1343
   837   1157      0   1343
   838   1157      0   1343
   839   1157      0   1343
   840   1157      0   1343
   841   1157      0   1343
   842   1157      0   1343
   843   1157      0   1343
   844   1157      0   1343
   845   1157      0   1343
   846   1157      0   1343
   847   1157      0   1343
   848   1157      0   1343
   849   1157      0   1343
   850   1157      0   1343
   851   1157      0   1343
   852   1157      0   1343
   853   1157      0   1343
   854   1157      0   1343
   855   1157      0   1343
   856   1157      0   1343
   857   1157      0   1343
   858   1157      0   1343
   859   1157      0   1343
   860   1157      0   1343
   861   1157      0   1343
   862   1157      0   1343
   863   1157      0   1343
   864   1157      0   1343
   865   1157      0   1343
   866   1157      0   1343
   867   1157      0   1343
   868   1157      0   1343
   869   1157      0   1343
   870   1157      0   1343
   871   1157      0   1343
   872   1157      0   1343
   873   1157      0   1343
   874   1157      0   1343
   875   1157      0   1343
   876   1157      0   1343
   877   1157      0   1343
   878   1157      0   1343
   879   1157      0   1343
   880   1157      0   1343
   881   1157      0   1343
   882   1157      0   1343
   883   1157      0   1343
   884   1157      0   1343
   885   1157      0   1343
   886   1157      0   1343
   887   1157      0   1343
   888   1157      0   1343
   889   1157      0   1343
   890   1157      0   1343
   891   1157      0   1343
   892   1157      0   1343
   893   1157      0   1343
   894   1157      0   1343
   895   1157      0   1343
   896   1157      0   1343
   897   1157      0   1343
   898   1157      0   1343
   899   1157      0   1343
   900   1157      0   1343
   901   1157      0   1343
   902   1157      0   1343
   903   1157      0   1343
   904   1157      0   1343
   905   1157      0   1343
   906   1157      0   1343
   907   1157      0   1343
   908   1157      0   1343
   909   1157      0   1343
   910   1157      0   1343
   911   1157      0   1343
   912   1157      0   1343
   913   1157      0   1343
   914   1157      0   1343
   915   1157      0   1343
   916   1157      0   1343
   917   1157      0   1343
   918   1157      0   1343
   919   1157      0   1343
   920   1157      0   1343
   921   1157      0   1343
   922   1157      0   1343
   923   1157      0   1343
   924   1157      0   1343
   925   1157      0   1343
   926   1157      0   1343
   927   1157      0   1343
   928   1157      0   1343
   929   1157      0   1343
   930   1157      0   1343
   931   1157      0   1343
   932   1157      0   1343
   933   1157      0   1343
   934   1157      0   1343
   935   1157      0   1343
   936   1157      0   1343
   937   1157      0   1343
   938   1157      0   1343
   939   1157      0   1343
   940   1157      0   1343
   941   1157      0   1343
   942   1157      0   1343
   943   1157      0   1343
   944   1157      0   1343
   945   1157      0   1343
   946   1157      0   1343
   947   1157      0   1343
   948   1157      0   1343
   949   1157      0   1343
   950   1157      0   1343
   951   1157      0   1343
   952   1157      0   1343
   953   1157      0   1343
   954   1157      0   1343
   955   1157      0   1343
   956   1157      0   1343
   957   1157      0   1343
   958   1157      0   1343
   959   1157      0   1343
   960   1157      0   1343
   961   1157      0   1343
   962   1157      0   1343
   963   1157      0   1343
   964   1157      0   1343
   965   1157      0   1343
   966   1157      0   1343
   967   1157      0   1343
   968   1157      0   1343
   969   1157      0   1343
   970   1157      0   1343
   971   1157      0   1343
   972   1157      0   1343
   973   1157      0   1343
   974   1157      0   1343
   975   1157      0   1343
   976   1157      0   1343
   977   1157      0   1343
   978   1157      0   1343
   979   1157      0   1343
   980   1157      0   1343
   981   1157      0   1343
   982   1157      0   1343
   983   1157      0   1343
   984   1157      0   1343
   985   1157      0   1343
   986   1157      0   1343
   987   1157      0   1343
   988   1157      0   1343
   989   1157      0   1343
   990   1157      0   1343
   991   1157      0   1343
   992   1157      0   1343
   993   1157      0   1343
   994   1157      0   1343
   995   1157      0   1343
   996   1157      0   1343
   997   1157      0   1343
   998   1157      0   1343
   999   1157      0   1343
  1000   1157      0   1343
