# time (sweeps) | Susceptible | Infected | Recovered
     0   1601      9    890
     1   1602     10    888
     2   1598     12    890
     3   1603      6    891
     4   1604      6    890
     5   1603      9    888
     6   1606      6    888
     7   1608      6    886
     8   1608      6    886
     9   1608      6    886
    10   1608      6    886
    11   1608      6    886
    12   1608      6    886
    13   1608      6    886
    14   1608      6    886
    15   1608      6    886
    16   1608      6    886
    17   1608      6    886
    18   1608      6    886
    19   1608      6    886
    20   1608      6    886
    21   1608      6    886
    22   1608      6    886
    23   1608      6    886
    24   1608      6    886
    25   1608      6    886
    26   1608      6    886
    27   1608      6    886
    28   1608      6    886
    29   1608      6    886
    30   1608      6    886
    31   1608      6    886
    32   1608      6    886
    33   1608      6    886
    34   1608      6    886
    35   1608      6    886
    36   1608      6    886
    37   1608      6    886
    38   1608      6    886
    39   1608      6    886
    40   1608      6    886
    41   1608      6    886
    42   1608      6    886
    43   1608      6    886
    44   1608      6    886
    45   1608      6    886
    46   1608      6    886
    47   1608      6    886
    48   1608      6    886
    49   1608      6    886
    50   1608      6    886
    51   1608      6    886
    52   1608      6    886
    53   1608      6    886
    54   1608      6    886
    55   1608      6    886
    56   1608      6    886
    57   1608      6    886
    58   1608      6    886
    59   1608      6    886
    60   1608      6    886
    61   1608      6    886
    62   1608      6    886
    63   1608      6    886
    64   1608      6    886
    65   1608      6    886
    66   1608      6    886
    67   1608      6    886
    68   1608      6    886
    69   1608      6    886
    70   1608      6    886
    71   1608      6    886
    72   1608      6    886
    73   1608      6    886
    74   1608      6    886
    75   1608      6    886
    76   1608      6    886
    77   1608      6    886
    78   1608      6    886
    79   1608      6    886
    80   1608      6    886
    81   1608      6    886
    82   1608      6    886
    83   1608      6    886
    84   1608      6    886
    85   1608      6    886
    86   1608      6    886
    87   1608      6    886
    88   1608      6    886
    89   1608      6    886
    90   1608      6    886
    91   1608      6    886
    92   1608      6    886
    93   1608      6    886
    94   1608      6    886
    95   1608      6    886
    96   1608      6    886
    97   1608      6    886
    98   1608      6    886
    99   1608      6    886
   100   1608      6    886
   101   1608      6    886
   102   1608      6    886
   103   1608      6    886
   104   1608      6    886
   105   1608      6    886
   106   1608      6    886
   107   1608      6    886
   108   1608      6    886
   109   1608      6    886
   110   1608      6    886
   111   1608      6    886
   112   1608      6    886
   113   1608      6    886
   114   1608      6    886
   115   1608      6    886
   116   1608      6    886
   117   1608      6    886
   118   1608      6    886
   119   1608      6    886
   120   1608      6    886
   121   1608      6    886
   122   1608      6    886
   123   1608      6    886
   124   1608      6    886
   125   1608      6    886
   126   1608      6    886
   127   1608      6    886
   128   1608      6    886
   129   1608      6    886
   130   1608      6    886
   131   1608      6    886
   132   1608      6    886
   133   1608      6    886
   134   1608      6    886
   135   1608      6    886
   136   1608      6    886
   137   1608      6    886
   138   1608      6    886
   139   1608      6    886
   140   1608      6    886
   141   1608      6    886
   142   1608      6    886
   143   1608      6    886
   144   1608      6    886
   145   1608      6    886
   146   1608      6    886
   147   1608      6    886
   148   1608      6    886
   149   1608      6    886
   150   1608      6    886
   151   1608      6    886
   152   1608      6    886
   153   1608      6    886
   154   1608      6    886
   155   1608      6    886
   156   1608      6    886
   157   1608      6    886
   158   1608      6    886
   159   1608      6    886
   160   1608      6    886
   161   1608      6    886
   162   1608      6    886
   163   1608      6    886
   164   1608      6    886
   165   1608      6    886
   166   1608      6    886
   167   1608      6    886
   168   1608      6    886
   169   1608      6    886
   170   1608      6    886
   171   1608      6    886
   172   1608      6    886
   173   1608      6    886
   174   1608      6    886
   175   1608      6    886
   176   1608      6    886
   177   1608      6    886
   178   1608      6    886
   179   1608      6    886
   180   1608      6    886
   181   1608      6    886
   182   1608      6    886
   183   1608      6    886
   184   1608      6    886
   185   1608      6    886
   186   1608      6    886
   187   1608      6    886
   188   1608      6    886
   189   1608      6    886
   190   1608      6    886
   191   1608      6    886
   192   1608      6    886
   193   1608      6    886
   194   1608      6    886
   195   1608      6    886
   196   1608      6    886
   197   1608      6    886
   198   1608      6    886
   199   1608      6    886
   200   1608      6    886
   201   1608      6    886
   202   1608      6    886
   203   1608      6    886
   204   1608      6    886
   205   1608      6    886
   206   1608      6    886
   207   1608      6    886
   208   1608      6    886
   209   1608      6    886
   210   1608      6    886
   211   1608      6    886
   212   1608      6    886
   213   1608      6    886
   214   1608      6    886
   215   1608      6    886
   216   1608      6    886
   217   1608      6    886
   218   1608      6    886
   219   1608      6    886
   220   1608      6    886
   221   1608      6    886
   222   1608      6    886
   223   1608      6    886
   224   1608      6    886
   225   1608      6    886
   226   1608      6    886
   227   1608      6    886
   228   1608      6    886
   229   1608      6    886
   230   1608      6    886
   231   1608      6    886
   232   1608      6    886
   233   1608      6    886
   234   1608      6    886
   235   1608      6    886
   236   1608      6    886
   237   1608      6    886
   238   1608      6    886
   239   1608      6    886
   240   1608      6    886
   241   1608      6    886
   242   1608      6    886
   243   1608      6    886
   244   1608      6    886
   245   1608      6    886
   246   1608      6    886
   247   1608      6    886
   248   1608      6    886
   249   1608      6    886
   250   1608      6    886
   251   1608      6    886
   252   1608      6    886
   253   1608      6    886
   254   1608      6    886
   255   1608      6    886
   256   1608      6    886
   257   1608      6    886
   258   1608      6    886
   259   1608      6    886
   260   1608      6    886
   261   1608      6    886
   262   1608      6    886
   263   1608      6    886
   264   1608      6    886
   265   1608      6    886
   266   1608      6    886
   267   1608      6    886
   268   1608      6    886
   269   1608      6    886
   270   1608      6    886
   271   1608      6    886
   272   1608      6    886
   273   1608      6    886
   274   1608      6    886
   275   1608      6    886
   276   1608      6    886
   277   1608      6    886
   278   1608      6    886
   279   1608      6    886
   280   1608      6    886
   281   1608      6    886
   282   1608      6    886
   283   1608      6    886
   284   1608      6    886
   285   1608      6    886
   286   1608      6    886
   287   1608      6    886
   288   1608      6    886
   289   1608      6    886
   290   1608      6    886
   291   1608      6    886
   292   1608      6    886
   293   1608      6    886
   294   1608      6    886
   295   1608      6    886
   296   1608      6    886
   297   1608      6    886
   298   1608      6    886
   299   1608      6    886
   300   1608      6    886
   301   1608      6    886
   302   1608      6    886
   303   1608      6    886
   304   1608      6    886
   305   1608      6    886
   306   1608      6    886
   307   1608      6    886
   308   1608      6    886
   309   1608      6    886
   310   1608      6    886
   311   1608      6    886
   312   1608      6    886
   313   1608      6    886
   314   1608      6    886
   315   1608      6    886
   316   1608      6    886
   317   1608      6    886
   318   1608      6    886
   319   1608      6    886
   320   1608      6    886
   321   1608      6    886
   322   1608      6    886
   323   1608      6    886
   324   1608      6    886
   325   1608      6    886
   326   1608      6    886
   327   1608      6    886
   328   1608      6    886
   329   1608      6    886
   330   1608      6    886
   331   1608      6    886
   332   1608      6    886
   333   1608      6    886
   334   1608      6    886
   335   1608      6    886
   336   1608      6    886
   337   1608      6    886
   338   1608      6    886
   339   1608      6    886
   340   1608      6    886
   341   1608      6    886
   342   1608      6    886
   343   1608      6    886
   344   1608      6    886
   345   1608      6    886
   346   1608      6    886
   347   1608      6    886
   348   1608      6    886
   349   1608      6    886
   350   1608      6    886
   351   1608      6    886
   352   1608      6    886
   353   1608      6    886
   354   1608      6    886
   355   1608      6    886
   356   1608      6    886
   357   1608      6    886
   358   1608      6    886
   359   1608      6    886
   360   1608      6    886
   361   1608      6    886
   362   1608      6    886
   363   1608      6    886
   364   1608      6    886
   365   1608      6    886
   366   1608      6    886
   367   1608      6    886
   368   1608      6    886
   369   1608      6    886
   370   1608      6    886
   371   1608      6    886
   372   1608      6    886
   373   1608      6    886
   374   1608      6    886
   375   1608      6    886
   376   1608      6    886
   377   1608      6    886
   378   1608      6    886
   379   1608      6    886
   380   1608      6    886
   381   1608      6    886
   382   1608      6    886
   383   1608      6    886
   384   1608      6    886
   385   1608      6    886
   386   1608      6    886
   387   1608      6    886
   388   1608      6    886
   389   1608      6    886
   390   1608      6    886
   391   1608      6    886
   392   1608      6    886
   393   1608      6    886
   394   1608      6    886
   395   1608      6    886
   396   1608      6    886
   397   1608      6    886
   398   1608      6    886
   399   1608      6    886
   400   1608      6    886
   401   1608      6    886
   402   1608      6    886
   403   1608      6    886
   404   1608      6    886
   405   1608      6    886
   406   1608      6    886
   407   1608      6    886
   408   1608      6    886
   409   1608      6    886
   410   1608      6    886
   411   1608      6    886
   412   1608      6    886
   413   1608      6    886
   414   1608      6    886
   415   1608      6    886
   416   1608      6    886
   417   1608      6    886
   418   1608      6    886
   419   1608      6    886
   420   1608      6    886
   421   1608      6    886
   422   1608      6    886
   423   1608      6    886
   424   1608      6    886
   425   1608      6    886
   426   1608      6    886
   427   1608      6    886
   428   1608      6    886
   429   1608      6    886
   430   1608      6    886
   431   1608      6    886
   432   1608      6    886
   433   1608      6    886
   434   1608      6    886
   435   1608      6    886
   436   1608      6    886
   437   1608      6    886
   438   1608      6    886
   439   1608      6    886
   440   1608      6    886
   441   1608      6    886
   442   1608      6    886
   443   1608      6    886
   444   1608      6    886
   445   1608      6    886
   446   1608      6    886
   447   1608      6    886
   448   1608      6    886
   449   1608      6    886
   450   1608      6    886
   451   1608      6    886
   452   1608      6    886
   453   1608      6    886
   454   1608      6    886
   455   1608      6    886
   456   1608      6    886
   457   1608      6    886
   458   1608      6    886
   459   1608      6    886
   460   1608      6    886
   461   1608      6    886
   462   1608      6    886
   463   1608      6    886
   464   1608      6    886
   465   1608      6    886
   466   1608      6    886
   467   1608      6    886
   468   1608      6    886
   469   1608      6    886
   470   1608      6    886
   471   1608      6    886
   472   1608      6    886
   473   1608      6    886
   474   1608      6    886
   475   1608      6    886
   476   1608      6    886
   477   1608      6    886
   478   1608      6    886
   479   1608      6    886
   480   1608      6    886
   481   1608      6    886
   482   1608      6    886
   483   1608      6    886
   484   1608      6    886
   485   1608      6    886
   486   1608      6    886
   487   1608      6    886
   488   1608      6    886
   489   1608      6    886
   490   1608      6    886
   491   1608      6    886
   492   1608      6    886
   493   1608      6    886
   494   1608      6    886
   495   1608      6    886
   496   1608      6    886
   497   1608      6    886
   498   1608      6    886
   499   1608      6    886
   500   1608      6    886
   501   1608      6    886
   502   1608      6    886
   503   1608      6    886
   504   1608      6    886
   505   1608      6    886
   506   1608      6    886
   507   1608      6    886
   508   1608      6    886
   509   1608      6    886
   510   1608      6    886
   511   1608      6    886
   512   1608      6    886
   513   1608      6    886
   514   1608      6    886
   515   1608      6    886
   516   1608      6    886
   517   1608      6    886
   518   1608      6    886
   519   1608      6    886
   520   1608      6    886
   521   1608      6    886
   522   1608      6    886
   523   1608      6    886
   524   1608      6    886
   525   1608      6    886
   526   1608      6    886
   527   1608      6    886
   528   1608      6    886
   529   1608      6    886
   530   1608      6    886
   531   1608      6    886
   532   1608      6    886
   533   1608      6    886
   534   1608      6    886
   535   1608      6    886
   536   1608      6    886
   537   1608      6    886
   538   1608      6    886
   539   1608      6    886
   540   1608      6    886
   541   1608      6    886
   542   1608      6    886
   543   1608      6    886
   544   1608      6    886
   545   1608      6    886
   546   1608      6    886
   547   1608      6    886
   548   1608      6    886
   549   1608      6    886
   550   1608      6    886
   551   1608      6    886
   552   1608      6    886
   553   1608      6    886
   554   1608      6    886
   555   1608      6    886
   556   1608      6    886
   557   1608      6    886
   558   1608      6    886
   559   1608      6    886
   560   1608      6    886
   561   1608      6    886
   562   1608      6    886
   563   1608      6    886
   564   1608      6    886
   565   1608      6    886
   566   1608      6    886
   567   1608      6    886
   568   1608      6    886
   569   1608      6    886
   570   1608      6    886
   571   1608      6    886
   572   1608      6    886
   573   1608      6    886
   574   1608      6    886
   575   1608      6    886
   576   1608      6    886
   577   1608      6    886
   578   1608      6    886
   579   1608      6    886
   580   1608      6    886
   581   1608      6    886
   582   1608      6    886
   583   1608      6    886
   584   1608      6    886
   585   1608      6    886
   586   1608      6    886
   587   1608      6    886
   588   1608      6    886
   589   1608      6    886
   590   1608      6    886
   591   1608      6    886
   592   1608      6    886
   593   1608      6    886
   594   1608      6    886
   595   1608      6    886
   596   1608      6    886
   597   1608      6    886
   598   1608      6    886
   599   1608      6    886
   600   1608      6    886
   601   1608      6    886
   602   1608      6    886
   603   1608      6    886
   604   1608      6    886
   605   1608      6    886
   606   1608      6    886
   607   1608      6    886
   608   1608      6    886
   609   1608      6    886
   610   1608      6    886
   611   1608      6    886
   612   1608      6    886
   613   1608      6    886
   614   1608      6    886
   615   1608      6    886
   616   1608      6    886
   617   1608      6    886
   618   1608      6    886
   619   1608      6    886
   620   1608      6    886
   621   1608      6    886
   622   1608      6    886
   623   1608      6    886
   624   1608      6    886
   625   1608      6    886
   626   1608      6    886
   627   1608      6    886
   628   1608      6    886
   629   1608      6    886
   630   1608      6    886
   631   1608      6    886
   632   1608      6    886
   633   1608      6    886
   634   1608      6    886
   635   1608      6    886
   636   1608      6    886
   637   1608      6    886
   638   1608      6    886
   639   1608      6    886
   640   1608      6    886
   641   1608      6    886
   642   1608      6    886
   643   1608      6    886
   644   1608      6    886
   645   1608      6    886
   646   1608      6    886
   647   1608      6    886
   648   1608      6    886
   649   1608      6    886
   650   1608      6    886
   651   1608      6    886
   652   1608      6    886
   653   1608      6    886
   654   1608      6    886
   655   1608      6    886
   656   1608      6    886
   657   1608      6    886
   658   1608      6    886
   659   1608      6    886
   660   1608      6    886
   661   1608      6    886
   662   1608      6    886
   663   1608      6    886
   664   1608      6    886
   665   1608      6    886
   666   1608      6    886
   667   1608      6    886
   668   1608      6    886
   669   1608      6    886
   670   1608      6    886
   671   1608      6    886
   672   1608      6    886
   673   1608      6    886
   674   1608      6    886
   675   1608      6    886
   676   1608      6    886
   677   1608      6    886
   678   1608      6    886
   679   1608      6    886
   680   1608      6    886
   681   1608      6    886
   682   1608      6    886
   683   1608      6    886
   684   1608      6    886
   685   1608      6    886
   686   1608      6    886
   687   1608      6    886
   688   1608      6    886
   689   1608      6    886
   690   1608      6    886
   691   1608      6    886
   692   1608      6    886
   693   1608      6    886
   694   1608      6    886
   695   1608      6    886
   696   1608      6    886
   697   1608      6    886
   698   1608      6    886
   699   1608      6    886
   700   1608      6    886
   701   1608      6    886
   702   1608      6    886
   703   1608      6    886
   704   1608      6    886
   705   1608      6    886
   706   1608      6    886
   707   1608      6    886
   708   1608      6    886
   709   1608      6    886
   710   1608      6    886
   711   1608      6    886
   712   1608      6    886
   713   1608      6    886
   714   1608      6    886
   715   1608      6    886
   716   1608      6    886
   717   1608      6    886
   718   1608      6    886
   719   1608      6    886
   720   1608      6    886
   721   1608      6    886
   722   1608      6    886
   723   1608      6    886
   724   1608      6    886
   725   1608      6    886
   726   1608      6    886
   727   1608      6    886
   728   1608      6    886
   729   1608      6    886
   730   1608      6    886
   731   1608      6    886
   732   1608      6    886
   733   1608      6    886
   734   1608      6    886
   735   1608      6    886
   736   1608      6    886
   737   1608      6    886
   738   1608      6    886
   739   1608      6    886
   740   1608      6    886
   741   1608      6    886
   742   1608      6    886
   743   1608      6    886
   744   1608      6    886
   745   1608      6    886
   746   1608      6    886
   747   1608      6    886
   748   1608      6    886
   749   1608      6    886
   750   1608      6    886
   751   1608      6    886
   752   1608      6    886
   753   1608      6    886
   754   1608      6    886
   755   1608      6    886
   756   1608      6    886
   757   1608      6    886
   758   1608      6    886
   759   1608      6    886
   760   1608      6    886
   761   1608      6    886
   762   1608      6    886
   763   1608      6    886
   764   1608      6    886
   765   1608      6    886
   766   1608      6    886
   767   1608      6    886
   768   1608      6    886
   769   1608      6    886
   770   1608      6    886
   771   1608      6    886
   772   1608      6    886
   773   1608      6    886
   774   1608      6    886
   775   1608      6    886
   776   1608      6    886
   777   1608      6    886
   778   1608      6    886
   779   1608      6    886
   780   1608      6    886
   781   1608      6    886
   782   1608      6    886
   783   1608      6    886
   784   1608      6    886
   785   1608      6    886
   786   1608      6    886
   787   1608      6    886
   788   1608      6    886
   789   1608      6    886
   790   1608      6    886
   791   1608      6    886
   792   1608      6    886
   793   1608      6    886
   794   1608      6    886
   795   1608      6    886
   796   1608      6    886
   797   1608      6    886
   798   1608      6    886
   799   1608      6    886
   800   1608      6    886
   801   1608      6    886
   802   1608      6    886
   803   1608      6    886
   804   1608      6    886
   805   1608      6    886
   806   1608      6    886
   807   1608      6    886
   808   1608      6    886
   809   1608      6    886
   810   1608      6    886
   811   1608      6    886
   812   1608      6    886
   813   1608      6    886
   814   1608      6    886
   815   1608      6    886
   816   1608      6    886
   817   1608      6    886
   818   1608      6    886
   819   1608      6    886
   820   1608      6    886
   821   1608      6    886
   822   1608      6    886
   823   1608      6    886
   824   1608      6    886
   825   1608      6    886
   826   1608      6    886
   827   1608      6    886
   828   1608      6    886
   829   1608      6    886
   830   1608      6    886
   831   1608      6    886
   832   1608      6    886
   833   1608      6    886
   834   1608      6    886
   835   1608      6    886
   836   1608      6    886
   837   1608      6    886
   838   1608      6    886
   839   1608      6    886
   840   1608      6    886
   841   1608      6    886
   842   1608      6    886
   843   1608      6    886
   844   1608      6    886
   845   1608      6    886
   846   1608      6    886
   847   1608      6    886
   848   1608      6    886
   849   1608      6    886
   850   1608      6    886
   851   1608      6    886
   852   1608      6    886
   853   1608      6    886
   854   1608      6    886
   855   1608      6    886
   856   1608      6    886
   857   1608      6    886
   858   1608      6    886
   859   1608      6    886
   860   1608      6    886
   861   1608      6    886
   862   1608      6    886
   863   1608      6    886
   864   1608      6    886
   865   1608      6    886
   866   1608      6    886
   867   1608      6    886
   868   1608      6    886
   869   1608      6    886
   870   1608      6    886
   871   1608      6    886
   872   1608      6    886
   873   1608      6    886
   874   1608      6    886
   875   1608      6    886
   876   1608      6    886
   877   1608      6    886
   878   1608      6    886
   879   1608      6    886
   880   1608      6    886
   881   1608      6    886
   882   1608      6    886
   883   1608      6    886
   884   1608      6    886
   885   1608      6    886
   886   1608      6    886
   887   1608      6    886
   888   1608      6    886
   889   1608      6    886
   890   1608      6    886
   891   1608      6    886
   892   1608      6    886
   893   1608      6    886
   894   1608      6    886
   895   1608      6    886
   896   1608      6    886
   897   1608      6    886
   898   1608      6    886
   899   1608      6    886
   900   1608      6    886
   901   1608      6    886
   902   1608      6    886
   903   1608      6    886
   904   1608      6    886
   905   1608      6    886
   906   1608      6    886
   907   1608      6    886
   908   1608      6    886
   909   1608      6    886
   910   1608      6    886
   911   1608      6    886
   912   1608      6    886
   913   1608      6    886
   914   1608      6    886
   915   1608      6    886
   916   1608      6    886
   917   1608      6    886
   918   1608      6    886
   919   1608      6    886
   920   1608      6    886
   921   1608      6    886
   922   1608      6    886
   923   1608      6    886
   924   1608      6    886
   925   1608      6    886
   926   1608      6    886
   927   1608      6    886
   928   1608      6    886
   929   1608      6    886
   930   1608      6    886
   931   1608      6    886
   932   1608      6    886
   933   1608      6    886
   934   1608      6    886
   935   1608      6    886
   936   1608      6    886
   937   1608      6    886
   938   1608      6    886
   939   1608      6    886
   940   1608      6    886
   941   1608      6    886
   942   1608      6    886
   943   1608      6    886
   944   1608      6    886
   945   1608      6    886
   946   1608      6    886
   947   1608      6    886
   948   1608      6    886
   949   1608      6    886
   950   1608      6    886
   951   1608      6    886
   952   1608      6    886
   953   1608      6    886
   954   1608      6    886
   955   1608      6    886
   956   1608      6    886
   957   1608      6    886
   958   1608      6    886
   959   1608      6    886
   960   1608      6    886
   961   1608      6    886
   962   1608      6    886
   963   1608      6    886
   964   1608      6    886
   965   1608      6    886
   966   1608      6    886
   967   1608      6    886
   968   1608      6    886
   969   1608      6    886
   970   1608      6    886
   971   1608      6    886
   972   1608      6    886
   973   1608      6    886
   974   1608      6    886
   975   1608      6    886
   976   1608      6    886
   977   1608      6    886
   978   1608      6    886
   979   1608      6    886
   980   1608      6    886
   981   1608      6    886
   982   1608      6    886
   983   1608      6    886
   984   1608      6    886
   985   1608      6    886
   986   1608      6    886
   987   1608      6    886
   988   1608      6    886
   989   1608      6    886
   990   1608      6    886
   991   1608      6    886
   992   1608      6    886
   993   1608      6    886
   994   1608      6    886
   995   1608      6    886
   996   1608      6    886
   997   1608      6    886
   998   1608      6    886
   999   1608      6    886
  1000   1608      6    886
