# time (sweeps) | Susceptible | Infected | Recovered
     0   1606     20    874
     1   1607     23    870
     2   1609     19    872
     3   1615     13    872
     4   1614     18    868
     5   1620     15    865
     6   1624     12    864
     7   1622     13    865
     8   1629      8    863
     9   1631      9    860
    10   1634      6    860
    11   1634      7    859
    12   1633      7    860
    13   1643      2    855
    14   1644      1    855
    15   1644      3    853
    16   1645      3    852
    17   1645      1    854
    18   1647      1    852
    19   1648      1    851
    20   1646      3    851
    21   1645      4    851
    22   1643      6    851
    23   1644      5    851
    24   1647      2    851
    25   1645      3    852
    26   1646      3    851
    27   1642      6    852
    28   1638      8    854
    29   1638      7    855
    30   1637      6    857
    31   1638      6    856
    32   1639      6    855
    33   1635      8    857
    34   1635      9    856
    35   1633      9    858
    36   1632      7    861
    37   1637      7    856
    38   1629     12    859
    39   1630      9    861
    40   1631     10    859
    41   1630     12    858
    42   1634     11    855
    43   1631     12    857
    44   1625     14    861
    45   1623     17    860
    46   1620     15    865
    47   1621     20    859
    48   1621     18    861
    49   1616     22    862
    50   1616     19    865
    51   1619     11    870
    52   1628     11    861
    53   1627     15    858
    54   1625     20    855
    55   1622     17    861
    56   1617     18    865
    57   1622     16    862
    58   1626      9    865
    59   1627     11    862
    60   1626     14    860
    61   1627      9    864
    62   1631     10    859
    63   1625     13    862
    64   1628     13    859
    65   1625     14    861
    66   1628     13    859
    67   1624     14    862
    68   1620     16    864
    69   1622     12    866
    70   1629     10    861
    71   1627     14    859
    72   1623     15    862
    73   1628      9    863
    74   1630      6    864
    75   1632      6    862
    76   1634      7    859
    77   1633      7    860
    78   1634      6    860
    79   1632     10    858
    80   1628     11    861
    81   1632      5    863
    82   1633      8    859
    83   1633     12    855
    84   1634      9    857
    85   1636      9    855
    86   1634      9    857
    87   1632     10    858
    88   1635      6    859
    89   1636      5    859
    90   1635      8    857
    91   1636     10    854
    92   1632     11    857
    93   1630     13    857
    94   1628     14    858
    95   1627     11    862
    96   1625     10    865
    97   1633     10    857
    98   1634      8    858
    99   1637      5    858
   100   1637      5    858
   101   1637      5    858
   102   1637      5    858
   103   1637      5    858
   104   1637      5    858
   105   1637      5    858
   106   1637      5    858
   107   1637      5    858
   108   1637      5    858
   109   1637      5    858
   110   1637      5    858
   111   1637      5    858
   112   1637      5    858
   113   1637      5    858
   114   1637      5    858
   115   1637      5    858
   116   1637      5    858
   117   1637      5    858
   118   1637      5    858
   119   1637      5    858
   120   1637      5    858
   121   1637      5    858
   122   1637      5    858
   123   1637      5    858
   124   1637      5    858
   125   1637      5    858
   126   1637      5    858
   127   1637      5    858
   128   1637      5    858
   129   1637      5    858
   130   1637      5    858
   131   1637      5    858
   132   1637      5    858
   133   1637      5    858
   134   1637      5    858
   135   1637      5    858
   136   1637      5    858
   137   1637      5    858
   138   1637      5    858
   139   1637      5    858
   140   1637      5    858
   141   1637      5    858
   142   1637      5    858
   143   1637      5    858
   144   1637      5    858
   145   1637      5    858
   146   1637      5    858
   147   1637      5    858
   148   1637      5    858
   149   1637      5    858
   150   1637      5    858
   151   1637      5    858
   152   1637      5    858
   153   1637      5    858
   154   1637      5    858
   155   1637      5    858
   156   1637      5    858
   157   1637      5    858
   158   1637      5    858
   159   1637      5    858
   160   1637      5    858
   161   1637      5    858
   162   1637      5    858
   163   1637      5    858
   164   1637      5    858
   165   1637      5    858
   166   1637      5    858
   167   1637      5    858
   168   1637      5    858
   169   1637      5    858
   170   1637      5    858
   171   1637      5    858
   172   1637      5    858
   173   1637      5    858
   174   1637      5    858
   175   1637      5    858
   176   1637      5    858
   177   1637      5    858
   178   1637      5    858
   179   1637      5    858
   180   1637      5    858
   181   1637      5    858
   182   1637      5    858
   183   1637      5    858
   184   1637      5    858
   185   1637      5    858
   186   1637      5    858
   187   1637      5    858
   188   1637      5    858
   189   1637      5    858
   190   1637      5    858
   191   1637      5    858
   192   1637      5    858
   193   1637      5    858
   194   1637      5    858
   195   1637      5    858
   196   1637      5    858
   197   1637      5    858
   198   1637      5    858
   199   1637      5    858
   200   1637      5    858
   201   1637      5    858
   202   1637      5    858
   203   1637      5    858
   204   1637      5    858
   205   1637      5    858
   206   1637      5    858
   207   1637      5    858
   208   1637      5    858
   209   1637      5    858
   210   1637      5    858
   211   1637      5    858
   212   1637      5    858
   213   1637      5    858
   214   1637      5    858
   215   1637      5    858
   216   1637      5    858
   217   1637      5    858
   218   1637      5    858
   219   1637      5    858
   220   1637      5    858
   221   1637      5    858
   222   1637      5    858
   223   1637      5    858
   224   1637      5    858
   225   1637      5    858
   226   1637      5    858
   227   1637      5    858
   228   1637      5    858
   229   1637      5    858
   230   1637      5    858
   231   1637      5    858
   232   1637      5    858
   233   1637      5    858
   234   1637      5    858
   235   1637      5    858
   236   1637      5    858
   237   1637      5    858
   238   1637      5    858
   239   1637      5    858
   240   1637      5    858
   241   1637      5    858
   242   1637      5    858
   243   1637      5    858
   244   1637      5    858
   245   1637      5    858
   246   1637      5    858
   247   1637      5    858
   248   1637      5    858
   249   1637      5    858
   250   1637      5    858
   251   1637      5    858
   252   1637      5    858
   253   1637      5    858
   254   1637      5    858
   255   1637      5    858
   256   1637      5    858
   257   1637      5    858
   258   1637      5    858
   259   1637      5    858
   260   1637      5    858
   261   1637      5    858
   262   1637      5    858
   263   1637      5    858
   264   1637      5    858
   265   1637      5    858
   266   1637      5    858
   267   1637      5    858
   268   1637      5    858
   269   1637      5    858
   270   1637      5    858
   271   1637      5    858
   272   1637      5    858
   273   1637      5    858
   274   1637      5    858
   275   1637      5    858
   276   1637      5    858
   277   1637      5    858
   278   1637      5    858
   279   1637      5    858
   280   1637      5    858
   281   1637      5    858
   282   1637      5    858
   283   1637      5    858
   284   1637      5    858
   285   1637      5    858
   286   1637      5    858
   287   1637      5    858
   288   1637      5    858
   289   1637      5    858
   290   1637      5    858
   291   1637      5    858
   292   1637      5    858
   293   1637      5    858
   294   1637      5    858
   295   1637      5    858
   296   1637      5    858
   297   1637      5    858
   298   1637      5    858
   299   1637      5    858
   300   1637      5    858
   301   1637      5    858
   302   1637      5    858
   303   1637      5    858
   304   1637      5    858
   305   1637      5    858
   306   1637      5    858
   307   1637      5    858
   308   1637      5    858
   309   1637      5    858
   310   1637      5    858
   311   1637      5    858
   312   1637      5    858
   313   1637      5    858
   314   1637      5    858
   315   1637      5    858
   316   1637      5    858
   317   1637      5    858
   318   1637      5    858
   319   1637      5    858
   320   1637      5    858
   321   1637      5    858
   322   1637      5    858
   323   1637      5    858
   324   1637      5    858
   325   1637      5    858
   326   1637      5    858
   327   1637      5    858
   328   1637      5    858
   329   1637      5    858
   330   1637      5    858
   331   1637      5    858
   332   1637      5    858
   333   1637      5    858
   334   1637      5    858
   335   1637      5    858
   336   1637      5    858
   337   1637      5    858
   338   1637      5    858
   339   1637      5    858
   340   1637      5    858
   341   1637      5    858
   342   1637      5    858
   343   1637      5    858
   344   1637      5    858
   345   1637      5    858
   346   1637      5    858
   347   1637      5    858
   348   1637      5    858
   349   1637      5    858
   350   1637      5    858
   351   1637      5    858
   352   1637      5    858
   353   1637      5    858
   354   1637      5    858
   355   1637      5    858
   356   1637      5    858
   357   1637      5    858
   358   1637      5    858
   359   1637      5    858
   360   1637      5    858
   361   1637      5    858
   362   1637      5    858
   363   1637      5    858
   364   1637      5    858
   365   1637      5    858
   366   1637      5    858
   367   1637      5    858
   368   1637      5    858
   369   1637      5    858
   370   1637      5    858
   371   1637      5    858
   372   1637      5    858
   373   1637      5    858
   374   1637      5    858
   375   1637      5    858
   376   1637      5    858
   377   1637      5    858
   378   1637      5    858
   379   1637      5    858
   380   1637      5    858
   381   1637      5    858
   382   1637      5    858
   383   1637      5    858
   384   1637      5    858
   385   1637      5    858
   386   1637      5    858
   387   1637      5    858
   388   1637      5    858
   389   1637      5    858
   390   1637      5    858
   391   1637      5    858
   392   1637      5    858
   393   1637      5    858
   394   1637      5    858
   395   1637      5    858
   396   1637      5    858
   397   1637      5    858
   398   1637      5    858
   399   1637      5    858
   400   1637      5    858
   401   1637      5    858
   402   1637      5    858
   403   1637      5    858
   404   1637      5    858
   405   1637      5    858
   406   1637      5    858
   407   1637      5    858
   408   1637      5    858
   409   1637      5    858
   410   1637      5    858
   411   1637      5    858
   412   1637      5    858
   413   1637      5    858
   414   1637      5    858
   415   1637      5    858
   416   1637      5    858
   417   1637      5    858
   418   1637      5    858
   419   1637      5    858
   420   1637      5    858
   421   1637      5    858
   422   1637      5    858
   423   1637      5    858
   424   1637      5    858
   425   1637      5    858
   426   1637      5    858
   427   1637      5    858
   428   1637      5    858
   429   1637      5    858
   430   1637      5    858
   431   1637      5    858
   432   1637      5    858
   433   1637      5    858
   434   1637      5    858
   435   1637      5    858
   436   1637      5    858
   437   1637      5    858
   438   1637      5    858
   439   1637      5    858
   440   1637      5    858
   441   1637      5    858
   442   1637      5    858
   443   1637      5    858
   444   1637      5    858
   445   1637      5    858
   446   1637      5    858
   447   1637      5    858
   448   1637      5    858
   449   1637      5    858
   450   1637      5    858
   451   1637      5    858
   452   1637      5    858
   453   1637      5    858
   454   1637      5    858
   455   1637      5    858
   456   1637      5    858
   457   1637      5    858
   458   1637      5    858
   459   1637      5    858
   460   1637      5    858
   461   1637      5    858
   462   1637      5    858
   463   1637      5    858
   464   1637      5    858
   465   1637      5    858
   466   1637      5    858
   467   1637      5    858
   468   1637      5    858
   469   1637      5    858
   470   1637      5    858
   471   1637      5    858
   472   1637      5    858
   473   1637      5    858
   474   1637      5    858
   475   1637      5    858
   476   1637      5    858
   477   1637      5    858
   478   1637      5    858
   479   1637      5    858
   480   1637      5    858
   481   1637      5    858
   482   1637      5    858
   483   1637      5    858
   484   1637      5    858
   485   1637      5    858
   486   1637      5    858
   487   1637      5    858
   488   1637      5    858
   489   1637      5    858
   490   1637      5    858
   491   1637      5    858
   492   1637      5    858
   493   1637      5    858
   494   1637      5    858
   495   1637      5    858
   496   1637      5    858
   497   1637      5    858
   498   1637      5    858
   499   1637      5    858
   500   1637      5    858
   501   1637      5    858
   502   1637      5    858
   503   1637      5    858
   504   1637      5    858
   505   1637      5    858
   506   1637      5    858
   507   1637      5    858
   508   1637      5    858
   509   1637      5    858
   510   1637      5    858
   511   1637      5    858
   512   1637      5    858
   513   1637      5    858
   514   1637      5    858
   515   1637      5    858
   516   1637      5    858
   517   1637      5    858
   518   1637      5    858
   519   1637      5    858
   520   1637      5    858
   521   1637      5    858
   522   1637      5    858
   523   1637      5    858
   524   1637      5    858
   525   1637      5    858
   526   1637      5    858
   527   1637      5    858
   528   1637      5    858
   529   1637      5    858
   530   1637      5    858
   531   1637      5    858
   532   1637      5    858
   533   1637      5    858
   534   1637      5    858
   535   1637      5    858
   536   1637      5    858
   537   1637      5    858
   538   1637      5    858
   539   1637      5    858
   540   1637      5    858
   541   1637      5    858
   542   1637      5    858
   543   1637      5    858
   544   1637      5    858
   545   1637      5    858
   546   1637      5    858
   547   1637      5    858
   548   1637      5    858
   549   1637      5    858
   550   1637      5    858
   551   1637      5    858
   552   1637      5    858
   553   1637      5    858
   554   1637      5    858
   555   1637      5    858
   556   1637      5    858
   557   1637      5    858
   558   1637      5    858
   559   1637      5    858
   560   1637      5    858
   561   1637      5    858
   562   1637      5    858
   563   1637      5    858
   564   1637      5    858
   565   1637      5    858
   566   1637      5    858
   567   1637      5    858
   568   1637      5    858
   569   1637      5    858
   570   1637      5    858
   571   1637      5    858
   572   1637      5    858
   573   1637      5    858
   574   1637      5    858
   575   1637      5    858
   576   1637      5    858
   577   1637      5    858
   578   1637      5    858
   579   1637      5    858
   580   1637      5    858
   581   1637      5    858
   582   1637      5    858
   583   1637      5    858
   584   1637      5    858
   585   1637      5    858
   586   1637      5    858
   587   1637      5    858
   588   1637      5    858
   589   1637      5    858
   590   1637      5    858
   591   1637      5    858
   592   1637      5    858
   593   1637      5    858
   594   1637      5    858
   595   1637      5    858
   596   1637      5    858
   597   1637      5    858
   598   1637      5    858
   599   1637      5    858
   600   1637      5    858
   601   1637      5    858
   602   1637      5    858
   603   1637      5    858
   604   1637      5    858
   605   1637      5    858
   606   1637      5    858
   607   1637      5    858
   608   1637      5    858
   609   1637      5    858
   610   1637      5    858
   611   1637      5    858
   612   1637      5    858
   613   1637      5    858
   614   1637      5    858
   615   1637      5    858
   616   1637      5    858
   617   1637      5    858
   618   1637      5    858
   619   1637      5    858
   620   1637      5    858
   621   1637      5    858
   622   1637      5    858
   623   1637      5    858
   624   1637      5    858
   625   1637      5    858
   626   1637      5    858
   627   1637      5    858
   628   1637      5    858
   629   1637      5    858
   630   1637      5    858
   631   1637      5    858
   632   1637      5    858
   633   1637      5    858
   634   1637      5    858
   635   1637      5    858
   636   1637      5    858
   637   1637      5    858
   638   1637      5    858
   639   1637      5    858
   640   1637      5    858
   641   1637      5    858
   642   1637      5    858
   643   1637      5    858
   644   1637      5    858
   645   1637      5    858
   646   1637      5    858
   647   1637      5    858
   648   1637      5    858
   649   1637      5    858
   650   1637      5    858
   651   1637      5    858
   652   1637      5    858
   653   1637      5    858
   654   1637      5    858
   655   1637      5    858
   656   1637      5    858
   657   1637      5    858
   658   1637      5    858
   659   1637      5    858
   660   1637      5    858
   661   1637      5    858
   662   1637      5    858
   663   1637      5    858
   664   1637      5    858
   665   1637      5    858
   666   1637      5    858
   667   1637      5    858
   668   1637      5    858
   669   1637      5    858
   670   1637      5    858
   671   1637      5    858
   672   1637      5    858
   673   1637      5    858
   674   1637      5    858
   675   1637      5    858
   676   1637      5    858
   677   1637      5    858
   678   1637      5    858
   679   1637      5    858
   680   1637      5    858
   681   1637      5    858
   682   1637      5    858
   683   1637      5    858
   684   1637      5    858
   685   1637      5    858
   686   1637      5    858
   687   1637      5    858
   688   1637      5    858
   689   1637      5    858
   690   1637      5    858
   691   1637      5    858
   692   1637      5    858
   693   1637      5    858
   694   1637      5    858
   695   1637      5    858
   696   1637      5    858
   697   1637      5    858
   698   1637      5    858
   699   1637      5    858
   700   1637      5    858
   701   1637      5    858
   702   1637      5    858
   703   1637      5    858
   704   1637      5    858
   705   1637      5    858
   706   1637      5    858
   707   1637      5    858
   708   1637      5    858
   709   1637      5    858
   710   1637      5    858
   711   1637      5    858
   712   1637      5    858
   713   1637      5    858
   714   1637      5    858
   715   1637      5    858
   716   1637      5    858
   717   1637      5    858
   718   1637      5    858
   719   1637      5    858
   720   1637      5    858
   721   1637      5    858
   722   1637      5    858
   723   1637      5    858
   724   1637      5    858
   725   1637      5    858
   726   1637      5    858
   727   1637      5    858
   728   1637      5    858
   729   1637      5    858
   730   1637      5    858
   731   1637      5    858
   732   1637      5    858
   733   1637      5    858
   734   1637      5    858
   735   1637      5    858
   736   1637      5    858
   737   1637      5    858
   738   1637      5    858
   739   1637      5    858
   740   1637      5    858
   741   1637      5    858
   742   1637      5    858
   743   1637      5    858
   744   1637      5    858
   745   1637      5    858
   746   1637      5    858
   747   1637      5    858
   748   1637      5    858
   749   1637      5    858
   750   1637      5    858
   751   1637      5    858
   752   1637      5    858
   753   1637      5    858
   754   1637      5    858
   755   1637      5    858
   756   1637      5    858
   757   1637      5    858
   758   1637      5    858
   759   1637      5    858
   760   1637      5    858
   761   1637      5    858
   762   1637      5    858
   763   1637      5    858
   764   1637      5    858
   765   1637      5    858
   766   1637      5    858
   767   1637      5    858
   768   1637      5    858
   769   1637      5    858
   770   1637      5    858
   771   1637      5    858
   772   1637      5    858
   773   1637      5    858
   774   1637      5    858
   775   1637      5    858
   776   1637      5    858
   777   1637      5    858
   778   1637      5    858
   779   1637      5    858
   780   1637      5    858
   781   1637      5    858
   782   1637      5    858
   783   1637      5    858
   784   1637      5    858
   785   1637      5    858
   786   1637      5    858
   787   1637      5    858
   788   1637      5    858
   789   1637      5    858
   790   1637      5    858
   791   1637      5    858
   792   1637      5    858
   793   1637      5    858
   794   1637      5    858
   795   1637      5    858
   796   1637      5    858
   797   1637      5    858
   798   1637      5    858
   799   1637      5    858
   800   1637      5    858
   801   1637      5    858
   802   1637      5    858
   803   1637      5    858
   804   1637      5    858
   805   1637      5    858
   806   1637      5    858
   807   1637      5    858
   808   1637      5    858
   809   1637      5    858
   810   1637      5    858
   811   1637      5    858
   812   1637      5    858
   813   1637      5    858
   814   1637      5    858
   815   1637      5    858
   816   1637      5    858
   817   1637      5    858
   818   1637      5    858
   819   1637      5    858
   820   1637      5    858
   821   1637      5    858
   822   1637      5    858
   823   1637      5    858
   824   1637      5    858
   825   1637      5    858
   826   1637      5    858
   827   1637      5    858
   828   1637      5    858
   829   1637      5    858
   830   1637      5    858
   831   1637      5    858
   832   1637      5    858
   833   1637      5    858
   834   1637      5    858
   835   1637      5    858
   836   1637      5    858
   837   1637      5    858
   838   1637      5    858
   839   1637      5    858
   840   1637      5    858
   841   1637      5    858
   842   1637      5    858
   843   1637      5    858
   844   1637      5    858
   845   1637      5    858
   846   1637      5    858
   847   1637      5    858
   848   1637      5    858
   849   1637      5    858
   850   1637      5    858
   851   1637      5    858
   852   1637      5    858
   853   1637      5    858
   854   1637      5    858
   855   1637      5    858
   856   1637      5    858
   857   1637      5    858
   858   1637      5    858
   859   1637      5    858
   860   1637      5    858
   861   1637      5    858
   862   1637      5    858
   863   1637      5    858
   864   1637      5    858
   865   1637      5    858
   866   1637      5    858
   867   1637      5    858
   868   1637      5    858
   869   1637      5    858
   870   1637      5    858
   871   1637      5    858
   872   1637      5    858
   873   1637      5    858
   874   1637      5    858
   875   1637      5    858
   876   1637      5    858
   877   1637      5    858
   878   1637      5    858
   879   1637      5    858
   880   1637      5    858
   881   1637      5    858
   882   1637      5    858
   883   1637      5    858
   884   1637      5    858
   885   1637      5    858
   886   1637      5    858
   887   1637      5    858
   888   1637      5    858
   889   1637      5    858
   890   1637      5    858
   891   1637      5    858
   892   1637      5    858
   893   1637      5    858
   894   1637      5    858
   895   1637      5    858
   896   1637      5    858
   897   1637      5    858
   898   1637      5    858
   899   1637      5    858
   900   1637      5    858
   901   1637      5    858
   902   1637      5    858
   903   1637      5    858
   904   1637      5    858
   905   1637      5    858
   906   1637      5    858
   907   1637      5    858
   908   1637      5    858
   909   1637      5    858
   910   1637      5    858
   911   1637      5    858
   912   1637      5    858
   913   1637      5    858
   914   1637      5    858
   915   1637      5    858
   916   1637      5    858
   917   1637      5    858
   918   1637      5    858
   919   1637      5    858
   920   1637      5    858
   921   1637      5    858
   922   1637      5    858
   923   1637      5    858
   924   1637      5    858
   925   1637      5    858
   926   1637      5    858
   927   1637      5    858
   928   1637      5    858
   929   1637      5    858
   930   1637      5    858
   931   1637      5    858
   932   1637      5    858
   933   1637      5    858
   934   1637      5    858
   935   1637      5    858
   936   1637      5    858
   937   1637      5    858
   938   1637      5    858
   939   1637      5    858
   940   1637      5    858
   941   1637      5    858
   942   1637      5    858
   943   1637      5    858
   944   1637      5    858
   945   1637      5    858
   946   1637      5    858
   947   1637      5    858
   948   1637      5    858
   949   1637      5    858
   950   1637      5    858
   951   1637      5    858
   952   1637      5    858
   953   1637      5    858
   954   1637      5    858
   955   1637      5    858
   956   1637      5    858
   957   1637      5    858
   958   1637      5    858
   959   1637      5    858
   960   1637      5    858
   961   1637      5    858
   962   1637      5    858
   963   1637      5    858
   964   1637      5    858
   965   1637      5    858
   966   1637      5    858
   967   1637      5    858
   968   1637      5    858
   969   1637      5    858
   970   1637      5    858
   971   1637      5    858
   972   1637      5    858
   973   1637      5    858
   974   1637      5    858
   975   1637      5    858
   976   1637      5    858
   977   1637      5    858
   978   1637      5    858
   979   1637      5    858
   980   1637      5    858
   981   1637      5    858
   982   1637      5    858
   983   1637      5    858
   984   1637      5    858
   985   1637      5    858
   986   1637      5    858
   987   1637      5    858
   988   1637      5    858
   989   1637      5    858
   990   1637      5    858
   991   1637      5    858
   992   1637      5    858
   993   1637      5    858
   994   1637      5    858
   995   1637      5    858
   996   1637      5    858
   997   1637      5    858
   998   1637      5    858
   999   1637      5    858
  1000   1637      5    858
