# time (sweeps) | Susceptible | Infected | Recovered
     0   1619    156    725
     1   1633    148    719
     2   1661    134    705
     3   1663    151    686
     4   1638    168    694
     5   1612    164    724
     6   1635    158    707
     7   1646    150    704
     8   1644    148    708
     9   1647    154    699
    10   1636    143    721
    11   1649    150    701
    12   1654    154    692
    13   1651    160    689
    14   1655    150    695
    15   1655    153    692
    16   1638    155    707
    17   1618    168    714
    18   1637    139    724
    19   1648    141    711
    20   1627    167    706
    21   1647    150    703
    22   1619    167    714
    23   1610    170    720
    24   1596    177    727
    25   1610    162    728
    26   1616    158    726
    27   1628    144    728
    28   1628    154    718
    29   1622    168    710
    30   1619    168    713
    31   1638    157    705
    32   1617    167    716
    33   1627    163    710
    34   1614    168    718
    35   1628    156    716
    36   1624    177    699
    37   1591    192    717
    38   1587    172    741
    39   1594    181    725
    40   1575    184    741
    41   1561    189    750
    42   1568    198    734
    43   1545    215    740
    44   1537    220    743
    45   1549    200    751
    46   1563    194    743
    47   1578    180    742
    48   1545    191    764
    49   1562    199    739
    50   1569    202    729
    51   1568    196    736
    52   1563    201    736
    53   1577    183    740
    54   1583    188    729
    55   1592    185    723
    56   1589    180    731
    57   1572    189    739
    58   1546    209    745
    59   1555    205    740
    60   1558    191    751
    61   1559    196    745
    62   1566    188    746
    63   1561    172    767
    64   1572    172    756
    65   1594    172    734
    66   1586    175    739
    67   1604    176    720
    68   1575    186    739
    69   1567    202    731
    70   1569    205    726
    71   1572    190    738
    72   1568    190    742
    73   1576    178    746
    74   1588    163    749
    75   1611    159    730
    76   1625    154    721
    77   1647    143    710
    78   1656    153    691
    79   1644    151    705
    80   1648    147    705
    81   1639    142    719
    82   1670    135    695
    83   1669    130    701
    84   1678    156    666
    85   1643    170    687
    86   1607    185    708
    87   1597    166    737
    88   1604    169    727
    89   1612    149    739
    90   1642    146    712
    91   1638    154    708
    92   1652    146    702
    93   1636    155    709
    94   1634    155    711
    95   1636    150    714
    96   1629    152    719
    97   1630    153    717
    98   1634    154    712
    99   1641    150    709
   100   1652    155    693
   101   1636    149    715
   102   1604    178    718
   103   1596    178    726
   104   1602    161    737
   105   1607    161    732
   106   1609    184    707
   107   1606    181    713
   108   1597    186    717
   109   1590    172    738
   110   1604    173    723
   111   1604    158    738
   112   1604    161    735
   113   1620    168    712
   114   1590    202    708
   115   1577    207    716
   116   1555    225    720
   117   1529    236    735
   118   1537    224    739
   119   1498    242    760
   120   1487    235    778
   121   1525    204    771
   122   1515    205    780
   123   1523    206    771
   124   1531    204    765
   125   1531    199    770
   126   1538    200    762
   127   1529    199    772
   128   1542    212    746
   129   1524    205    771
   130   1522    203    775
   131   1533    173    794
   132   1575    173    752
   133   1586    169    745
   134   1586    181    733
   135   1561    199    740
   136   1538    223    739
   137   1526    214    760
   138   1519    195    786
   139   1524    206    770
   140   1523    221    756
   141   1496    255    749
   142   1503    235    762
   143   1507    220    773
   144   1507    222    771
   145   1501    233    766
   146   1491    214    795
   147   1471    223    806
   148   1478    230    792
   149   1476    239    785
   150   1485    222    793
   151   1513    206    781
   152   1514    222    764
   153   1499    242    759
   154   1500    241    759
   155   1500    240    760
   156   1493    227    780
   157   1496    216    788
   158   1505    216    779
   159   1493    216    791
   160   1483    239    778
   161   1471    264    765
   162   1480    264    756
   163   1463    252    785
   164   1476    234    790
   165   1500    219    781
   166   1485    230    785
   167   1490    234    776
   168   1496    218    786
   169   1467    242    791
   170   1461    242    797
   171   1444    271    785
   172   1448    268    784
   173   1432    276    792
   174   1445    259    796
   175   1460    226    814
   176   1485    238    777
   177   1463    252    785
   178   1466    236    798
   179   1464    243    793
   180   1477    221    802
   181   1487    214    799
   182   1485    228    787
   183   1479    218    803
   184   1483    232    785
   185   1485    221    794
   186   1502    194    804
   187   1521    190    789
   188   1536    187    777
   189   1564    182    754
   190   1543    203    754
   191   1557    206    737
   192   1541    214    745
   193   1554    197    749
   194   1539    211    750
   195   1543    190    767
   196   1566    180    754
   197   1583    175    742
   198   1562    188    750
   199   1568    168    764
   200   1594    165    741
   201   1618    155    727
   202   1634    154    712
   203   1646    155    699
   204   1639    151    710
   205   1654    144    702
   206   1647    148    705
   207   1648    148    704
   208   1643    155    702
   209   1650    154    696
   210   1645    161    694
   211   1632    157    711
   212   1638    146    716
   213   1634    149    717
   214   1631    152    717
   215   1614    147    739
   216   1627    148    725
   217   1641    140    719
   218   1625    160    715
   219   1604    185    711
   220   1608    185    707
   221   1597    186    717
   222   1571    194    735
   223   1568    198    734
   224   1553    207    740
   225   1530    220    750
   226   1510    218    772
   227   1520    213    767
   228   1509    227    764
   229   1514    216    770
   230   1502    219    779
   231   1496    229    775
   232   1533    190    777
   233   1564    181    755
   234   1582    166    752
   235   1574    184    742
   236   1578    181    741
   237   1577    190    733
   238   1574    169    757
   239   1600    183    717
   240   1602    166    732
   241   1594    176    730
   242   1600    183    717
   243   1599    175    726
   244   1591    186    723
   245   1586    182    732
   246   1589    169    742
   247   1576    177    747
   248   1573    171    756
   249   1608    154    738
   250   1627    150    723
   251   1618    175    707
   252   1593    189    718
   253   1578    199    723
   254   1551    223    726
   255   1551    204    745
   256   1564    185    751
   257   1570    182    748
   258   1584    179    737
   259   1568    191    741
   260   1583    172    745
   261   1571    185    744
   262   1563    213    724
   263   1547    208    745
   264   1540    188    772
   265   1571    171    758
   266   1581    188    731
   267   1583    195    722
   268   1570    203    727
   269   1546    215    739
   270   1550    205    745
   271   1554    202    744
   272   1529    204    767
   273   1524    204    772
   274   1522    211    767
   275   1507    214    779
   276   1529    200    771
   277   1564    186    750
   278   1564    188    748
   279   1563    193    744
   280   1554    185    761
   281   1567    188    745
   282   1544    194    762
   283   1558    188    754
   284   1570    196    734
   285   1575    191    734
   286   1599    175    726
   287   1612    184    704
   288   1617    164    719
   289   1623    158    719
   290   1640    162    698
   291   1613    175    712
   292   1608    183    709
   293   1586    206    708
   294   1569    209    722
   295   1577    194    729
   296   1572    192    736
   297   1582    190    728
   298   1576    186    738
   299   1556    199    745
   300   1533    213    754
   301   1517    217    766
   302   1510    211    779
   303   1544    181    775
   304   1527    210    763
   305   1500    229    771
   306   1497    226    777
   307   1508    206    786
   308   1528    202    770
   309   1551    188    761
   310   1558    193    749
   311   1570    197    733
   312   1573    192    735
   313   1592    193    715
   314   1563    228    709
   315   1518    242    740
   316   1488    252    760
   317   1495    237    768
   318   1470    251    779
   319   1462    269    769
   320   1479    246    775
   321   1462    261    777
   322   1438    266    796
   323   1428    270    802
   324   1450    251    799
   325   1445    246    809
   326   1460    234    806
   327   1473    239    788
   328   1483    228    789
   329   1474    235    791
   330   1450    262    788
   331   1407    269    824
   332   1415    260    825
   333   1423    258    819
   334   1402    275    823
   335   1416    255    829
   336   1425    262    813
   337   1457    249    794
   338   1451    258    791
   339   1448    245    807
   340   1470    223    807
   341   1459    252    789
   342   1432    276    792
   343   1433    246    821
   344   1444    241    815
   345   1469    243    788
   346   1470    251    779
   347   1469    263    768
   348   1457    250    793
   349   1439    262    799
   350   1418    282    800
   351   1392    305    803
   352   1377    291    832
   353   1369    282    849
   354   1408    245    847
   355   1417    262    821
   356   1446    243    811
   357   1473    239    788
   358   1450    263    787
   359   1427    268    805
   360   1427    281    792
   361   1397    279    824
   362   1399    281    820
   363   1427    275    798
   364   1416    258    826
   365   1414    245    841
   366   1438    238    824
   367   1431    251    818
   368   1424    276    800
   369   1428    263    809
   370   1420    256    824
   371   1436    267    797
   372   1450    262    788
   373   1461    254    785
   374   1470    232    798
   375   1503    215    782
   376   1537    202    761
   377   1496    251    753
   378   1490    258    752
   379   1455    256    789
   380   1406    276    818
   381   1417    247    836
   382   1439    242    819
   383   1449    241    810
   384   1488    227    785
   385   1509    206    785
   386   1496    228    776
   387   1492    219    789
   388   1499    214    787
   389   1521    217    762
   390   1537    201    762
   391   1525    213    762
   392   1532    196    772
   393   1542    204    754
   394   1542    212    746
   395   1542    204    754
   396   1527    213    760
   397   1515    244    741
   398   1509    225    766
   399   1521    208    771
   400   1538    193    769
   401   1570    179    751
   402   1581    177    742
   403   1600    175    725
   404   1589    190    721
   405   1576    220    704
   406   1546    223    731
   407   1537    226    737
   408   1521    220    759
   409   1525    225    750
   410   1512    239    749
   411   1491    246    763
   412   1497    238    765
   413   1508    206    786
   414   1509    205    786
   415   1498    217    785
   416   1499    234    767
   417   1488    229    783
   418   1492    228    780
   419   1497    210    793
   420   1508    200    792
   421   1518    201    781
   422   1533    200    767
   423   1532    218    750
   424   1534    215    751
   425   1536    213    751
   426   1521    205    774
   427   1541    197    762
   428   1547    185    768
   429   1566    175    759
   430   1590    170    740
   431   1595    183    722
   432   1558    198    744
   433   1568    196    736
   434   1554    204    742
   435   1561    196    743
   436   1539    215    746
   437   1530    207    763
   438   1518    223    759
   439   1528    211    761
   440   1554    197    749
   441   1547    198    755
   442   1554    196    750
   443   1542    215    743
   444   1548    210    742
   445   1552    216    732
   446   1537    211    752
   447   1526    210    764
   448   1515    218    767
   449   1523    205    772
   450   1533    192    775
   451   1546    181    773
   452   1555    216    729
   453   1518    221    761
   454   1513    229    758
   455   1516    234    750
   456   1520    204    776
   457   1532    183    785
   458   1561    167    772
   459   1550    192    758
   460   1543    199    758
   461   1559    188    753
   462   1569    180    751
   463   1568    194    738
   464   1553    195    752
   465   1550    203    747
   466   1536    206    758
   467   1543    214    743
   468   1540    208    752
   469   1535    204    761
   470   1555    201    744
   471   1522    224    754
   472   1515    218    767
   473   1527    201    772
   474   1548    204    748
   475   1538    209    753
   476   1535    218    747
   477   1549    197    754
   478   1556    199    745
   479   1546    215    739
   480   1515    231    754
   481   1526    212    762
   482   1510    236    754
   483   1538    219    743
   484   1514    230    756
   485   1533    220    747
   486   1509    227    764
   487   1484    240    776
   488   1494    218    788
   489   1500    208    792
   490   1520    205    775
   491   1534    217    749
   492   1519    207    774
   493   1529    186    785
   494   1555    175    770
   495   1525    216    759
   496   1509    235    756
   497   1499    240    761
   498   1486    249    765
   499   1503    217    780
   500   1519    214    767
   501   1514    207    779
   502   1526    195    779
   503   1546    180    774
   504   1582    169    749
   505   1594    186    720
   506   1580    185    735
   507   1594    177    729
   508   1568    185    747
   509   1552    205    743
   510   1546    210    744
   511   1569    181    750
   512   1590    174    736
   513   1542    219    739
   514   1509    230    761
   515   1522    199    779
   516   1559    183    758
   517   1550    188    762
   518   1559    193    748
   519   1564    199    737
   520   1566    211    723
   521   1571    206    723
   522   1587    188    725
   523   1594    186    720
   524   1599    184    717
   525   1585    193    722
   526   1585    199    716
   527   1563    197    740
   528   1569    205    726
   529   1551    206    743
   530   1541    212    747
   531   1530    206    764
   532   1554    201    745
   533   1571    179    750
   534   1578    182    740
   535   1575    184    741
   536   1576    181    743
   537   1580    174    746
   538   1575    194    731
   539   1570    189    741
   540   1570    167    763
   541   1567    190    743
   542   1561    199    740
   543   1572    184    744
   544   1590    165    745
   545   1605    187    708
   546   1593    188    719
   547   1577    200    723
   548   1580    183    737
   549   1579    188    733
   550   1589    192    719
   551   1575    192    733
   552   1577    220    703
   553   1567    213    720
   554   1551    225    724
   555   1556    212    732
   556   1541    216    743
   557   1555    202    743
   558   1556    195    749
   559   1562    182    756
   560   1578    173    749
   561   1576    178    746
   562   1571    180    749
   563   1584    179    737
   564   1574    170    756
   565   1611    167    722
   566   1616    160    724
   567   1636    154    710
   568   1620    165    715
   569   1600    180    720
   570   1599    178    723
   571   1595    178    727
   572   1608    162    730
   573   1592    159    749
   574   1612    163    725
   575   1607    169    724
   576   1612    167    721
   577   1636    176    688
   578   1628    176    696
   579   1592    185    723
   580   1608    175    717
   581   1601    173    726
   582   1610    160    730
   583   1615    158    727
   584   1611    155    734
   585   1628    153    719
   586   1623    160    717
   587   1609    181    710
   588   1610    156    734
   589   1622    169    709
   590   1607    190    703
   591   1592    178    730
   592   1606    186    708
   593   1609    176    715
   594   1601    180    719
   595   1581    200    719
   596   1577    185    738
   597   1592    175    733
   598   1577    178    745
   599   1570    181    749
   600   1584    160    756
   601   1616    152    732
   602   1620    152    728
   603   1635    135    730
   604   1639    149    712
   605   1626    162    712
   606   1634    154    712
   607   1641    145    714
   608   1654    129    717
   609   1667    131    702
   610   1675    127    698
   611   1696    126    678
   612   1666    141    693
   613   1680    129    691
   614   1688    130    682
   615   1687    130    683
   616   1700    131    669
   617   1674    158    668
   618   1665    168    667
   619   1650    169    681
   620   1626    169    705
   621   1618    180    702
   622   1591    195    714
   623   1572    199    729
   624   1576    199    725
   625   1571    190    739
   626   1590    168    742
   627   1587    181    732
   628   1579    201    720
   629   1558    210    732
   630   1531    220    749
   631   1571    202    727
   632   1551    219    730
   633   1566    197    737
   634   1544    203    753
   635   1552    186    762
   636   1574    175    751
   637   1568    172    760
   638   1566    176    758
   639   1603    164    733
   640   1610    178    712
   641   1604    175    721
   642   1605    189    706
   643   1592    185    723
   644   1544    215    741
   645   1548    208    744
   646   1537    219    744
   647   1526    225    749
   648   1524    220    756
   649   1525    195    780
   650   1520    217    763
   651   1554    193    753
   652   1559    201    740
   653   1568    187    745
   654   1557    205    738
   655   1532    208    760
   656   1529    211    760
   657   1521    214    765
   658   1528    209    763
   659   1519    207    774
   660   1521    223    756
   661   1514    250    736
   662   1526    236    738
   663   1510    235    755
   664   1507    231    762
   665   1492    225    783
   666   1495    223    782
   667   1489    225    786
   668   1502    225    773
   669   1522    219    759
   670   1497    234    769
   671   1513    209    778
   672   1526    202    772
   673   1506    223    771
   674   1485    258    757
   675   1470    264    766
   676   1464    255    781
   677   1465    264    771
   678   1473    236    791
   679   1477    229    794
   680   1465    230    805
   681   1498    212    790
   682   1522    194    784
   683   1539    204    757
   684   1520    219    761
   685   1500    236    764
   686   1489    235    776
   687   1487    226    787
   688   1487    218    795
   689   1522    196    782
   690   1549    193    758
   691   1566    173    761
   692   1582    186    732
   693   1554    220    726
   694   1535    234    731
   695   1495    246    759
   696   1487    224    789
   697   1504    199    797
   698   1530    198    772
   699   1511    201    788
   700   1515    204    781
   701   1542    187    771
   702   1554    191    755
   703   1561    190    749
   704   1554    198    748
   705   1555    205    740
   706   1535    229    736
   707   1496    255    749
   708   1504    223    773
   709   1510    227    763
   710   1497    223    780
   711   1501    220    779
   712   1501    222    777
   713   1514    214    772
   714   1520    216    764
   715   1511    223    766
   716   1517    215    768
   717   1514    212    774
   718   1540    200    760
   719   1546    191    763
   720   1554    185    761
   721   1565    194    741
   722   1569    180    751
   723   1591    165    744
   724   1597    169    734
   725   1589    188    723
   726   1598    177    725
   727   1619    153    728
   728   1618    155    727
   729   1628    162    710
   730   1648    148    704
   731   1652    148    700
   732   1639    172    689
   733   1607    176    717
   734   1609    170    721
   735   1600    182    718
   736   1609    177    714
   737   1608    171    721
   738   1608    174    718
   739   1600    186    714
   740   1587    170    743
   741   1598    178    724
   742   1589    190    721
   743   1586    187    727
   744   1573    185    742
   745   1564    188    748
   746   1580    164    756
   747   1576    175    749
   748   1591    167    742
   749   1602    162    736
   750   1626    143    731
   751   1638    146    716
   752   1642    150    708
   753   1632    137    731
   754   1650    134    716
   755   1654    137    709
   756   1645    150    705
   757   1663    143    694
   758   1651    152    697
   759   1628    167    705
   760   1608    163    729
   761   1592    173    735
   762   1597    170    733
   763   1599    177    724
   764   1602    175    723
   765   1599    183    718
   766   1599    171    730
   767   1598    171    731
   768   1605    171    724
   769   1617    169    714
   770   1589    181    730
   771   1593    181    726
   772   1577    190    733
   773   1563    196    741
   774   1571    201    728
   775   1563    211    726
   776   1553    208    739
   777   1524    226    750
   778   1526    211    763
   779   1530    197    773
   780   1552    199    749
   781   1569    189    742
   782   1585    182    733
   783   1588    170    742
   784   1593    187    720
   785   1562    198    740
   786   1564    193    743
   787   1562    194    744
   788   1562    205    733
   789   1550    208    742
   790   1557    198    745
   791   1564    188    748
   792   1569    182    749
   793   1551    223    726
   794   1559    212    729
   795   1565    212    723
   796   1547    222    731
   797   1486    269    745
   798   1466    251    783
   799   1485    233    782
   800   1483    210    807
   801   1503    194    803
   802   1538    210    752
   803   1543    217    740
   804   1520    228    752
   805   1511    229    760
   806   1518    234    748
   807   1504    227    769
   808   1493    224    783
   809   1482    219    799
   810   1505    205    790
   811   1500    236    764
   812   1515    207    778
   813   1500    241    759
   814   1508    233    759
   815   1491    248    761
   816   1481    255    764
   817   1466    266    768
   818   1466    255    779
   819   1465    243    792
   820   1468    237    795
   821   1481    223    796
   822   1507    204    789
   823   1528    191    781
   824   1541    187    772
   825   1557    172    771
   826   1560    188    752
   827   1538    198    764
   828   1559    182    759
   829   1555    193    752
   830   1559    187    754
   831   1559    203    738
   832   1567    195    738
   833   1544    196    760
   834   1553    200    747
   835   1527    218    755
   836   1531    194    775
   837   1536    206    758
   838   1514    220    766
   839   1498    221    781
   840   1496    225    779
   841   1500    224    776
   842   1508    218    774
   843   1513    237    750
   844   1507    239    754
   845   1511    220    769
   846   1489    242    769
   847   1494    231    775
   848   1499    229    772
   849   1506    217    777
   850   1511    220    769
   851   1519    212    769
   852   1528    221    751
   853   1501    229    770
   854   1485    240    775
   855   1501    218    781
   856   1517    223    760
   857   1529    207    764
   858   1531    215    754
   859   1535    211    754
   860   1540    197    763
   861   1535    208    757
   862   1552    193    755
   863   1546    199    755
   864   1539    215    746
   865   1510    220    770
   866   1502    248    750
   867   1485    247    768
   868   1487    237    776
   869   1466    244    790
   870   1454    257    789
   871   1435    252    813
   872   1443    251    806
   873   1442    254    804
   874   1421    262    817
   875   1440    249    811
   876   1450    237    813
   877   1459    238    803
   878   1462    222    816
   879   1473    252    775
   880   1436    264    800
   881   1427    238    835
   882   1473    200    827
   883   1529    199    772
   884   1521    213    766
   885   1512    208    780
   886   1531    188    781
   887   1522    207    771
   888   1538    207    755
   889   1544    208    748
   890   1543    214    743
   891   1501    233    766
   892   1505    227    768
   893   1519    214    767
   894   1514    232    754
   895   1515    225    760
   896   1506    226    768
   897   1495    233    772
   898   1483    245    772
   899   1444    263    793
   900   1424    253    823
   901   1458    231    811
   902   1465    231    804
   903   1476    227    797
   904   1493    219    788
   905   1517    219    764
   906   1508    234    758
   907   1509    210    781
   908   1507    224    769
   909   1519    214    767
   910   1517    218    765
   911   1483    227    790
   912   1497    231    772
   913   1488    217    795
   914   1498    212    790
   915   1521    204    775
   916   1528    196    776
   917   1511    233    756
   918   1505    244    751
   919   1478    225    797
   920   1486    229    785
   921   1468    220    812
   922   1497    214    789
   923   1505    228    767
   924   1503    244    753
   925   1484    265    751
   926   1481    238    781
   927   1498    217    785
   928   1503    207    790
   929   1531    199    770
   930   1526    207    767
   931   1556    184    760
   932   1557    170    773
   933   1573    187    740
   934   1570    201    729
   935   1575    188    737
   936   1583    180    737
   937   1601    189    710
   938   1598    197    705
   939   1584    215    701
   940   1579    190    731
   941   1578    163    759
   942   1595    156    749
   943   1612    148    740
   944   1625    155    720
   945   1622    145    733
   946   1656    126    718
   947   1669    128    703
   948   1662    135    703
   949   1663    144    693
   950   1656    148    696
   951   1659    154    687
   952   1656    153    691
   953   1660    141    699
   954   1649    158    693
   955   1639    155    706
   956   1630    151    719
   957   1636    154    710
   958   1633    153    714
   959   1643    133    724
   960   1651    148    701
   961   1639    142    719
   962   1648    149    703
   963   1663    141    696
   964   1641    164    695
   965   1626    169    705
   966   1636    156    708
   967   1656    158    686
   968   1638    160    702
   969   1621    171    708
   970   1607    185    708
   971   1598    184    718
   972   1586    175    739
   973   1589    167    744
   974   1630    167    703
   975   1623    174    703
   976   1619    175    706
   977   1621    174    705
   978   1599    185    716
   979   1596    187    717
   980   1589    178    733
   981   1584    178    738
   982   1587    187    726
   983   1575    187    738
   984   1574    169    757
   985   1603    172    725
   986   1599    181    720
   987   1578    211    711
   988   1565    186    749
   989   1594    176    730
   990   1587    179    734
   991   1586    184    730
   992   1562    200    738
   993   1549    198    753
   994   1575    190    735
   995   1580    188    732
   996   1571    190    739
   997   1574    196    730
   998   1588    179    733
   999   1570    210    720
  1000   1561    219    720
