# time (sweeps) | Susceptible | Infected | Recovered
     0   1551    158    791
     1   1552    143    805
     2   1564    142    794
     3   1591    124    785
     4   1586    128    786
     5   1601    117    782
     6   1627    106    767
     7   1648     99    753
     8   1660     93    747
     9   1660     96    744
    10   1659    111    730
    11   1635    120    745
    12   1630    126    744
    13   1615    127    758
    14   1607    117    776
    15   1619    107    774
    16   1639    101    760
    17   1647     90    763
    18   1655     96    749
    19   1651     93    756
    20   1660     85    755
    21   1680     84    736
    22   1681     87    732
    23   1678    100    722
    24   1672    102    726
    25   1681     97    722
    26   1675     93    732
    27   1680     88    732
    28   1675     86    739
    29   1698     77    725
    30   1686     78    736
    31   1690     84    726
    32   1701     73    726
    33   1699     82    719
    34   1694     83    723
    35   1694     89    717
    36   1689     87    724
    37   1694     94    712
    38   1673    101    726
    39   1681     99    720
    40   1671     99    730
    41   1657     99    744
    42   1652     96    752
    43   1643    102    755
    44   1658     88    754
    45   1669     89    742
    46   1682     78    740
    47   1678     95    727
    48   1697     78    725
    49   1706     72    722
    50   1699     96    705
    51   1692     84    724
    52   1682     92    726
    53   1691     74    735
    54   1673     86    741
    55   1695     71    734
    56   1703     71    726
    57   1700     72    728
    58   1705     68    727
    59   1728     74    698
    60   1710     86    704
    61   1704     82    714
    62   1724     74    702
    63   1723     70    707
    64   1717     72    711
    65   1719     72    709
    66   1734     68    698
    67   1738     57    705
    68   1744     53    703
    69   1737     64    699
    70   1740     55    705
    71   1754     46    700
    72   1760     47    693
    73   1761     42    697
    74   1747     54    699
    75   1756     44    700
    76   1758     41    701
    77   1762     47    691
    78   1768     49    683
    79   1762     43    695
    80   1765     40    695
    81   1776     32    692
    82   1778     34    688
    83   1778     38    684
    84   1785     43    672
    85   1772     43    685
    86   1765     48    687
    87   1766     33    701
    88   1766     34    700
    89   1769     44    687
    90   1781     36    683
    91   1796     27    677
    92   1793     34    673
    93   1794     34    672
    94   1795     31    674
    95   1799     36    665
    96   1780     41    679
    97   1769     51    680
    98   1768     49    683
    99   1764     48    688
   100   1770     47    683
   101   1768     44    688
   102   1771     46    683
   103   1767     42    691
   104   1771     42    687
   105   1783     31    686
   106   1795     28    677
   107   1794     37    669
   108   1790     34    676
   109   1796     29    675
   110   1799     27    674
   111   1784     40    676
   112   1786     38    676
   113   1783     41    676
   114   1779     45    676
   115   1773     41    686
   116   1777     47    676
   117   1769     47    684
   118   1752     57    691
   119   1743     67    690
   120   1743     59    698
   121   1729     64    707
   122   1731     57    712
   123   1738     56    706
   124   1744     42    714
   125   1750     50    700
   126   1752     61    687
   127   1746     54    700
   128   1757     48    695
   129   1763     47    690
   130   1759     41    700
   131   1778     31    691
   132   1786     32    682
   133   1792     29    679
   134   1801     20    679
   135   1802     27    671
   136   1801     30    669
   137   1794     36    670
   138   1805     27    668
   139   1797     29    674
   140   1787     36    677
   141   1800     30    670
   142   1786     39    675
   143   1778     46    676
   144   1776     41    683
   145   1772     49    679
   146   1765     60    675
   147   1761     65    674
   148   1763     52    685
   149   1742     69    689
   150   1743     59    698
   151   1738     60    702
   152   1746     52    702
   153   1748     56    696
   154   1764     50    686
   155   1757     52    691
   156   1750     59    691
   157   1744     60    696
   158   1736     57    707
   159   1737     57    706
   160   1727     63    710
   161   1730     65    705
   162   1733     60    707
   163   1726     78    696
   164   1735     68    697
   165   1736     57    707
   166   1733     59    708
   167   1732     61    707
   168   1737     64    699
   169   1733     73    694
   170   1732     69    699
   171   1731     65    704
   172   1709     68    723
   173   1715     72    713
   174   1688     92    720
   175   1699     79    722
   176   1697     85    718
   177   1701     78    721
   178   1680     83    737
   179   1680     92    728
   180   1680     85    735
   181   1687     83    730
   182   1685     87    728
   183   1684     82    734
   184   1693     71    736
   185   1705     70    725
   186   1697     83    720
   187   1703     67    730
   188   1709     70    721
   189   1701     81    718
   190   1712     78    710
   191   1722     69    709
   192   1720     69    711
   193   1719     64    717
   194   1737     51    712
   195   1749     52    699
   196   1755     55    690
   197   1743     64    693
   198   1753     56    691
   199   1748     62    690
   200   1744     48    708
   201   1737     47    716
   202   1761     36    703
   203   1762     38    700
   204   1763     44    693
   205   1754     54    692
   206   1751     58    691
   207   1757     43    700
   208   1763     42    695
   209   1754     49    697
   210   1747     55    698
   211   1732     72    696
   212   1739     62    699
   213   1731     72    697
   214   1716     86    698
   215   1708     80    712
   216   1712     64    724
   217   1724     67    709
   218   1721     71    708
   219   1717     72    711
   220   1711     81    708
   221   1709     79    712
   222   1708     74    718
   223   1708     66    726
   224   1734     45    721
   225   1742     50    708
   226   1743     44    713
   227   1762     45    693
   228   1752     55    693
   229   1733     62    705
   230   1742     43    715
   231   1747     54    699
   232   1764     36    700
   233   1764     41    695
   234   1772     40    688
   235   1765     52    683
   236   1757     48    695
   237   1746     56    698
   238   1739     56    705
   239   1736     63    701
   240   1733     63    704
   241   1726     69    705
   242   1748     52    700
   243   1750     49    701
   244   1747     59    694
   245   1749     59    692
   246   1725     82    693
   247   1725     76    699
   248   1720     81    699
   249   1707     76    717
   250   1707     69    724
   251   1697     77    726
   252   1707     75    718
   253   1706     82    712
   254   1703     80    717
   255   1712     66    722
   256   1714     64    722
   257   1711     72    717
   258   1705     82    713
   259   1723     63    714
   260   1727     74    699
   261   1719     76    705
   262   1723     73    704
   263   1722     74    704
   264   1700     83    717
   265   1695     81    724
   266   1702     71    727
   267   1694     82    724
   268   1697     79    724
   269   1683     99    718
   270   1681     90    729
   271   1680     78    742
   272   1675     90    735
   273   1676     98    726
   274   1672    103    725
   275   1666     96    738
   276   1684     98    718
   277   1666     93    741
   278   1678     78    744
   279   1678     83    739
   280   1685     76    739
   281   1698     78    724
   282   1693     90    717
   283   1685     97    718
   284   1684    100    716
   285   1657    108    735
   286   1643    110    747
   287   1641    115    744
   288   1643    120    737
   289   1643    114    743
   290   1643    104    753
   291   1643    103    754
   292   1640    110    750
   293   1646     99    755
   294   1661    103    736
   295   1659     89    752
   296   1672     91    737
   297   1657    104    739
   298   1643    109    748
   299   1663     95    742
   300   1661    101    738
   301   1653    108    739
   302   1660     96    744
   303   1668     96    736
   304   1673     96    731
   305   1662     96    742
   306   1664     93    743
   307   1659    107    734
   308   1670     95    735
   309   1666     95    739
   310   1665    103    732
   311   1669     99    732
   312   1652    101    747
   313   1657     90    753
   314   1667     90    743
   315   1676     81    743
   316   1680     81    739
   317   1702     75    723
   318   1702     83    715
   319   1699     75    726
   320   1700     82    718
   321   1717     71    712
   322   1714     78    708
   323   1702     84    714
   324   1703     82    715
   325   1699     93    708
   326   1690     97    713
   327   1665     96    739
   328   1680     94    726
   329   1680     90    730
   330   1674     96    730
   331   1685     79    736
   332   1689     82    729
   333   1678     98    724
   334   1678     98    724
   335   1678     98    724
   336   1678     98    724
   337   1678     98    724
   338   1678     98    724
   339   1678     98    724
   340   1678     98    724
   341   1678     98    724
   342   1678     98    724
   343   1678     98    724
   344   1678     98    724
   345   1678     98    724
   346   1678     98    724
   347   1678     98    724
   348   1678     98    724
   349   1678     98    724
   350   1678     98    724
   351   1678     98    724
   352   1678     98    724
   353   1678     98    724
   354   1678     98    724
   355   1678     98    724
   356   1678     98    724
   357   1678     98    724
   358   1678     98    724
   359   1678     98    724
   360   1678     98    724
   361   1678     98    724
   362   1678     98    724
   363   1678     98    724
   364   1678     98    724
   365   1678     98    724
   366   1678     98    724
   367   1678     98    724
   368   1678     98    724
   369   1678     98    724
   370   1678     98    724
   371   1678     98    724
   372   1678     98    724
   373   1678     98    724
   374   1678     98    724
   375   1678     98    724
   376   1678     98    724
   377   1678     98    724
   378   1678     98    724
   379   1678     98    724
   380   1678     98    724
   381   1678     98    724
   382   1678     98    724
   383   1678     98    724
   384   1678     98    724
   385   1678     98    724
   386   1678     98    724
   387   1678     98    724
   388   1678     98    724
   389   1678     98    724
   390   1678     98    724
   391   1678     98    724
   392   1678     98    724
   393   1678     98    724
   394   1678     98    724
   395   1678     98    724
   396   1678     98    724
   397   1678     98    724
   398   1678     98    724
   399   1678     98    724
   400   1678     98    724
   401   1678     98    724
   402   1678     98    724
   403   1678     98    724
   404   1678     98    724
   405   1678     98    724
   406   1678     98    724
   407   1678     98    724
   408   1678     98    724
   409   1678     98    724
   410   1678     98    724
   411   1678     98    724
   412   1678     98    724
   413   1678     98    724
   414   1678     98    724
   415   1678     98    724
   416   1678     98    724
   417   1678     98    724
   418   1678     98    724
   419   1678     98    724
   420   1678     98    724
   421   1678     98    724
   422   1678     98    724
   423   1678     98    724
   424   1678     98    724
   425   1678     98    724
   426   1678     98    724
   427   1678     98    724
   428   1678     98    724
   429   1678     98    724
   430   1678     98    724
   431   1678     98    724
   432   1678     98    724
   433   1678     98    724
   434   1678     98    724
   435   1678     98    724
   436   1678     98    724
   437   1678     98    724
   438   1678     98    724
   439   1678     98    724
   440   1678     98    724
   441   1678     98    724
   442   1678     98    724
   443   1678     98    724
   444   1678     98    724
   445   1678     98    724
   446   1678     98    724
   447   1678     98    724
   448   1678     98    724
   449   1678     98    724
   450   1678     98    724
   451   1678     98    724
   452   1678     98    724
   453   1678     98    724
   454   1678     98    724
   455   1678     98    724
   456   1678     98    724
   457   1678     98    724
   458   1678     98    724
   459   1678     98    724
   460   1678     98    724
   461   1678     98    724
   462   1678     98    724
   463   1678     98    724
   464   1678     98    724
   465   1678     98    724
   466   1678     98    724
   467   1678     98    724
   468   1678     98    724
   469   1678     98    724
   470   1678     98    724
   471   1678     98    724
   472   1678     98    724
   473   1678     98    724
   474   1678     98    724
   475   1678     98    724
   476   1678     98    724
   477   1678     98    724
   478   1678     98    724
   479   1678     98    724
   480   1678     98    724
   481   1678     98    724
   482   1678     98    724
   483   1678     98    724
   484   1678     98    724
   485   1678     98    724
   486   1678     98    724
   487   1678     98    724
   488   1678     98    724
   489   1678     98    724
   490   1678     98    724
   491   1678     98    724
   492   1678     98    724
   493   1678     98    724
   494   1678     98    724
   495   1678     98    724
   496   1678     98    724
   497   1678     98    724
   498   1678     98    724
   499   1678     98    724
   500   1678     98    724
   501   1678     98    724
   502   1678     98    724
   503   1678     98    724
   504   1678     98    724
   505   1678     98    724
   506   1678     98    724
   507   1678     98    724
   508   1678     98    724
   509   1678     98    724
   510   1678     98    724
   511   1678     98    724
   512   1678     98    724
   513   1678     98    724
   514   1678     98    724
   515   1678     98    724
   516   1678     98    724
   517   1678     98    724
   518   1678     98    724
   519   1678     98    724
   520   1678     98    724
   521   1678     98    724
   522   1678     98    724
   523   1678     98    724
   524   1678     98    724
   525   1678     98    724
   526   1678     98    724
   527   1678     98    724
   528   1678     98    724
   529   1678     98    724
   530   1678     98    724
   531   1678     98    724
   532   1678     98    724
   533   1678     98    724
   534   1678     98    724
   535   1678     98    724
   536   1678     98    724
   537   1678     98    724
   538   1678     98    724
   539   1678     98    724
   540   1678     98    724
   541   1678     98    724
   542   1678     98    724
   543   1678     98    724
   544   1678     98    724
   545   1678     98    724
   546   1678     98    724
   547   1678     98    724
   548   1678     98    724
   549   1678     98    724
   550   1678     98    724
   551   1678     98    724
   552   1678     98    724
   553   1678     98    724
   554   1678     98    724
   555   1678     98    724
   556   1678     98    724
   557   1678     98    724
   558   1678     98    724
   559   1678     98    724
   560   1678     98    724
   561   1678     98    724
   562   1678     98    724
   563   1678     98    724
   564   1678     98    724
   565   1678     98    724
   566   1678     98    724
   567   1678     98    724
   568   1678     98    724
   569   1678     98    724
   570   1678     98    724
   571   1678     98    724
   572   1678     98    724
   573   1678     98    724
   574   1678     98    724
   575   1678     98    724
   576   1678     98    724
   577   1678     98    724
   578   1678     98    724
   579   1678     98    724
   580   1678     98    724
   581   1678     98    724
   582   1678     98    724
   583   1678     98    724
   584   1678     98    724
   585   1678     98    724
   586   1678     98    724
   587   1678     98    724
   588   1678     98    724
   589   1678     98    724
   590   1678     98    724
   591   1678     98    724
   592   1678     98    724
   593   1678     98    724
   594   1678     98    724
   595   1678     98    724
   596   1678     98    724
   597   1678     98    724
   598   1678     98    724
   599   1678     98    724
   600   1678     98    724
   601   1678     98    724
   602   1678     98    724
   603   1678     98    724
   604   1678     98    724
   605   1678     98    724
   606   1678     98    724
   607   1678     98    724
   608   1678     98    724
   609   1678     98    724
   610   1678     98    724
   611   1678     98    724
   612   1678     98    724
   613   1678     98    724
   614   1678     98    724
   615   1678     98    724
   616   1678     98    724
   617   1678     98    724
   618   1678     98    724
   619   1678     98    724
   620   1678     98    724
   621   1678     98    724
   622   1678     98    724
   623   1678     98    724
   624   1678     98    724
   625   1678     98    724
   626   1678     98    724
   627   1678     98    724
   628   1678     98    724
   629   1678     98    724
   630   1678     98    724
   631   1678     98    724
   632   1678     98    724
   633   1678     98    724
   634   1678     98    724
   635   1678     98    724
   636   1678     98    724
   637   1678     98    724
   638   1678     98    724
   639   1678     98    724
   640   1678     98    724
   641   1678     98    724
   642   1678     98    724
   643   1678     98    724
   644   1678     98    724
   645   1678     98    724
   646   1678     98    724
   647   1678     98    724
   648   1678     98    724
   649   1678     98    724
   650   1678     98    724
   651   1678     98    724
   652   1678     98    724
   653   1678     98    724
   654   1678     98    724
   655   1678     98    724
   656   1678     98    724
   657   1678     98    724
   658   1678     98    724
   659   1678     98    724
   660   1678     98    724
   661   1678     98    724
   662   1678     98    724
   663   1678     98    724
   664   1678     98    724
   665   1678     98    724
   666   1678     98    724
   667   1678     98    724
   668   1678     98    724
   669   1678     98    724
   670   1678     98    724
   671   1678     98    724
   672   1678     98    724
   673   1678     98    724
   674   1678     98    724
   675   1678     98    724
   676   1678     98    724
   677   1678     98    724
   678   1678     98    724
   679   1678     98    724
   680   1678     98    724
   681   1678     98    724
   682   1678     98    724
   683   1678     98    724
   684   1678     98    724
   685   1678     98    724
   686   1678     98    724
   687   1678     98    724
   688   1678     98    724
   689   1678     98    724
   690   1678     98    724
   691   1678     98    724
   692   1678     98    724
   693   1678     98    724
   694   1678     98    724
   695   1678     98    724
   696   1678     98    724
   697   1678     98    724
   698   1678     98    724
   699   1678     98    724
   700   1678     98    724
   701   1678     98    724
   702   1678     98    724
   703   1678     98    724
   704   1678     98    724
   705   1678     98    724
   706   1678     98    724
   707   1678     98    724
   708   1678     98    724
   709   1678     98    724
   710   1678     98    724
   711   1678     98    724
   712   1678     98    724
   713   1678     98    724
   714   1678     98    724
   715   1678     98    724
   716   1678     98    724
   717   1678     98    724
   718   1678     98    724
   719   1678     98    724
   720   1678     98    724
   721   1678     98    724
   722   1678     98    724
   723   1678     98    724
   724   1678     98    724
   725   1678     98    724
   726   1678     98    724
   727   1678     98    724
   728   1678     98    724
   729   1678     98    724
   730   1678     98    724
   731   1678     98    724
   732   1678     98    724
   733   1678     98    724
   734   1678     98    724
   735   1678     98    724
   736   1678     98    724
   737   1678     98    724
   738   1678     98    724
   739   1678     98    724
   740   1678     98    724
   741   1678     98    724
   742   1678     98    724
   743   1678     98    724
   744   1678     98    724
   745   1678     98    724
   746   1678     98    724
   747   1678     98    724
   748   1678     98    724
   749   1678     98    724
   750   1678     98    724
   751   1678     98    724
   752   1678     98    724
   753   1678     98    724
   754   1678     98    724
   755   1678     98    724
   756   1678     98    724
   757   1678     98    724
   758   1678     98    724
   759   1678     98    724
   760   1678     98    724
   761   1678     98    724
   762   1678     98    724
   763   1678     98    724
   764   1678     98    724
   765   1678     98    724
   766   1678     98    724
   767   1678     98    724
   768   1678     98    724
   769   1678     98    724
   770   1678     98    724
   771   1678     98    724
   772   1678     98    724
   773   1678     98    724
   774   1678     98    724
   775   1678     98    724
   776   1678     98    724
   777   1678     98    724
   778   1678     98    724
   779   1678     98    724
   780   1678     98    724
   781   1678     98    724
   782   1678     98    724
   783   1678     98    724
   784   1678     98    724
   785   1678     98    724
   786   1678     98    724
   787   1678     98    724
   788   1678     98    724
   789   1678     98    724
   790   1678     98    724
   791   1678     98    724
   792   1678     98    724
   793   1678     98    724
   794   1678     98    724
   795   1678     98    724
   796   1678     98    724
   797   1678     98    724
   798   1678     98    724
   799   1678     98    724
   800   1678     98    724
   801   1678     98    724
   802   1678     98    724
   803   1678     98    724
   804   1678     98    724
   805   1678     98    724
   806   1678     98    724
   807   1678     98    724
   808   1678     98    724
   809   1678     98    724
   810   1678     98    724
   811   1678     98    724
   812   1678     98    724
   813   1678     98    724
   814   1678     98    724
   815   1678     98    724
   816   1678     98    724
   817   1678     98    724
   818   1678     98    724
   819   1678     98    724
   820   1678     98    724
   821   1678     98    724
   822   1678     98    724
   823   1678     98    724
   824   1678     98    724
   825   1678     98    724
   826   1678     98    724
   827   1678     98    724
   828   1678     98    724
   829   1678     98    724
   830   1678     98    724
   831   1678     98    724
   832   1678     98    724
   833   1678     98    724
   834   1678     98    724
   835   1678     98    724
   836   1678     98    724
   837   1678     98    724
   838   1678     98    724
   839   1678     98    724
   840   1678     98    724
   841   1678     98    724
   842   1678     98    724
   843   1678     98    724
   844   1678     98    724
   845   1678     98    724
   846   1678     98    724
   847   1678     98    724
   848   1678     98    724
   849   1678     98    724
   850   1678     98    724
   851   1678     98    724
   852   1678     98    724
   853   1678     98    724
   854   1678     98    724
   855   1678     98    724
   856   1678     98    724
   857   1678     98    724
   858   1678     98    724
   859   1678     98    724
   860   1678     98    724
   861   1678     98    724
   862   1678     98    724
   863   1678     98    724
   864   1678     98    724
   865   1678     98    724
   866   1678     98    724
   867   1678     98    724
   868   1678     98    724
   869   1678     98    724
   870   1678     98    724
   871   1678     98    724
   872   1678     98    724
   873   1678     98    724
   874   1678     98    724
   875   1678     98    724
   876   1678     98    724
   877   1678     98    724
   878   1678     98    724
   879   1678     98    724
   880   1678     98    724
   881   1678     98    724
   882   1678     98    724
   883   1678     98    724
   884   1678     98    724
   885   1678     98    724
   886   1678     98    724
   887   1678     98    724
   888   1678     98    724
   889   1678     98    724
   890   1678     98    724
   891   1678     98    724
   892   1678     98    724
   893   1678     98    724
   894   1678     98    724
   895   1678     98    724
   896   1678     98    724
   897   1678     98    724
   898   1678     98    724
   899   1678     98    724
   900   1678     98    724
   901   1678     98    724
   902   1678     98    724
   903   1678     98    724
   904   1678     98    724
   905   1678     98    724
   906   1678     98    724
   907   1678     98    724
   908   1678     98    724
   909   1678     98    724
   910   1678     98    724
   911   1678     98    724
   912   1678     98    724
   913   1678     98    724
   914   1678     98    724
   915   1678     98    724
   916   1678     98    724
   917   1678     98    724
   918   1678     98    724
   919   1678     98    724
   920   1678     98    724
   921   1678     98    724
   922   1678     98    724
   923   1678     98    724
   924   1678     98    724
   925   1678     98    724
   926   1678     98    724
   927   1678     98    724
   928   1678     98    724
   929   1678     98    724
   930   1678     98    724
   931   1678     98    724
   932   1678     98    724
   933   1678     98    724
   934   1678     98    724
   935   1678     98    724
   936   1678     98    724
   937   1678     98    724
   938   1678     98    724
   939   1678     98    724
   940   1678     98    724
   941   1678     98    724
   942   1678     98    724
   943   1678     98    724
   944   1678     98    724
   945   1678     98    724
   946   1678     98    724
   947   1678     98    724
   948   1678     98    724
   949   1678     98    724
   950   1678     98    724
   951   1678     98    724
   952   1678     98    724
   953   1678     98    724
   954   1678     98    724
   955   1678     98    724
   956   1678     98    724
   957   1678     98    724
   958   1678     98    724
   959   1678     98    724
   960   1678     98    724
   961   1678     98    724
   962   1678     98    724
   963   1678     98    724
   964   1678     98    724
   965   1678     98    724
   966   1678     98    724
   967   1678     98    724
   968   1678     98    724
   969   1678     98    724
   970   1678     98    724
   971   1678     98    724
   972   1678     98    724
   973   1678     98    724
   974   1678     98    724
   975   1678     98    724
   976   1678     98    724
   977   1678     98    724
   978   1678     98    724
   979   1678     98    724
   980   1678     98    724
   981   1678     98    724
   982   1678     98    724
   983   1678     98    724
   984   1678     98    724
   985   1678     98    724
   986   1678     98    724
   987   1678     98    724
   988   1678     98    724
   989   1678     98    724
   990   1678     98    724
   991   1678     98    724
   992   1678     98    724
   993   1678     98    724
   994   1678     98    724
   995   1678     98    724
   996   1678     98    724
   997   1678     98    724
   998   1678     98    724
   999   1678     98    724
  1000   1678     98    724
