# time (sweeps) | Susceptible | Infected | Recovered
     0   1297    477    726
     1   1322    471    707
     2   1308    490    702
     3   1282    522    696
     4   1216    531    753
     5   1219    521    760
     6   1252    510    738
     7   1231    528    741
     8   1213    536    751
     9   1221    538    741
    10   1231    512    757
    11   1283    488    729
    12   1291    476    733
    13   1239    556    705
    14   1252    525    723
    15   1260    517    723
    16   1245    520    735
    17   1240    505    755
    18   1212    490    798
    19   1237    495    768
    20   1228    517    755
    21   1232    493    775
    22   1262    470    768
    23   1309    453    738
    24   1311    469    720
    25   1340    455    705
    26   1337    457    706
    27   1383    438    679
    28   1371    452    677
    29   1327    478    695
    30   1262    515    723
    31   1282    514    704
    32   1296    473    731
    33   1285    477    738
    34   1285    492    723
    35   1291    478    731
    36   1322    467    711
    37   1320    468    712
    38   1284    498    718
    39   1325    456    719
    40   1324    469    707
    41   1295    492    713
    42   1302    481    717
    43   1311    492    697
    44   1307    487    706
    45   1276    499    725
    46   1235    537    728
    47   1222    514    764
    48   1251    518    731
    49   1250    489    761
    50   1282    493    725
    51   1268    474    758
    52   1274    486    740
    53   1273    511    716
    54   1265    497    738
    55   1269    486    745
    56   1283    479    738
    57   1285    497    718
    58   1264    508    728
    59   1296    491    713
    60   1281    468    751
    61   1319    458    723
    62   1315    465    720
    63   1263    507    730
    64   1247    503    750
    65   1267    474    759
    66   1300    451    749
    67   1316    443    741
    68   1321    475    704
    69   1326    475    699
    70   1320    457    723
    71   1291    498    711
    72   1272    514    714
    73   1252    499    749
    74   1291    486    723
    75   1292    493    715
    76   1299    491    710
    77   1308    512    680
    78   1282    532    686
    79   1269    507    724
    80   1270    495    735
    81   1287    500    713
    82   1278    489    733
    83   1299    487    714
    84   1312    458    730
    85   1310    462    728
    86   1311    469    720
    87   1294    489    717
    88   1300    470    730
    89   1311    469    720
    90   1276    495    729
    91   1275    455    770
    92   1298    457    745
    93   1313    473    714
    94   1271    504    725
    95   1298    487    715
    96   1290    498    712
    97   1282    514    704
    98   1229    519    752
    99   1246    488    766
   100   1258    460    782
   101   1309    428    763
   102   1328    427    745
   103   1336    466    698
   104   1288    486    726
   105   1310    468    722
   106   1351    447    702
   107   1365    428    707
   108   1331    488    681
   109   1328    459    713
   110   1321    466    713
   111   1284    500    716
   112   1272    502    726
   113   1265    475    760
   114   1282    481    737
   115   1308    452    740
   116   1323    424    753
   117   1313    439    748
   118   1355    423    722
   119   1391    416    693
   120   1392    396    712
   121   1395    426    679
   122   1384    449    667
   123   1329    491    680
   124   1283    495    722
   125   1295    506    699
   126   1283    519    698
   127   1292    480    728
   128   1314    452    734
   129   1314    478    708
   130   1332    492    676
   131   1314    470    716
   132   1267    503    730
   133   1255    515    730
   134   1243    516    741
   135   1240    502    758
   136   1267    482    751
   137   1264    500    736
   138   1256    501    743
   139   1250    501    749
   140   1276    487    737
   141   1294    481    725
   142   1287    467    746
   143   1305    459    736
   144   1313    476    711
   145   1285    491    724
   146   1290    493    717
   147   1250    518    732
   148   1291    496    713
   149   1293    503    704
   150   1278    509    713
   151   1268    510    722
   152   1284    480    736
   153   1269    478    753
   154   1280    485    735
   155   1290    503    707
   156   1263    522    715
   157   1253    539    708
   158   1217    544    739
   159   1236    521    743
   160   1228    529    743
   161   1213    530    757
   162   1195    548    757
   163   1178    566    756
   164   1209    515    776
   165   1234    501    765
   166   1267    472    761
   167   1252    492    756
   168   1244    485    771
   169   1239    516    745
   170   1234    514    752
   171   1211    541    748
   172   1196    535    769
   173   1208    515    777
   174   1234    514    752
   175   1220    536    744
   176   1211    553    736
   177   1185    547    768
   178   1194    515    791
   179   1174    528    798
   180   1199    518    783
   181   1191    509    800
   182   1187    539    774
   183   1205    539    756
   184   1207    555    738
   185   1199    551    750
   186   1230    528    742
   187   1243    507    750
   188   1254    527    719
   189   1219    537    744
   190   1203    542    755
   191   1214    521    765
   192   1224    529    747
   193   1221    532    747
   194   1235    501    764
   195   1225    499    776
   196   1202    530    768
   197   1210    539    751
   198   1228    515    757
   199   1257    485    758
   200   1268    447    785
   201   1292    487    721
   202   1296    501    703
   203   1245    528    727
   204   1274    483    743
   205   1291    493    716
   206   1282    487    731
   207   1272    500    728
   208   1293    459    748
   209   1296    470    734
   210   1294    499    707
   211   1321    497    682
   212   1267    494    739
   213   1283    441    776
   214   1287    459    754
   215   1312    436    752
   216   1321    453    726
   217   1365    419    716
   218   1373    418    709
   219   1378    437    685
   220   1376    433    691
   221   1384    450    666
   222   1365    454    681
   223   1362    458    680
   224   1333    474    693
   225   1319    501    680
   226   1287    508    705
   227   1287    489    724
   228   1282    476    742
   229   1289    490    721
   230   1270    491    739
   231   1240    511    749
   232   1263    506    731
   233   1236    524    740
   234   1257    482    761
   235   1287    490    723
   236   1301    463    736
   237   1317    460    723
   238   1293    478    729
   239   1283    486    731
   240   1291    483    726
   241   1305    476    719
   242   1339    427    734
   243   1374    423    703
   244   1371    436    693
   245   1356    482    662
   246   1345    485    670
   247   1285    480    735
   248   1299    474    727
   249   1269    489    742
   250   1273    509    718
   251   1248    485    767
   252   1258    487    755
   253   1288    484    728
   254   1283    455    762
   255   1328    441    731
   256   1353    446    701
   257   1347    455    698
   258   1348    485    667
   259   1287    503    710
   260   1339    474    687
   261   1298    491    711
   262   1292    509    699
   263   1285    528    687
   264   1272    495    733
   265   1273    493    734
   266   1269    484    747
   267   1244    520    736
   268   1270    530    700
   269   1251    523    726
   270   1245    517    738
   271   1253    515    732
   272   1271    486    743
   273   1284    451    765
   274   1303    456    741
   275   1294    468    738
   276   1299    486    715
   277   1273    499    728
   278   1271    510    719
   279   1272    475    753
   280   1276    491    733
   281   1267    493    740
   282   1288    486    726
   283   1294    468    738
   284   1287    474    739
   285   1302    454    744
   286   1335    457    708
   287   1301    485    714
   288   1308    455    737
   289   1314    453    733
   290   1318    447    735
   291   1317    455    728
   292   1330    453    717
   293   1358    419    723
   294   1372    415    713
   295   1385    425    690
   296   1334    474    692
   297   1331    469    700
   298   1321    474    705
   299   1286    518    696
   300   1249    527    724
   301   1251    501    748
   302   1252    490    758
   303   1240    505    755
   304   1278    465    757
   305   1307    451    742
   306   1337    454    709
   307   1355    461    684
   308   1333    479    688
   309   1311    500    689
   310   1280    483    737
   311   1312    436    752
   312   1335    446    719
   313   1316    451    733
   314   1298    480    722
   315   1291    481    728
   316   1313    465    722
   317   1366    435    699
   318   1347    483    670
   319   1286    496    718
   320   1277    484    739
   321   1277    471    752
   322   1265    478    757
   323   1270    503    727
   324   1264    480    756
   325   1267    508    725
   326   1278    505    717
   327   1235    535    730
   328   1216    564    720
   329   1203    541    756
   330   1239    500    761
   331   1241    506    753
   332   1205    519    776
   333   1231    512    757
   334   1225    514    761
   335   1227    506    767
   336   1244    500    756
   337   1237    499    764
   338   1226    507    767
   339   1244    520    736
   340   1252    501    747
   341   1272    509    719
   342   1248    530    722
   343   1225    523    752
   344   1204    561    735
   345   1173    533    794
   346   1215    486    799
   347   1221    499    780
   348   1216    505    779
   349   1251    475    774
   350   1301    470    729
   351   1284    476    740
   352   1283    472    745
   353   1273    488    739
   354   1252    505    743
   355   1261    488    751
   356   1276    483    741
   357   1281    495    724
   358   1260    517    723
   359   1230    539    731
   360   1228    505    767
   361   1285    507    708
   362   1257    530    713
   363   1229    550    721
   364   1228    505    767
   365   1249    502    749
   366   1275    482    743
   367   1279    485    736
   368   1299    474    727
   369   1306    493    701
   370   1276    510    714
   371   1297    476    727
   372   1290    478    732
   373   1307    463    730
   374   1309    489    702
   375   1311    478    711
   376   1299    457    744
   377   1347    447    706
   378   1337    463    700
   379   1344    470    686
   380   1321    477    702
   381   1318    491    691
   382   1331    467    702
   383   1309    498    693
   384   1300    473    727
   385   1268    489    743
   386   1294    482    724
   387   1292    501    707
   388   1305    475    720
   389   1307    505    688
   390   1282    508    710
   391   1228    534    738
   392   1241    544    715
   393   1199    552    749
   394   1254    489    757
   395   1298    460    742
   396   1286    490    724
   397   1298    471    731
   398   1298    476    726
   399   1302    474    724
   400   1296    490    714
   401   1248    522    730
   402   1206    549    745
   403   1182    543    775
   404   1220    514    766
   405   1235    516    749
   406   1272    497    731
   407   1297    469    734
   408   1276    480    744
   409   1275    507    718
   410   1283    483    734
   411   1263    503    734
   412   1259    497    744
   413   1284    496    720
   414   1262    510    728
   415   1257    532    711
   416   1256    520    724
   417   1266    514    720
   418   1248    497    755
   419   1212    525    763
   420   1211    547    742
   421   1197    553    750
   422   1179    578    743
   423   1170    570    760
   424   1159    564    777
   425   1149    553    798
   426   1159    544    797
   427   1160    551    789
   428   1186    528    786
   429   1208    511    781
   430   1233    492    775
   431   1243    520    737
   432   1254    484    762
   433   1250    512    738
   434   1271    490    739
   435   1293    485    722
   436   1314    495    691
   437   1291    506    703
   438   1290    475    735
   439   1307    467    726
   440   1296    509    695
   441   1262    500    738
   442   1263    517    720
   443   1258    519    723
   444   1232    533    735
   445   1270    519    711
   446   1219    530    751
   447   1236    520    744
   448   1227    511    762
   449   1251    509    740
   450   1247    490    763
   451   1268    489    743
   452   1298    481    721
   453   1309    456    735
   454   1318    464    718
   455   1328    441    731
   456   1334    447    719
   457   1294    497    709
   458   1280    489    731
   459   1324    477    699
   460   1325    489    686
   461   1362    480    658
   462   1345    473    682
   463   1352    450    698
   464   1343    436    721
   465   1359    447    694
   466   1321    482    697
   467   1350    466    684
   468   1361    456    683
   469   1367    458    675
   470   1370    465    665
   471   1368    456    676
   472   1323    460    717
   473   1346    458    696
   474   1346    437    717
   475   1353    453    694
   476   1336    462    702
   477   1351    439    710
   478   1384    421    695
   479   1400    421    679
   480   1421    421    658
   481   1414    424    662
   482   1403    432    665
   483   1395    444    661
   484   1391    445    664
   485   1360    454    686
   486   1362    453    685
   487   1339    461    700
   488   1335    470    695
   489   1298    494    708
   490   1325    447    728
   491   1325    447    728
   492   1325    447    728
   493   1325    447    728
   494   1325    447    728
   495   1325    447    728
   496   1325    447    728
   497   1325    447    728
   498   1325    447    728
   499   1325    447    728
   500   1325    447    728
   501   1325    447    728
   502   1325    447    728
   503   1325    447    728
   504   1325    447    728
   505   1325    447    728
   506   1325    447    728
   507   1325    447    728
   508   1325    447    728
   509   1325    447    728
   510   1325    447    728
   511   1325    447    728
   512   1325    447    728
   513   1325    447    728
   514   1325    447    728
   515   1325    447    728
   516   1325    447    728
   517   1325    447    728
   518   1325    447    728
   519   1325    447    728
   520   1325    447    728
   521   1325    447    728
   522   1325    447    728
   523   1325    447    728
   524   1325    447    728
   525   1325    447    728
   526   1325    447    728
   527   1325    447    728
   528   1325    447    728
   529   1325    447    728
   530   1325    447    728
   531   1325    447    728
   532   1325    447    728
   533   1325    447    728
   534   1325    447    728
   535   1325    447    728
   536   1325    447    728
   537   1325    447    728
   538   1325    447    728
   539   1325    447    728
   540   1325    447    728
   541   1325    447    728
   542   1325    447    728
   543   1325    447    728
   544   1325    447    728
   545   1325    447    728
   546   1325    447    728
   547   1325    447    728
   548   1325    447    728
   549   1325    447    728
   550   1325    447    728
   551   1325    447    728
   552   1325    447    728
   553   1325    447    728
   554   1325    447    728
   555   1325    447    728
   556   1325    447    728
   557   1325    447    728
   558   1325    447    728
   559   1325    447    728
   560   1325    447    728
   561   1325    447    728
   562   1325    447    728
   563   1325    447    728
   564   1325    447    728
   565   1325    447    728
   566   1325    447    728
   567   1325    447    728
   568   1325    447    728
   569   1325    447    728
   570   1325    447    728
   571   1325    447    728
   572   1325    447    728
   573   1325    447    728
   574   1325    447    728
   575   1325    447    728
   576   1325    447    728
   577   1325    447    728
   578   1325    447    728
   579   1325    447    728
   580   1325    447    728
   581   1325    447    728
   582   1325    447    728
   583   1325    447    728
   584   1325    447    728
   585   1325    447    728
   586   1325    447    728
   587   1325    447    728
   588   1325    447    728
   589   1325    447    728
   590   1325    447    728
   591   1325    447    728
   592   1325    447    728
   593   1325    447    728
   594   1325    447    728
   595   1325    447    728
   596   1325    447    728
   597   1325    447    728
   598   1325    447    728
   599   1325    447    728
   600   1325    447    728
   601   1325    447    728
   602   1325    447    728
   603   1325    447    728
   604   1325    447    728
   605   1325    447    728
   606   1325    447    728
   607   1325    447    728
   608   1325    447    728
   609   1325    447    728
   610   1325    447    728
   611   1325    447    728
   612   1325    447    728
   613   1325    447    728
   614   1325    447    728
   615   1325    447    728
   616   1325    447    728
   617   1325    447    728
   618   1325    447    728
   619   1325    447    728
   620   1325    447    728
   621   1325    447    728
   622   1325    447    728
   623   1325    447    728
   624   1325    447    728
   625   1325    447    728
   626   1325    447    728
   627   1325    447    728
   628   1325    447    728
   629   1325    447    728
   630   1325    447    728
   631   1325    447    728
   632   1325    447    728
   633   1325    447    728
   634   1325    447    728
   635   1325    447    728
   636   1325    447    728
   637   1325    447    728
   638   1325    447    728
   639   1325    447    728
   640   1325    447    728
   641   1325    447    728
   642   1325    447    728
   643   1325    447    728
   644   1325    447    728
   645   1325    447    728
   646   1325    447    728
   647   1325    447    728
   648   1325    447    728
   649   1325    447    728
   650   1325    447    728
   651   1325    447    728
   652   1325    447    728
   653   1325    447    728
   654   1325    447    728
   655   1325    447    728
   656   1325    447    728
   657   1325    447    728
   658   1325    447    728
   659   1325    447    728
   660   1325    447    728
   661   1325    447    728
   662   1325    447    728
   663   1325    447    728
   664   1325    447    728
   665   1325    447    728
   666   1325    447    728
   667   1325    447    728
   668   1325    447    728
   669   1325    447    728
   670   1325    447    728
   671   1325    447    728
   672   1325    447    728
   673   1325    447    728
   674   1325    447    728
   675   1325    447    728
   676   1325    447    728
   677   1325    447    728
   678   1325    447    728
   679   1325    447    728
   680   1325    447    728
   681   1325    447    728
   682   1325    447    728
   683   1325    447    728
   684   1325    447    728
   685   1325    447    728
   686   1325    447    728
   687   1325    447    728
   688   1325    447    728
   689   1325    447    728
   690   1325    447    728
   691   1325    447    728
   692   1325    447    728
   693   1325    447    728
   694   1325    447    728
   695   1325    447    728
   696   1325    447    728
   697   1325    447    728
   698   1325    447    728
   699   1325    447    728
   700   1325    447    728
   701   1325    447    728
   702   1325    447    728
   703   1325    447    728
   704   1325    447    728
   705   1325    447    728
   706   1325    447    728
   707   1325    447    728
   708   1325    447    728
   709   1325    447    728
   710   1325    447    728
   711   1325    447    728
   712   1325    447    728
   713   1325    447    728
   714   1325    447    728
   715   1325    447    728
   716   1325    447    728
   717   1325    447    728
   718   1325    447    728
   719   1325    447    728
   720   1325    447    728
   721   1325    447    728
   722   1325    447    728
   723   1325    447    728
   724   1325    447    728
   725   1325    447    728
   726   1325    447    728
   727   1325    447    728
   728   1325    447    728
   729   1325    447    728
   730   1325    447    728
   731   1325    447    728
   732   1325    447    728
   733   1325    447    728
   734   1325    447    728
   735   1325    447    728
   736   1325    447    728
   737   1325    447    728
   738   1325    447    728
   739   1325    447    728
   740   1325    447    728
   741   1325    447    728
   742   1325    447    728
   743   1325    447    728
   744   1325    447    728
   745   1325    447    728
   746   1325    447    728
   747   1325    447    728
   748   1325    447    728
   749   1325    447    728
   750   1325    447    728
   751   1325    447    728
   752   1325    447    728
   753   1325    447    728
   754   1325    447    728
   755   1325    447    728
   756   1325    447    728
   757   1325    447    728
   758   1325    447    728
   759   1325    447    728
   760   1325    447    728
   761   1325    447    728
   762   1325    447    728
   763   1325    447    728
   764   1325    447    728
   765   1325    447    728
   766   1325    447    728
   767   1325    447    728
   768   1325    447    728
   769   1325    447    728
   770   1325    447    728
   771   1325    447    728
   772   1325    447    728
   773   1325    447    728
   774   1325    447    728
   775   1325    447    728
   776   1325    447    728
   777   1325    447    728
   778   1325    447    728
   779   1325    447    728
   780   1325    447    728
   781   1325    447    728
   782   1325    447    728
   783   1325    447    728
   784   1325    447    728
   785   1325    447    728
   786   1325    447    728
   787   1325    447    728
   788   1325    447    728
   789   1325    447    728
   790   1325    447    728
   791   1325    447    728
   792   1325    447    728
   793   1325    447    728
   794   1325    447    728
   795   1325    447    728
   796   1325    447    728
   797   1325    447    728
   798   1325    447    728
   799   1325    447    728
   800   1325    447    728
   801   1325    447    728
   802   1325    447    728
   803   1325    447    728
   804   1325    447    728
   805   1325    447    728
   806   1325    447    728
   807   1325    447    728
   808   1325    447    728
   809   1325    447    728
   810   1325    447    728
   811   1325    447    728
   812   1325    447    728
   813   1325    447    728
   814   1325    447    728
   815   1325    447    728
   816   1325    447    728
   817   1325    447    728
   818   1325    447    728
   819   1325    447    728
   820   1325    447    728
   821   1325    447    728
   822   1325    447    728
   823   1325    447    728
   824   1325    447    728
   825   1325    447    728
   826   1325    447    728
   827   1325    447    728
   828   1325    447    728
   829   1325    447    728
   830   1325    447    728
   831   1325    447    728
   832   1325    447    728
   833   1325    447    728
   834   1325    447    728
   835   1325    447    728
   836   1325    447    728
   837   1325    447    728
   838   1325    447    728
   839   1325    447    728
   840   1325    447    728
   841   1325    447    728
   842   1325    447    728
   843   1325    447    728
   844   1325    447    728
   845   1325    447    728
   846   1325    447    728
   847   1325    447    728
   848   1325    447    728
   849   1325    447    728
   850   1325    447    728
   851   1325    447    728
   852   1325    447    728
   853   1325    447    728
   854   1325    447    728
   855   1325    447    728
   856   1325    447    728
   857   1325    447    728
   858   1325    447    728
   859   1325    447    728
   860   1325    447    728
   861   1325    447    728
   862   1325    447    728
   863   1325    447    728
   864   1325    447    728
   865   1325    447    728
   866   1325    447    728
   867   1325    447    728
   868   1325    447    728
   869   1325    447    728
   870   1325    447    728
   871   1325    447    728
   872   1325    447    728
   873   1325    447    728
   874   1325    447    728
   875   1325    447    728
   876   1325    447    728
   877   1325    447    728
   878   1325    447    728
   879   1325    447    728
   880   1325    447    728
   881   1325    447    728
   882   1325    447    728
   883   1325    447    728
   884   1325    447    728
   885   1325    447    728
   886   1325    447    728
   887   1325    447    728
   888   1325    447    728
   889   1325    447    728
   890   1325    447    728
   891   1325    447    728
   892   1325    447    728
   893   1325    447    728
   894   1325    447    728
   895   1325    447    728
   896   1325    447    728
   897   1325    447    728
   898   1325    447    728
   899   1325    447    728
   900   1325    447    728
   901   1325    447    728
   902   1325    447    728
   903   1325    447    728
   904   1325    447    728
   905   1325    447    728
   906   1325    447    728
   907   1325    447    728
   908   1325    447    728
   909   1325    447    728
   910   1325    447    728
   911   1325    447    728
   912   1325    447    728
   913   1325    447    728
   914   1325    447    728
   915   1325    447    728
   916   1325    447    728
   917   1325    447    728
   918   1325    447    728
   919   1325    447    728
   920   1325    447    728
   921   1325    447    728
   922   1325    447    728
   923   1325    447    728
   924   1325    447    728
   925   1325    447    728
   926   1325    447    728
   927   1325    447    728
   928   1325    447    728
   929   1325    447    728
   930   1325    447    728
   931   1325    447    728
   932   1325    447    728
   933   1325    447    728
   934   1325    447    728
   935   1325    447    728
   936   1325    447    728
   937   1325    447    728
   938   1325    447    728
   939   1325    447    728
   940   1325    447    728
   941   1325    447    728
   942   1325    447    728
   943   1325    447    728
   944   1325    447    728
   945   1325    447    728
   946   1325    447    728
   947   1325    447    728
   948   1325    447    728
   949   1325    447    728
   950   1325    447    728
   951   1325    447    728
   952   1325    447    728
   953   1325    447    728
   954   1325    447    728
   955   1325    447    728
   956   1325    447    728
   957   1325    447    728
   958   1325    447    728
   959   1325    447    728
   960   1325    447    728
   961   1325    447    728
   962   1325    447    728
   963   1325    447    728
   964   1325    447    728
   965   1325    447    728
   966   1325    447    728
   967   1325    447    728
   968   1325    447    728
   969   1325    447    728
   970   1325    447    728
   971   1325    447    728
   972   1325    447    728
   973   1325    447    728
   974   1325    447    728
   975   1325    447    728
   976   1325    447    728
   977   1325    447    728
   978   1325    447    728
   979   1325    447    728
   980   1325    447    728
   981   1325    447    728
   982   1325    447    728
   983   1325    447    728
   984   1325    447    728
   985   1325    447    728
   986   1325    447    728
   987   1325    447    728
   988   1325    447    728
   989   1325    447    728
   990   1325    447    728
   991   1325    447    728
   992   1325    447    728
   993   1325    447    728
   994   1325    447    728
   995   1325    447    728
   996   1325    447    728
   997   1325    447    728
   998   1325    447    728
   999   1325    447    728
  1000   1325    447    728
