# time (sweeps) | Susceptible | Infected | Recovered
     0    881      0   1619
     1    881      0   1619
     2    881      0   1619
     3    881      0   1619
     4    881      0   1619
     5    881      0   1619
     6    881      0   1619
     7    881      0   1619
     8    881      0   1619
     9    881      0   1619
    10    881      0   1619
    11    881      0   1619
    12    881      0   1619
    13    881      0   1619
    14    881      0   1619
    15    881      0   1619
    16    881      0   1619
    17    881      0   1619
    18    881      0   1619
    19    881      0   1619
    20    881      0   1619
    21    881      0   1619
    22    881      0   1619
    23    881      0   1619
    24    881      0   1619
    25    881      0   1619
    26    881      0   1619
    27    881      0   1619
    28    881      0   1619
    29    881      0   1619
    30    881      0   1619
    31    881      0   1619
    32    881      0   1619
    33    881      0   1619
    34    881      0   1619
    35    881      0   1619
    36    881      0   1619
    37    881      0   1619
    38    881      0   1619
    39    881      0   1619
    40    881      0   1619
    41    881      0   1619
    42    881      0   1619
    43    881      0   1619
    44    881      0   1619
    45    881      0   1619
    46    881      0   1619
    47    881      0   1619
    48    881      0   1619
    49    881      0   1619
    50    881      0   1619
    51    881      0   1619
    52    881      0   1619
    53    881      0   1619
    54    881      0   1619
    55    881      0   1619
    56    881      0   1619
    57    881      0   1619
    58    881      0   1619
    59    881      0   1619
    60    881      0   1619
    61    881      0   1619
    62    881      0   1619
    63    881      0   1619
    64    881      0   1619
    65    881      0   1619
    66    881      0   1619
    67    881      0   1619
    68    881      0   1619
    69    881      0   1619
    70    881      0   1619
    71    881      0   1619
    72    881      0   1619
    73    881      0   1619
    74    881      0   1619
    75    881      0   1619
    76    881      0   1619
    77    881      0   1619
    78    881      0   1619
    79    881      0   1619
    80    881      0   1619
    81    881      0   1619
    82    881      0   1619
    83    881      0   1619
    84    881      0   1619
    85    881      0   1619
    86    881      0   1619
    87    881      0   1619
    88    881      0   1619
    89    881      0   1619
    90    881      0   1619
    91    881      0   1619
    92    881      0   1619
    93    881      0   1619
    94    881      0   1619
    95    881      0   1619
    96    881      0   1619
    97    881      0   1619
    98    881      0   1619
    99    881      0   1619
   100    881      0   1619
   101    881      0   1619
   102    881      0   1619
   103    881      0   1619
   104    881      0   1619
   105    881      0   1619
   106    881      0   1619
   107    881      0   1619
   108    881      0   1619
   109    881      0   1619
   110    881      0   1619
   111    881      0   1619
   112    881      0   1619
   113    881      0   1619
   114    881      0   1619
   115    881      0   1619
   116    881      0   1619
   117    881      0   1619
   118    881      0   1619
   119    881      0   1619
   120    881      0   1619
   121    881      0   1619
   122    881      0   1619
   123    881      0   1619
   124    881      0   1619
   125    881      0   1619
   126    881      0   1619
   127    881      0   1619
   128    881      0   1619
   129    881      0   1619
   130    881      0   1619
   131    881      0   1619
   132    881      0   1619
   133    881      0   1619
   134    881      0   1619
   135    881      0   1619
   136    881      0   1619
   137    881      0   1619
   138    881      0   1619
   139    881      0   1619
   140    881      0   1619
   141    881      0   1619
   142    881      0   1619
   143    881      0   1619
   144    881      0   1619
   145    881      0   1619
   146    881      0   1619
   147    881      0   1619
   148    881      0   1619
   149    881      0   1619
   150    881      0   1619
   151    881      0   1619
   152    881      0   1619
   153    881      0   1619
   154    881      0   1619
   155    881      0   1619
   156    881      0   1619
   157    881      0   1619
   158    881      0   1619
   159    881      0   1619
   160    881      0   1619
   161    881      0   1619
   162    881      0   1619
   163    881      0   1619
   164    881      0   1619
   165    881      0   1619
   166    881      0   1619
   167    881      0   1619
   168    881      0   1619
   169    881      0   1619
   170    881      0   1619
   171    881      0   1619
   172    881      0   1619
   173    881      0   1619
   174    881      0   1619
   175    881      0   1619
   176    881      0   1619
   177    881      0   1619
   178    881      0   1619
   179    881      0   1619
   180    881      0   1619
   181    881      0   1619
   182    881      0   1619
   183    881      0   1619
   184    881      0   1619
   185    881      0   1619
   186    881      0   1619
   187    881      0   1619
   188    881      0   1619
   189    881      0   1619
   190    881      0   1619
   191    881      0   1619
   192    881      0   1619
   193    881      0   1619
   194    881      0   1619
   195    881      0   1619
   196    881      0   1619
   197    881      0   1619
   198    881      0   1619
   199    881      0   1619
   200    881      0   1619
   201    881      0   1619
   202    881      0   1619
   203    881      0   1619
   204    881      0   1619
   205    881      0   1619
   206    881      0   1619
   207    881      0   1619
   208    881      0   1619
   209    881      0   1619
   210    881      0   1619
   211    881      0   1619
   212    881      0   1619
   213    881      0   1619
   214    881      0   1619
   215    881      0   1619
   216    881      0   1619
   217    881      0   1619
   218    881      0   1619
   219    881      0   1619
   220    881      0   1619
   221    881      0   1619
   222    881      0   1619
   223    881      0   1619
   224    881      0   1619
   225    881      0   1619
   226    881      0   1619
   227    881      0   1619
   228    881      0   1619
   229    881      0   1619
   230    881      0   1619
   231    881      0   1619
   232    881      0   1619
   233    881      0   1619
   234    881      0   1619
   235    881      0   1619
   236    881      0   1619
   237    881      0   1619
   238    881      0   1619
   239    881      0   1619
   240    881      0   1619
   241    881      0   1619
   242    881      0   1619
   243    881      0   1619
   244    881      0   1619
   245    881      0   1619
   246    881      0   1619
   247    881      0   1619
   248    881      0   1619
   249    881      0   1619
   250    881      0   1619
   251    881      0   1619
   252    881      0   1619
   253    881      0   1619
   254    881      0   1619
   255    881      0   1619
   256    881      0   1619
   257    881      0   1619
   258    881      0   1619
   259    881      0   1619
   260    881      0   1619
   261    881      0   1619
   262    881      0   1619
   263    881      0   1619
   264    881      0   1619
   265    881      0   1619
   266    881      0   1619
   267    881      0   1619
   268    881      0   1619
   269    881      0   1619
   270    881      0   1619
   271    881      0   1619
   272    881      0   1619
   273    881      0   1619
   274    881      0   1619
   275    881      0   1619
   276    881      0   1619
   277    881      0   1619
   278    881      0   1619
   279    881      0   1619
   280    881      0   1619
   281    881      0   1619
   282    881      0   1619
   283    881      0   1619
   284    881      0   1619
   285    881      0   1619
   286    881      0   1619
   287    881      0   1619
   288    881      0   1619
   289    881      0   1619
   290    881      0   1619
   291    881      0   1619
   292    881      0   1619
   293    881      0   1619
   294    881      0   1619
   295    881      0   1619
   296    881      0   1619
   297    881      0   1619
   298    881      0   1619
   299    881      0   1619
   300    881      0   1619
   301    881      0   1619
   302    881      0   1619
   303    881      0   1619
   304    881      0   1619
   305    881      0   1619
   306    881      0   1619
   307    881      0   1619
   308    881      0   1619
   309    881      0   1619
   310    881      0   1619
   311    881      0   1619
   312    881      0   1619
   313    881      0   1619
   314    881      0   1619
   315    881      0   1619
   316    881      0   1619
   317    881      0   1619
   318    881      0   1619
   319    881      0   1619
   320    881      0   1619
   321    881      0   1619
   322    881      0   1619
   323    881      0   1619
   324    881      0   1619
   325    881      0   1619
   326    881      0   1619
   327    881      0   1619
   328    881      0   1619
   329    881      0   1619
   330    881      0   1619
   331    881      0   1619
   332    881      0   1619
   333    881      0   1619
   334    881      0   1619
   335    881      0   1619
   336    881      0   1619
   337    881      0   1619
   338    881      0   1619
   339    881      0   1619
   340    881      0   1619
   341    881      0   1619
   342    881      0   1619
   343    881      0   1619
   344    881      0   1619
   345    881      0   1619
   346    881      0   1619
   347    881      0   1619
   348    881      0   1619
   349    881      0   1619
   350    881      0   1619
   351    881      0   1619
   352    881      0   1619
   353    881      0   1619
   354    881      0   1619
   355    881      0   1619
   356    881      0   1619
   357    881      0   1619
   358    881      0   1619
   359    881      0   1619
   360    881      0   1619
   361    881      0   1619
   362    881      0   1619
   363    881      0   1619
   364    881      0   1619
   365    881      0   1619
   366    881      0   1619
   367    881      0   1619
   368    881      0   1619
   369    881      0   1619
   370    881      0   1619
   371    881      0   1619
   372    881      0   1619
   373    881      0   1619
   374    881      0   1619
   375    881      0   1619
   376    881      0   1619
   377    881      0   1619
   378    881      0   1619
   379    881      0   1619
   380    881      0   1619
   381    881      0   1619
   382    881      0   1619
   383    881      0   1619
   384    881      0   1619
   385    881      0   1619
   386    881      0   1619
   387    881      0   1619
   388    881      0   1619
   389    881      0   1619
   390    881      0   1619
   391    881      0   1619
   392    881      0   1619
   393    881      0   1619
   394    881      0   1619
   395    881      0   1619
   396    881      0   1619
   397    881      0   1619
   398    881      0   1619
   399    881      0   1619
   400    881      0   1619
   401    881      0   1619
   402    881      0   1619
   403    881      0   1619
   404    881      0   1619
   405    881      0   1619
   406    881      0   1619
   407    881      0   1619
   408    881      0   1619
   409    881      0   1619
   410    881      0   1619
   411    881      0   1619
   412    881      0   1619
   413    881      0   1619
   414    881      0   1619
   415    881      0   1619
   416    881      0   1619
   417    881      0   1619
   418    881      0   1619
   419    881      0   1619
   420    881      0   1619
   421    881      0   1619
   422    881      0   1619
   423    881      0   1619
   424    881      0   1619
   425    881      0   1619
   426    881      0   1619
   427    881      0   1619
   428    881      0   1619
   429    881      0   1619
   430    881      0   1619
   431    881      0   1619
   432    881      0   1619
   433    881      0   1619
   434    881      0   1619
   435    881      0   1619
   436    881      0   1619
   437    881      0   1619
   438    881      0   1619
   439    881      0   1619
   440    881      0   1619
   441    881      0   1619
   442    881      0   1619
   443    881      0   1619
   444    881      0   1619
   445    881      0   1619
   446    881      0   1619
   447    881      0   1619
   448    881      0   1619
   449    881      0   1619
   450    881      0   1619
   451    881      0   1619
   452    881      0   1619
   453    881      0   1619
   454    881      0   1619
   455    881      0   1619
   456    881      0   1619
   457    881      0   1619
   458    881      0   1619
   459    881      0   1619
   460    881      0   1619
   461    881      0   1619
   462    881      0   1619
   463    881      0   1619
   464    881      0   1619
   465    881      0   1619
   466    881      0   1619
   467    881      0   1619
   468    881      0   1619
   469    881      0   1619
   470    881      0   1619
   471    881      0   1619
   472    881      0   1619
   473    881      0   1619
   474    881      0   1619
   475    881      0   1619
   476    881      0   1619
   477    881      0   1619
   478    881      0   1619
   479    881      0   1619
   480    881      0   1619
   481    881      0   1619
   482    881      0   1619
   483    881      0   1619
   484    881      0   1619
   485    881      0   1619
   486    881      0   1619
   487    881      0   1619
   488    881      0   1619
   489    881      0   1619
   490    881      0   1619
   491    881      0   1619
   492    881      0   1619
   493    881      0   1619
   494    881      0   1619
   495    881      0   1619
   496    881      0   1619
   497    881      0   1619
   498    881      0   1619
   499    881      0   1619
   500    881      0   1619
   501    881      0   1619
   502    881      0   1619
   503    881      0   1619
   504    881      0   1619
   505    881      0   1619
   506    881      0   1619
   507    881      0   1619
   508    881      0   1619
   509    881      0   1619
   510    881      0   1619
   511    881      0   1619
   512    881      0   1619
   513    881      0   1619
   514    881      0   1619
   515    881      0   1619
   516    881      0   1619
   517    881      0   1619
   518    881      0   1619
   519    881      0   1619
   520    881      0   1619
   521    881      0   1619
   522    881      0   1619
   523    881      0   1619
   524    881      0   1619
   525    881      0   1619
   526    881      0   1619
   527    881      0   1619
   528    881      0   1619
   529    881      0   1619
   530    881      0   1619
   531    881      0   1619
   532    881      0   1619
   533    881      0   1619
   534    881      0   1619
   535    881      0   1619
   536    881      0   1619
   537    881      0   1619
   538    881      0   1619
   539    881      0   1619
   540    881      0   1619
   541    881      0   1619
   542    881      0   1619
   543    881      0   1619
   544    881      0   1619
   545    881      0   1619
   546    881      0   1619
   547    881      0   1619
   548    881      0   1619
   549    881      0   1619
   550    881      0   1619
   551    881      0   1619
   552    881      0   1619
   553    881      0   1619
   554    881      0   1619
   555    881      0   1619
   556    881      0   1619
   557    881      0   1619
   558    881      0   1619
   559    881      0   1619
   560    881      0   1619
   561    881      0   1619
   562    881      0   1619
   563    881      0   1619
   564    881      0   1619
   565    881      0   1619
   566    881      0   1619
   567    881      0   1619
   568    881      0   1619
   569    881      0   1619
   570    881      0   1619
   571    881      0   1619
   572    881      0   1619
   573    881      0   1619
   574    881      0   1619
   575    881      0   1619
   576    881      0   1619
   577    881      0   1619
   578    881      0   1619
   579    881      0   1619
   580    881      0   1619
   581    881      0   1619
   582    881      0   1619
   583    881      0   1619
   584    881      0   1619
   585    881      0   1619
   586    881      0   1619
   587    881      0   1619
   588    881      0   1619
   589    881      0   1619
   590    881      0   1619
   591    881      0   1619
   592    881      0   1619
   593    881      0   1619
   594    881      0   1619
   595    881      0   1619
   596    881      0   1619
   597    881      0   1619
   598    881      0   1619
   599    881      0   1619
   600    881      0   1619
   601    881      0   1619
   602    881      0   1619
   603    881      0   1619
   604    881      0   1619
   605    881      0   1619
   606    881      0   1619
   607    881      0   1619
   608    881      0   1619
   609    881      0   1619
   610    881      0   1619
   611    881      0   1619
   612    881      0   1619
   613    881      0   1619
   614    881      0   1619
   615    881      0   1619
   616    881      0   1619
   617    881      0   1619
   618    881      0   1619
   619    881      0   1619
   620    881      0   1619
   621    881      0   1619
   622    881      0   1619
   623    881      0   1619
   624    881      0   1619
   625    881      0   1619
   626    881      0   1619
   627    881      0   1619
   628    881      0   1619
   629    881      0   1619
   630    881      0   1619
   631    881      0   1619
   632    881      0   1619
   633    881      0   1619
   634    881      0   1619
   635    881      0   1619
   636    881      0   1619
   637    881      0   1619
   638    881      0   1619
   639    881      0   1619
   640    881      0   1619
   641    881      0   1619
   642    881      0   1619
   643    881      0   1619
   644    881      0   1619
   645    881      0   1619
   646    881      0   1619
   647    881      0   1619
   648    881      0   1619
   649    881      0   1619
   650    881      0   1619
   651    881      0   1619
   652    881      0   1619
   653    881      0   1619
   654    881      0   1619
   655    881      0   1619
   656    881      0   1619
   657    881      0   1619
   658    881      0   1619
   659    881      0   1619
   660    881      0   1619
   661    881      0   1619
   662    881      0   1619
   663    881      0   1619
   664    881      0   1619
   665    881      0   1619
   666    881      0   1619
   667    881      0   1619
   668    881      0   1619
   669    881      0   1619
   670    881      0   1619
   671    881      0   1619
   672    881      0   1619
   673    881      0   1619
   674    881      0   1619
   675    881      0   1619
   676    881      0   1619
   677    881      0   1619
   678    881      0   1619
   679    881      0   1619
   680    881      0   1619
   681    881      0   1619
   682    881      0   1619
   683    881      0   1619
   684    881      0   1619
   685    881      0   1619
   686    881      0   1619
   687    881      0   1619
   688    881      0   1619
   689    881      0   1619
   690    881      0   1619
   691    881      0   1619
   692    881      0   1619
   693    881      0   1619
   694    881      0   1619
   695    881      0   1619
   696    881      0   1619
   697    881      0   1619
   698    881      0   1619
   699    881      0   1619
   700    881      0   1619
   701    881      0   1619
   702    881      0   1619
   703    881      0   1619
   704    881      0   1619
   705    881      0   1619
   706    881      0   1619
   707    881      0   1619
   708    881      0   1619
   709    881      0   1619
   710    881      0   1619
   711    881      0   1619
   712    881      0   1619
   713    881      0   1619
   714    881      0   1619
   715    881      0   1619
   716    881      0   1619
   717    881      0   1619
   718    881      0   1619
   719    881      0   1619
   720    881      0   1619
   721    881      0   1619
   722    881      0   1619
   723    881      0   1619
   724    881      0   1619
   725    881      0   1619
   726    881      0   1619
   727    881      0   1619
   728    881      0   1619
   729    881      0   1619
   730    881      0   1619
   731    881      0   1619
   732    881      0   1619
   733    881      0   1619
   734    881      0   1619
   735    881      0   1619
   736    881      0   1619
   737    881      0   1619
   738    881      0   1619
   739    881      0   1619
   740    881      0   1619
   741    881      0   1619
   742    881      0   1619
   743    881      0   1619
   744    881      0   1619
   745    881      0   1619
   746    881      0   1619
   747    881      0   1619
   748    881      0   1619
   749    881      0   1619
   750    881      0   1619
   751    881      0   1619
   752    881      0   1619
   753    881      0   1619
   754    881      0   1619
   755    881      0   1619
   756    881      0   1619
   757    881      0   1619
   758    881      0   1619
   759    881      0   1619
   760    881      0   1619
   761    881      0   1619
   762    881      0   1619
   763    881      0   1619
   764    881      0   1619
   765    881      0   1619
   766    881      0   1619
   767    881      0   1619
   768    881      0   1619
   769    881      0   1619
   770    881      0   1619
   771    881      0   1619
   772    881      0   1619
   773    881      0   1619
   774    881      0   1619
   775    881      0   1619
   776    881      0   1619
   777    881      0   1619
   778    881      0   1619
   779    881      0   1619
   780    881      0   1619
   781    881      0   1619
   782    881      0   1619
   783    881      0   1619
   784    881      0   1619
   785    881      0   1619
   786    881      0   1619
   787    881      0   1619
   788    881      0   1619
   789    881      0   1619
   790    881      0   1619
   791    881      0   1619
   792    881      0   1619
   793    881      0   1619
   794    881      0   1619
   795    881      0   1619
   796    881      0   1619
   797    881      0   1619
   798    881      0   1619
   799    881      0   1619
   800    881      0   1619
   801    881      0   1619
   802    881      0   1619
   803    881      0   1619
   804    881      0   1619
   805    881      0   1619
   806    881      0   1619
   807    881      0   1619
   808    881      0   1619
   809    881      0   1619
   810    881      0   1619
   811    881      0   1619
   812    881      0   1619
   813    881      0   1619
   814    881      0   1619
   815    881      0   1619
   816    881      0   1619
   817    881      0   1619
   818    881      0   1619
   819    881      0   1619
   820    881      0   1619
   821    881      0   1619
   822    881      0   1619
   823    881      0   1619
   824    881      0   1619
   825    881      0   1619
   826    881      0   1619
   827    881      0   1619
   828    881      0   1619
   829    881      0   1619
   830    881      0   1619
   831    881      0   1619
   832    881      0   1619
   833    881      0   1619
   834    881      0   1619
   835    881      0   1619
   836    881      0   1619
   837    881      0   1619
   838    881      0   1619
   839    881      0   1619
   840    881      0   1619
   841    881      0   1619
   842    881      0   1619
   843    881      0   1619
   844    881      0   1619
   845    881      0   1619
   846    881      0   1619
   847    881      0   1619
   848    881      0   1619
   849    881      0   1619
   850    881      0   1619
   851    881      0   1619
   852    881      0   1619
   853    881      0   1619
   854    881      0   1619
   855    881      0   1619
   856    881      0   1619
   857    881      0   1619
   858    881      0   1619
   859    881      0   1619
   860    881      0   1619
   861    881      0   1619
   862    881      0   1619
   863    881      0   1619
   864    881      0   1619
   865    881      0   1619
   866    881      0   1619
   867    881      0   1619
   868    881      0   1619
   869    881      0   1619
   870    881      0   1619
   871    881      0   1619
   872    881      0   1619
   873    881      0   1619
   874    881      0   1619
   875    881      0   1619
   876    881      0   1619
   877    881      0   1619
   878    881      0   1619
   879    881      0   1619
   880    881      0   1619
   881    881      0   1619
   882    881      0   1619
   883    881      0   1619
   884    881      0   1619
   885    881      0   1619
   886    881      0   1619
   887    881      0   1619
   888    881      0   1619
   889    881      0   1619
   890    881      0   1619
   891    881      0   1619
   892    881      0   1619
   893    881      0   1619
   894    881      0   1619
   895    881      0   1619
   896    881      0   1619
   897    881      0   1619
   898    881      0   1619
   899    881      0   1619
   900    881      0   1619
   901    881      0   1619
   902    881      0   1619
   903    881      0   1619
   904    881      0   1619
   905    881      0   1619
   906    881      0   1619
   907    881      0   1619
   908    881      0   1619
   909    881      0   1619
   910    881      0   1619
   911    881      0   1619
   912    881      0   1619
   913    881      0   1619
   914    881      0   1619
   915    881      0   1619
   916    881      0   1619
   917    881      0   1619
   918    881      0   1619
   919    881      0   1619
   920    881      0   1619
   921    881      0   1619
   922    881      0   1619
   923    881      0   1619
   924    881      0   1619
   925    881      0   1619
   926    881      0   1619
   927    881      0   1619
   928    881      0   1619
   929    881      0   1619
   930    881      0   1619
   931    881      0   1619
   932    881      0   1619
   933    881      0   1619
   934    881      0   1619
   935    881      0   1619
   936    881      0   1619
   937    881      0   1619
   938    881      0   1619
   939    881      0   1619
   940    881      0   1619
   941    881      0   1619
   942    881      0   1619
   943    881      0   1619
   944    881      0   1619
   945    881      0   1619
   946    881      0   1619
   947    881      0   1619
   948    881      0   1619
   949    881      0   1619
   950    881      0   1619
   951    881      0   1619
   952    881      0   1619
   953    881      0   1619
   954    881      0   1619
   955    881      0   1619
   956    881      0   1619
   957    881      0   1619
   958    881      0   1619
   959    881      0   1619
   960    881      0   1619
   961    881      0   1619
   962    881      0   1619
   963    881      0   1619
   964    881      0   1619
   965    881      0   1619
   966    881      0   1619
   967    881      0   1619
   968    881      0   1619
   969    881      0   1619
   970    881      0   1619
   971    881      0   1619
   972    881      0   1619
   973    881      0   1619
   974    881      0   1619
   975    881      0   1619
   976    881      0   1619
   977    881      0   1619
   978    881      0   1619
   979    881      0   1619
   980    881      0   1619
   981    881      0   1619
   982    881      0   1619
   983    881      0   1619
   984    881      0   1619
   985    881      0   1619
   986    881      0   1619
   987    881      0   1619
   988    881      0   1619
   989    881      0   1619
   990    881      0   1619
   991    881      0   1619
   992    881      0   1619
   993    881      0   1619
   994    881      0   1619
   995    881      0   1619
   996    881      0   1619
   997    881      0   1619
   998    881      0   1619
   999    881      0   1619
  1000    881      0   1619
