# time (sweeps) | Susceptible | Infected | Recovered
     0   1643     47    810
     1   1652     46    802
     2   1656     47    797
     3   1654     51    795
     4   1638     59    803
     5   1656     44    800
     6   1676     36    788
     7   1679     31    790
     8   1697     24    779
     9   1702     28    770
    10   1695     28    777
    11   1697     27    776
    12   1703     29    768
    13   1699     36    765
    14   1688     40    772
    15   1685     30    785
    16   1697     30    773
    17   1700     30    770
    18   1696     32    772
    19   1706     32    762
    20   1702     33    765
    21   1697     40    763
    22   1690     36    774
    23   1691     30    779
    24   1696     24    780
    25   1698     27    775
    26   1690     35    775
    27   1696     29    775
    28   1704     28    768
    29   1704     27    769
    30   1708     27    765
    31   1711     27    762
    32   1710     22    768
    33   1713     24    763
    34   1711     25    764
    35   1715     23    762
    36   1713     23    764
    37   1717     21    762
    38   1708     24    768
    39   1705     22    773
    40   1716     17    767
    41   1714     23    763
    42   1719     23    758
    43   1717     24    759
    44   1724     21    755
    45   1720     22    758
    46   1722     23    755
    47   1728     19    753
    48   1729     16    755
    49   1730     16    754
    50   1724     20    756
    51   1729     18    753
    52   1727     23    750
    53   1724     24    752
    54   1719     24    757
    55   1720     17    763
    56   1719     21    760
    57   1717     23    760
    58   1721     25    754
    59   1722     19    759
    60   1722     21    757
    61   1731     13    756
    62   1736     18    746
    63   1726     21    753
    64   1721     26    753
    65   1720     24    756
    66   1715     27    758
    67   1712     24    764
    68   1722     17    761
    69   1722     19    759
    70   1724     19    757
    71   1719     19    762
    72   1723     18    759
    73   1728     19    753
    74   1730     21    749
    75   1729     12    759
    76   1729     12    759
    77   1729     12    759
    78   1729     12    759
    79   1729     12    759
    80   1729     12    759
    81   1729     12    759
    82   1729     12    759
    83   1729     12    759
    84   1729     12    759
    85   1729     12    759
    86   1729     12    759
    87   1729     12    759
    88   1729     12    759
    89   1729     12    759
    90   1729     12    759
    91   1729     12    759
    92   1729     12    759
    93   1729     12    759
    94   1729     12    759
    95   1729     12    759
    96   1729     12    759
    97   1729     12    759
    98   1729     12    759
    99   1729     12    759
   100   1729     12    759
   101   1729     12    759
   102   1729     12    759
   103   1729     12    759
   104   1729     12    759
   105   1729     12    759
   106   1729     12    759
   107   1729     12    759
   108   1729     12    759
   109   1729     12    759
   110   1729     12    759
   111   1729     12    759
   112   1729     12    759
   113   1729     12    759
   114   1729     12    759
   115   1729     12    759
   116   1729     12    759
   117   1729     12    759
   118   1729     12    759
   119   1729     12    759
   120   1729     12    759
   121   1729     12    759
   122   1729     12    759
   123   1729     12    759
   124   1729     12    759
   125   1729     12    759
   126   1729     12    759
   127   1729     12    759
   128   1729     12    759
   129   1729     12    759
   130   1729     12    759
   131   1729     12    759
   132   1729     12    759
   133   1729     12    759
   134   1729     12    759
   135   1729     12    759
   136   1729     12    759
   137   1729     12    759
   138   1729     12    759
   139   1729     12    759
   140   1729     12    759
   141   1729     12    759
   142   1729     12    759
   143   1729     12    759
   144   1729     12    759
   145   1729     12    759
   146   1729     12    759
   147   1729     12    759
   148   1729     12    759
   149   1729     12    759
   150   1729     12    759
   151   1729     12    759
   152   1729     12    759
   153   1729     12    759
   154   1729     12    759
   155   1729     12    759
   156   1729     12    759
   157   1729     12    759
   158   1729     12    759
   159   1729     12    759
   160   1729     12    759
   161   1729     12    759
   162   1729     12    759
   163   1729     12    759
   164   1729     12    759
   165   1729     12    759
   166   1729     12    759
   167   1729     12    759
   168   1729     12    759
   169   1729     12    759
   170   1729     12    759
   171   1729     12    759
   172   1729     12    759
   173   1729     12    759
   174   1729     12    759
   175   1729     12    759
   176   1729     12    759
   177   1729     12    759
   178   1729     12    759
   179   1729     12    759
   180   1729     12    759
   181   1729     12    759
   182   1729     12    759
   183   1729     12    759
   184   1729     12    759
   185   1729     12    759
   186   1729     12    759
   187   1729     12    759
   188   1729     12    759
   189   1729     12    759
   190   1729     12    759
   191   1729     12    759
   192   1729     12    759
   193   1729     12    759
   194   1729     12    759
   195   1729     12    759
   196   1729     12    759
   197   1729     12    759
   198   1729     12    759
   199   1729     12    759
   200   1729     12    759
   201   1729     12    759
   202   1729     12    759
   203   1729     12    759
   204   1729     12    759
   205   1729     12    759
   206   1729     12    759
   207   1729     12    759
   208   1729     12    759
   209   1729     12    759
   210   1729     12    759
   211   1729     12    759
   212   1729     12    759
   213   1729     12    759
   214   1729     12    759
   215   1729     12    759
   216   1729     12    759
   217   1729     12    759
   218   1729     12    759
   219   1729     12    759
   220   1729     12    759
   221   1729     12    759
   222   1729     12    759
   223   1729     12    759
   224   1729     12    759
   225   1729     12    759
   226   1729     12    759
   227   1729     12    759
   228   1729     12    759
   229   1729     12    759
   230   1729     12    759
   231   1729     12    759
   232   1729     12    759
   233   1729     12    759
   234   1729     12    759
   235   1729     12    759
   236   1729     12    759
   237   1729     12    759
   238   1729     12    759
   239   1729     12    759
   240   1729     12    759
   241   1729     12    759
   242   1729     12    759
   243   1729     12    759
   244   1729     12    759
   245   1729     12    759
   246   1729     12    759
   247   1729     12    759
   248   1729     12    759
   249   1729     12    759
   250   1729     12    759
   251   1729     12    759
   252   1729     12    759
   253   1729     12    759
   254   1729     12    759
   255   1729     12    759
   256   1729     12    759
   257   1729     12    759
   258   1729     12    759
   259   1729     12    759
   260   1729     12    759
   261   1729     12    759
   262   1729     12    759
   263   1729     12    759
   264   1729     12    759
   265   1729     12    759
   266   1729     12    759
   267   1729     12    759
   268   1729     12    759
   269   1729     12    759
   270   1729     12    759
   271   1729     12    759
   272   1729     12    759
   273   1729     12    759
   274   1729     12    759
   275   1729     12    759
   276   1729     12    759
   277   1729     12    759
   278   1729     12    759
   279   1729     12    759
   280   1729     12    759
   281   1729     12    759
   282   1729     12    759
   283   1729     12    759
   284   1729     12    759
   285   1729     12    759
   286   1729     12    759
   287   1729     12    759
   288   1729     12    759
   289   1729     12    759
   290   1729     12    759
   291   1729     12    759
   292   1729     12    759
   293   1729     12    759
   294   1729     12    759
   295   1729     12    759
   296   1729     12    759
   297   1729     12    759
   298   1729     12    759
   299   1729     12    759
   300   1729     12    759
   301   1729     12    759
   302   1729     12    759
   303   1729     12    759
   304   1729     12    759
   305   1729     12    759
   306   1729     12    759
   307   1729     12    759
   308   1729     12    759
   309   1729     12    759
   310   1729     12    759
   311   1729     12    759
   312   1729     12    759
   313   1729     12    759
   314   1729     12    759
   315   1729     12    759
   316   1729     12    759
   317   1729     12    759
   318   1729     12    759
   319   1729     12    759
   320   1729     12    759
   321   1729     12    759
   322   1729     12    759
   323   1729     12    759
   324   1729     12    759
   325   1729     12    759
   326   1729     12    759
   327   1729     12    759
   328   1729     12    759
   329   1729     12    759
   330   1729     12    759
   331   1729     12    759
   332   1729     12    759
   333   1729     12    759
   334   1729     12    759
   335   1729     12    759
   336   1729     12    759
   337   1729     12    759
   338   1729     12    759
   339   1729     12    759
   340   1729     12    759
   341   1729     12    759
   342   1729     12    759
   343   1729     12    759
   344   1729     12    759
   345   1729     12    759
   346   1729     12    759
   347   1729     12    759
   348   1729     12    759
   349   1729     12    759
   350   1729     12    759
   351   1729     12    759
   352   1729     12    759
   353   1729     12    759
   354   1729     12    759
   355   1729     12    759
   356   1729     12    759
   357   1729     12    759
   358   1729     12    759
   359   1729     12    759
   360   1729     12    759
   361   1729     12    759
   362   1729     12    759
   363   1729     12    759
   364   1729     12    759
   365   1729     12    759
   366   1729     12    759
   367   1729     12    759
   368   1729     12    759
   369   1729     12    759
   370   1729     12    759
   371   1729     12    759
   372   1729     12    759
   373   1729     12    759
   374   1729     12    759
   375   1729     12    759
   376   1729     12    759
   377   1729     12    759
   378   1729     12    759
   379   1729     12    759
   380   1729     12    759
   381   1729     12    759
   382   1729     12    759
   383   1729     12    759
   384   1729     12    759
   385   1729     12    759
   386   1729     12    759
   387   1729     12    759
   388   1729     12    759
   389   1729     12    759
   390   1729     12    759
   391   1729     12    759
   392   1729     12    759
   393   1729     12    759
   394   1729     12    759
   395   1729     12    759
   396   1729     12    759
   397   1729     12    759
   398   1729     12    759
   399   1729     12    759
   400   1729     12    759
   401   1729     12    759
   402   1729     12    759
   403   1729     12    759
   404   1729     12    759
   405   1729     12    759
   406   1729     12    759
   407   1729     12    759
   408   1729     12    759
   409   1729     12    759
   410   1729     12    759
   411   1729     12    759
   412   1729     12    759
   413   1729     12    759
   414   1729     12    759
   415   1729     12    759
   416   1729     12    759
   417   1729     12    759
   418   1729     12    759
   419   1729     12    759
   420   1729     12    759
   421   1729     12    759
   422   1729     12    759
   423   1729     12    759
   424   1729     12    759
   425   1729     12    759
   426   1729     12    759
   427   1729     12    759
   428   1729     12    759
   429   1729     12    759
   430   1729     12    759
   431   1729     12    759
   432   1729     12    759
   433   1729     12    759
   434   1729     12    759
   435   1729     12    759
   436   1729     12    759
   437   1729     12    759
   438   1729     12    759
   439   1729     12    759
   440   1729     12    759
   441   1729     12    759
   442   1729     12    759
   443   1729     12    759
   444   1729     12    759
   445   1729     12    759
   446   1729     12    759
   447   1729     12    759
   448   1729     12    759
   449   1729     12    759
   450   1729     12    759
   451   1729     12    759
   452   1729     12    759
   453   1729     12    759
   454   1729     12    759
   455   1729     12    759
   456   1729     12    759
   457   1729     12    759
   458   1729     12    759
   459   1729     12    759
   460   1729     12    759
   461   1729     12    759
   462   1729     12    759
   463   1729     12    759
   464   1729     12    759
   465   1729     12    759
   466   1729     12    759
   467   1729     12    759
   468   1729     12    759
   469   1729     12    759
   470   1729     12    759
   471   1729     12    759
   472   1729     12    759
   473   1729     12    759
   474   1729     12    759
   475   1729     12    759
   476   1729     12    759
   477   1729     12    759
   478   1729     12    759
   479   1729     12    759
   480   1729     12    759
   481   1729     12    759
   482   1729     12    759
   483   1729     12    759
   484   1729     12    759
   485   1729     12    759
   486   1729     12    759
   487   1729     12    759
   488   1729     12    759
   489   1729     12    759
   490   1729     12    759
   491   1729     12    759
   492   1729     12    759
   493   1729     12    759
   494   1729     12    759
   495   1729     12    759
   496   1729     12    759
   497   1729     12    759
   498   1729     12    759
   499   1729     12    759
   500   1729     12    759
   501   1729     12    759
   502   1729     12    759
   503   1729     12    759
   504   1729     12    759
   505   1729     12    759
   506   1729     12    759
   507   1729     12    759
   508   1729     12    759
   509   1729     12    759
   510   1729     12    759
   511   1729     12    759
   512   1729     12    759
   513   1729     12    759
   514   1729     12    759
   515   1729     12    759
   516   1729     12    759
   517   1729     12    759
   518   1729     12    759
   519   1729     12    759
   520   1729     12    759
   521   1729     12    759
   522   1729     12    759
   523   1729     12    759
   524   1729     12    759
   525   1729     12    759
   526   1729     12    759
   527   1729     12    759
   528   1729     12    759
   529   1729     12    759
   530   1729     12    759
   531   1729     12    759
   532   1729     12    759
   533   1729     12    759
   534   1729     12    759
   535   1729     12    759
   536   1729     12    759
   537   1729     12    759
   538   1729     12    759
   539   1729     12    759
   540   1729     12    759
   541   1729     12    759
   542   1729     12    759
   543   1729     12    759
   544   1729     12    759
   545   1729     12    759
   546   1729     12    759
   547   1729     12    759
   548   1729     12    759
   549   1729     12    759
   550   1729     12    759
   551   1729     12    759
   552   1729     12    759
   553   1729     12    759
   554   1729     12    759
   555   1729     12    759
   556   1729     12    759
   557   1729     12    759
   558   1729     12    759
   559   1729     12    759
   560   1729     12    759
   561   1729     12    759
   562   1729     12    759
   563   1729     12    759
   564   1729     12    759
   565   1729     12    759
   566   1729     12    759
   567   1729     12    759
   568   1729     12    759
   569   1729     12    759
   570   1729     12    759
   571   1729     12    759
   572   1729     12    759
   573   1729     12    759
   574   1729     12    759
   575   1729     12    759
   576   1729     12    759
   577   1729     12    759
   578   1729     12    759
   579   1729     12    759
   580   1729     12    759
   581   1729     12    759
   582   1729     12    759
   583   1729     12    759
   584   1729     12    759
   585   1729     12    759
   586   1729     12    759
   587   1729     12    759
   588   1729     12    759
   589   1729     12    759
   590   1729     12    759
   591   1729     12    759
   592   1729     12    759
   593   1729     12    759
   594   1729     12    759
   595   1729     12    759
   596   1729     12    759
   597   1729     12    759
   598   1729     12    759
   599   1729     12    759
   600   1729     12    759
   601   1729     12    759
   602   1729     12    759
   603   1729     12    759
   604   1729     12    759
   605   1729     12    759
   606   1729     12    759
   607   1729     12    759
   608   1729     12    759
   609   1729     12    759
   610   1729     12    759
   611   1729     12    759
   612   1729     12    759
   613   1729     12    759
   614   1729     12    759
   615   1729     12    759
   616   1729     12    759
   617   1729     12    759
   618   1729     12    759
   619   1729     12    759
   620   1729     12    759
   621   1729     12    759
   622   1729     12    759
   623   1729     12    759
   624   1729     12    759
   625   1729     12    759
   626   1729     12    759
   627   1729     12    759
   628   1729     12    759
   629   1729     12    759
   630   1729     12    759
   631   1729     12    759
   632   1729     12    759
   633   1729     12    759
   634   1729     12    759
   635   1729     12    759
   636   1729     12    759
   637   1729     12    759
   638   1729     12    759
   639   1729     12    759
   640   1729     12    759
   641   1729     12    759
   642   1729     12    759
   643   1729     12    759
   644   1729     12    759
   645   1729     12    759
   646   1729     12    759
   647   1729     12    759
   648   1729     12    759
   649   1729     12    759
   650   1729     12    759
   651   1729     12    759
   652   1729     12    759
   653   1729     12    759
   654   1729     12    759
   655   1729     12    759
   656   1729     12    759
   657   1729     12    759
   658   1729     12    759
   659   1729     12    759
   660   1729     12    759
   661   1729     12    759
   662   1729     12    759
   663   1729     12    759
   664   1729     12    759
   665   1729     12    759
   666   1729     12    759
   667   1729     12    759
   668   1729     12    759
   669   1729     12    759
   670   1729     12    759
   671   1729     12    759
   672   1729     12    759
   673   1729     12    759
   674   1729     12    759
   675   1729     12    759
   676   1729     12    759
   677   1729     12    759
   678   1729     12    759
   679   1729     12    759
   680   1729     12    759
   681   1729     12    759
   682   1729     12    759
   683   1729     12    759
   684   1729     12    759
   685   1729     12    759
   686   1729     12    759
   687   1729     12    759
   688   1729     12    759
   689   1729     12    759
   690   1729     12    759
   691   1729     12    759
   692   1729     12    759
   693   1729     12    759
   694   1729     12    759
   695   1729     12    759
   696   1729     12    759
   697   1729     12    759
   698   1729     12    759
   699   1729     12    759
   700   1729     12    759
   701   1729     12    759
   702   1729     12    759
   703   1729     12    759
   704   1729     12    759
   705   1729     12    759
   706   1729     12    759
   707   1729     12    759
   708   1729     12    759
   709   1729     12    759
   710   1729     12    759
   711   1729     12    759
   712   1729     12    759
   713   1729     12    759
   714   1729     12    759
   715   1729     12    759
   716   1729     12    759
   717   1729     12    759
   718   1729     12    759
   719   1729     12    759
   720   1729     12    759
   721   1729     12    759
   722   1729     12    759
   723   1729     12    759
   724   1729     12    759
   725   1729     12    759
   726   1729     12    759
   727   1729     12    759
   728   1729     12    759
   729   1729     12    759
   730   1729     12    759
   731   1729     12    759
   732   1729     12    759
   733   1729     12    759
   734   1729     12    759
   735   1729     12    759
   736   1729     12    759
   737   1729     12    759
   738   1729     12    759
   739   1729     12    759
   740   1729     12    759
   741   1729     12    759
   742   1729     12    759
   743   1729     12    759
   744   1729     12    759
   745   1729     12    759
   746   1729     12    759
   747   1729     12    759
   748   1729     12    759
   749   1729     12    759
   750   1729     12    759
   751   1729     12    759
   752   1729     12    759
   753   1729     12    759
   754   1729     12    759
   755   1729     12    759
   756   1729     12    759
   757   1729     12    759
   758   1729     12    759
   759   1729     12    759
   760   1729     12    759
   761   1729     12    759
   762   1729     12    759
   763   1729     12    759
   764   1729     12    759
   765   1729     12    759
   766   1729     12    759
   767   1729     12    759
   768   1729     12    759
   769   1729     12    759
   770   1729     12    759
   771   1729     12    759
   772   1729     12    759
   773   1729     12    759
   774   1729     12    759
   775   1729     12    759
   776   1729     12    759
   777   1729     12    759
   778   1729     12    759
   779   1729     12    759
   780   1729     12    759
   781   1729     12    759
   782   1729     12    759
   783   1729     12    759
   784   1729     12    759
   785   1729     12    759
   786   1729     12    759
   787   1729     12    759
   788   1729     12    759
   789   1729     12    759
   790   1729     12    759
   791   1729     12    759
   792   1729     12    759
   793   1729     12    759
   794   1729     12    759
   795   1729     12    759
   796   1729     12    759
   797   1729     12    759
   798   1729     12    759
   799   1729     12    759
   800   1729     12    759
   801   1729     12    759
   802   1729     12    759
   803   1729     12    759
   804   1729     12    759
   805   1729     12    759
   806   1729     12    759
   807   1729     12    759
   808   1729     12    759
   809   1729     12    759
   810   1729     12    759
   811   1729     12    759
   812   1729     12    759
   813   1729     12    759
   814   1729     12    759
   815   1729     12    759
   816   1729     12    759
   817   1729     12    759
   818   1729     12    759
   819   1729     12    759
   820   1729     12    759
   821   1729     12    759
   822   1729     12    759
   823   1729     12    759
   824   1729     12    759
   825   1729     12    759
   826   1729     12    759
   827   1729     12    759
   828   1729     12    759
   829   1729     12    759
   830   1729     12    759
   831   1729     12    759
   832   1729     12    759
   833   1729     12    759
   834   1729     12    759
   835   1729     12    759
   836   1729     12    759
   837   1729     12    759
   838   1729     12    759
   839   1729     12    759
   840   1729     12    759
   841   1729     12    759
   842   1729     12    759
   843   1729     12    759
   844   1729     12    759
   845   1729     12    759
   846   1729     12    759
   847   1729     12    759
   848   1729     12    759
   849   1729     12    759
   850   1729     12    759
   851   1729     12    759
   852   1729     12    759
   853   1729     12    759
   854   1729     12    759
   855   1729     12    759
   856   1729     12    759
   857   1729     12    759
   858   1729     12    759
   859   1729     12    759
   860   1729     12    759
   861   1729     12    759
   862   1729     12    759
   863   1729     12    759
   864   1729     12    759
   865   1729     12    759
   866   1729     12    759
   867   1729     12    759
   868   1729     12    759
   869   1729     12    759
   870   1729     12    759
   871   1729     12    759
   872   1729     12    759
   873   1729     12    759
   874   1729     12    759
   875   1729     12    759
   876   1729     12    759
   877   1729     12    759
   878   1729     12    759
   879   1729     12    759
   880   1729     12    759
   881   1729     12    759
   882   1729     12    759
   883   1729     12    759
   884   1729     12    759
   885   1729     12    759
   886   1729     12    759
   887   1729     12    759
   888   1729     12    759
   889   1729     12    759
   890   1729     12    759
   891   1729     12    759
   892   1729     12    759
   893   1729     12    759
   894   1729     12    759
   895   1729     12    759
   896   1729     12    759
   897   1729     12    759
   898   1729     12    759
   899   1729     12    759
   900   1729     12    759
   901   1729     12    759
   902   1729     12    759
   903   1729     12    759
   904   1729     12    759
   905   1729     12    759
   906   1729     12    759
   907   1729     12    759
   908   1729     12    759
   909   1729     12    759
   910   1729     12    759
   911   1729     12    759
   912   1729     12    759
   913   1729     12    759
   914   1729     12    759
   915   1729     12    759
   916   1729     12    759
   917   1729     12    759
   918   1729     12    759
   919   1729     12    759
   920   1729     12    759
   921   1729     12    759
   922   1729     12    759
   923   1729     12    759
   924   1729     12    759
   925   1729     12    759
   926   1729     12    759
   927   1729     12    759
   928   1729     12    759
   929   1729     12    759
   930   1729     12    759
   931   1729     12    759
   932   1729     12    759
   933   1729     12    759
   934   1729     12    759
   935   1729     12    759
   936   1729     12    759
   937   1729     12    759
   938   1729     12    759
   939   1729     12    759
   940   1729     12    759
   941   1729     12    759
   942   1729     12    759
   943   1729     12    759
   944   1729     12    759
   945   1729     12    759
   946   1729     12    759
   947   1729     12    759
   948   1729     12    759
   949   1729     12    759
   950   1729     12    759
   951   1729     12    759
   952   1729     12    759
   953   1729     12    759
   954   1729     12    759
   955   1729     12    759
   956   1729     12    759
   957   1729     12    759
   958   1729     12    759
   959   1729     12    759
   960   1729     12    759
   961   1729     12    759
   962   1729     12    759
   963   1729     12    759
   964   1729     12    759
   965   1729     12    759
   966   1729     12    759
   967   1729     12    759
   968   1729     12    759
   969   1729     12    759
   970   1729     12    759
   971   1729     12    759
   972   1729     12    759
   973   1729     12    759
   974   1729     12    759
   975   1729     12    759
   976   1729     12    759
   977   1729     12    759
   978   1729     12    759
   979   1729     12    759
   980   1729     12    759
   981   1729     12    759
   982   1729     12    759
   983   1729     12    759
   984   1729     12    759
   985   1729     12    759
   986   1729     12    759
   987   1729     12    759
   988   1729     12    759
   989   1729     12    759
   990   1729     12    759
   991   1729     12    759
   992   1729     12    759
   993   1729     12    759
   994   1729     12    759
   995   1729     12    759
   996   1729     12    759
   997   1729     12    759
   998   1729     12    759
   999   1729     12    759
  1000   1729     12    759
