# time (sweeps) | Susceptible | Infected | Recovered
     0   1259      0   1241
     1   1259      0   1241
     2   1259      0   1241
     3   1259      0   1241
     4   1259      0   1241
     5   1259      0   1241
     6   1259      0   1241
     7   1259      0   1241
     8   1259      0   1241
     9   1259      0   1241
    10   1259      0   1241
    11   1259      0   1241
    12   1259      0   1241
    13   1259      0   1241
    14   1259      0   1241
    15   1259      0   1241
    16   1259      0   1241
    17   1259      0   1241
    18   1259      0   1241
    19   1259      0   1241
    20   1259      0   1241
    21   1259      0   1241
    22   1259      0   1241
    23   1259      0   1241
    24   1259      0   1241
    25   1259      0   1241
    26   1259      0   1241
    27   1259      0   1241
    28   1259      0   1241
    29   1259      0   1241
    30   1259      0   1241
    31   1259      0   1241
    32   1259      0   1241
    33   1259      0   1241
    34   1259      0   1241
    35   1259      0   1241
    36   1259      0   1241
    37   1259      0   1241
    38   1259      0   1241
    39   1259      0   1241
    40   1259      0   1241
    41   1259      0   1241
    42   1259      0   1241
    43   1259      0   1241
    44   1259      0   1241
    45   1259      0   1241
    46   1259      0   1241
    47   1259      0   1241
    48   1259      0   1241
    49   1259      0   1241
    50   1259      0   1241
    51   1259      0   1241
    52   1259      0   1241
    53   1259      0   1241
    54   1259      0   1241
    55   1259      0   1241
    56   1259      0   1241
    57   1259      0   1241
    58   1259      0   1241
    59   1259      0   1241
    60   1259      0   1241
    61   1259      0   1241
    62   1259      0   1241
    63   1259      0   1241
    64   1259      0   1241
    65   1259      0   1241
    66   1259      0   1241
    67   1259      0   1241
    68   1259      0   1241
    69   1259      0   1241
    70   1259      0   1241
    71   1259      0   1241
    72   1259      0   1241
    73   1259      0   1241
    74   1259      0   1241
    75   1259      0   1241
    76   1259      0   1241
    77   1259      0   1241
    78   1259      0   1241
    79   1259      0   1241
    80   1259      0   1241
    81   1259      0   1241
    82   1259      0   1241
    83   1259      0   1241
    84   1259      0   1241
    85   1259      0   1241
    86   1259      0   1241
    87   1259      0   1241
    88   1259      0   1241
    89   1259      0   1241
    90   1259      0   1241
    91   1259      0   1241
    92   1259      0   1241
    93   1259      0   1241
    94   1259      0   1241
    95   1259      0   1241
    96   1259      0   1241
    97   1259      0   1241
    98   1259      0   1241
    99   1259      0   1241
   100   1259      0   1241
   101   1259      0   1241
   102   1259      0   1241
   103   1259      0   1241
   104   1259      0   1241
   105   1259      0   1241
   106   1259      0   1241
   107   1259      0   1241
   108   1259      0   1241
   109   1259      0   1241
   110   1259      0   1241
   111   1259      0   1241
   112   1259      0   1241
   113   1259      0   1241
   114   1259      0   1241
   115   1259      0   1241
   116   1259      0   1241
   117   1259      0   1241
   118   1259      0   1241
   119   1259      0   1241
   120   1259      0   1241
   121   1259      0   1241
   122   1259      0   1241
   123   1259      0   1241
   124   1259      0   1241
   125   1259      0   1241
   126   1259      0   1241
   127   1259      0   1241
   128   1259      0   1241
   129   1259      0   1241
   130   1259      0   1241
   131   1259      0   1241
   132   1259      0   1241
   133   1259      0   1241
   134   1259      0   1241
   135   1259      0   1241
   136   1259      0   1241
   137   1259      0   1241
   138   1259      0   1241
   139   1259      0   1241
   140   1259      0   1241
   141   1259      0   1241
   142   1259      0   1241
   143   1259      0   1241
   144   1259      0   1241
   145   1259      0   1241
   146   1259      0   1241
   147   1259      0   1241
   148   1259      0   1241
   149   1259      0   1241
   150   1259      0   1241
   151   1259      0   1241
   152   1259      0   1241
   153   1259      0   1241
   154   1259      0   1241
   155   1259      0   1241
   156   1259      0   1241
   157   1259      0   1241
   158   1259      0   1241
   159   1259      0   1241
   160   1259      0   1241
   161   1259      0   1241
   162   1259      0   1241
   163   1259      0   1241
   164   1259      0   1241
   165   1259      0   1241
   166   1259      0   1241
   167   1259      0   1241
   168   1259      0   1241
   169   1259      0   1241
   170   1259      0   1241
   171   1259      0   1241
   172   1259      0   1241
   173   1259      0   1241
   174   1259      0   1241
   175   1259      0   1241
   176   1259      0   1241
   177   1259      0   1241
   178   1259      0   1241
   179   1259      0   1241
   180   1259      0   1241
   181   1259      0   1241
   182   1259      0   1241
   183   1259      0   1241
   184   1259      0   1241
   185   1259      0   1241
   186   1259      0   1241
   187   1259      0   1241
   188   1259      0   1241
   189   1259      0   1241
   190   1259      0   1241
   191   1259      0   1241
   192   1259      0   1241
   193   1259      0   1241
   194   1259      0   1241
   195   1259      0   1241
   196   1259      0   1241
   197   1259      0   1241
   198   1259      0   1241
   199   1259      0   1241
   200   1259      0   1241
   201   1259      0   1241
   202   1259      0   1241
   203   1259      0   1241
   204   1259      0   1241
   205   1259      0   1241
   206   1259      0   1241
   207   1259      0   1241
   208   1259      0   1241
   209   1259      0   1241
   210   1259      0   1241
   211   1259      0   1241
   212   1259      0   1241
   213   1259      0   1241
   214   1259      0   1241
   215   1259      0   1241
   216   1259      0   1241
   217   1259      0   1241
   218   1259      0   1241
   219   1259      0   1241
   220   1259      0   1241
   221   1259      0   1241
   222   1259      0   1241
   223   1259      0   1241
   224   1259      0   1241
   225   1259      0   1241
   226   1259      0   1241
   227   1259      0   1241
   228   1259      0   1241
   229   1259      0   1241
   230   1259      0   1241
   231   1259      0   1241
   232   1259      0   1241
   233   1259      0   1241
   234   1259      0   1241
   235   1259      0   1241
   236   1259      0   1241
   237   1259      0   1241
   238   1259      0   1241
   239   1259      0   1241
   240   1259      0   1241
   241   1259      0   1241
   242   1259      0   1241
   243   1259      0   1241
   244   1259      0   1241
   245   1259      0   1241
   246   1259      0   1241
   247   1259      0   1241
   248   1259      0   1241
   249   1259      0   1241
   250   1259      0   1241
   251   1259      0   1241
   252   1259      0   1241
   253   1259      0   1241
   254   1259      0   1241
   255   1259      0   1241
   256   1259      0   1241
   257   1259      0   1241
   258   1259      0   1241
   259   1259      0   1241
   260   1259      0   1241
   261   1259      0   1241
   262   1259      0   1241
   263   1259      0   1241
   264   1259      0   1241
   265   1259      0   1241
   266   1259      0   1241
   267   1259      0   1241
   268   1259      0   1241
   269   1259      0   1241
   270   1259      0   1241
   271   1259      0   1241
   272   1259      0   1241
   273   1259      0   1241
   274   1259      0   1241
   275   1259      0   1241
   276   1259      0   1241
   277   1259      0   1241
   278   1259      0   1241
   279   1259      0   1241
   280   1259      0   1241
   281   1259      0   1241
   282   1259      0   1241
   283   1259      0   1241
   284   1259      0   1241
   285   1259      0   1241
   286   1259      0   1241
   287   1259      0   1241
   288   1259      0   1241
   289   1259      0   1241
   290   1259      0   1241
   291   1259      0   1241
   292   1259      0   1241
   293   1259      0   1241
   294   1259      0   1241
   295   1259      0   1241
   296   1259      0   1241
   297   1259      0   1241
   298   1259      0   1241
   299   1259      0   1241
   300   1259      0   1241
   301   1259      0   1241
   302   1259      0   1241
   303   1259      0   1241
   304   1259      0   1241
   305   1259      0   1241
   306   1259      0   1241
   307   1259      0   1241
   308   1259      0   1241
   309   1259      0   1241
   310   1259      0   1241
   311   1259      0   1241
   312   1259      0   1241
   313   1259      0   1241
   314   1259      0   1241
   315   1259      0   1241
   316   1259      0   1241
   317   1259      0   1241
   318   1259      0   1241
   319   1259      0   1241
   320   1259      0   1241
   321   1259      0   1241
   322   1259      0   1241
   323   1259      0   1241
   324   1259      0   1241
   325   1259      0   1241
   326   1259      0   1241
   327   1259      0   1241
   328   1259      0   1241
   329   1259      0   1241
   330   1259      0   1241
   331   1259      0   1241
   332   1259      0   1241
   333   1259      0   1241
   334   1259      0   1241
   335   1259      0   1241
   336   1259      0   1241
   337   1259      0   1241
   338   1259      0   1241
   339   1259      0   1241
   340   1259      0   1241
   341   1259      0   1241
   342   1259      0   1241
   343   1259      0   1241
   344   1259      0   1241
   345   1259      0   1241
   346   1259      0   1241
   347   1259      0   1241
   348   1259      0   1241
   349   1259      0   1241
   350   1259      0   1241
   351   1259      0   1241
   352   1259      0   1241
   353   1259      0   1241
   354   1259      0   1241
   355   1259      0   1241
   356   1259      0   1241
   357   1259      0   1241
   358   1259      0   1241
   359   1259      0   1241
   360   1259      0   1241
   361   1259      0   1241
   362   1259      0   1241
   363   1259      0   1241
   364   1259      0   1241
   365   1259      0   1241
   366   1259      0   1241
   367   1259      0   1241
   368   1259      0   1241
   369   1259      0   1241
   370   1259      0   1241
   371   1259      0   1241
   372   1259      0   1241
   373   1259      0   1241
   374   1259      0   1241
   375   1259      0   1241
   376   1259      0   1241
   377   1259      0   1241
   378   1259      0   1241
   379   1259      0   1241
   380   1259      0   1241
   381   1259      0   1241
   382   1259      0   1241
   383   1259      0   1241
   384   1259      0   1241
   385   1259      0   1241
   386   1259      0   1241
   387   1259      0   1241
   388   1259      0   1241
   389   1259      0   1241
   390   1259      0   1241
   391   1259      0   1241
   392   1259      0   1241
   393   1259      0   1241
   394   1259      0   1241
   395   1259      0   1241
   396   1259      0   1241
   397   1259      0   1241
   398   1259      0   1241
   399   1259      0   1241
   400   1259      0   1241
   401   1259      0   1241
   402   1259      0   1241
   403   1259      0   1241
   404   1259      0   1241
   405   1259      0   1241
   406   1259      0   1241
   407   1259      0   1241
   408   1259      0   1241
   409   1259      0   1241
   410   1259      0   1241
   411   1259      0   1241
   412   1259      0   1241
   413   1259      0   1241
   414   1259      0   1241
   415   1259      0   1241
   416   1259      0   1241
   417   1259      0   1241
   418   1259      0   1241
   419   1259      0   1241
   420   1259      0   1241
   421   1259      0   1241
   422   1259      0   1241
   423   1259      0   1241
   424   1259      0   1241
   425   1259      0   1241
   426   1259      0   1241
   427   1259      0   1241
   428   1259      0   1241
   429   1259      0   1241
   430   1259      0   1241
   431   1259      0   1241
   432   1259      0   1241
   433   1259      0   1241
   434   1259      0   1241
   435   1259      0   1241
   436   1259      0   1241
   437   1259      0   1241
   438   1259      0   1241
   439   1259      0   1241
   440   1259      0   1241
   441   1259      0   1241
   442   1259      0   1241
   443   1259      0   1241
   444   1259      0   1241
   445   1259      0   1241
   446   1259      0   1241
   447   1259      0   1241
   448   1259      0   1241
   449   1259      0   1241
   450   1259      0   1241
   451   1259      0   1241
   452   1259      0   1241
   453   1259      0   1241
   454   1259      0   1241
   455   1259      0   1241
   456   1259      0   1241
   457   1259      0   1241
   458   1259      0   1241
   459   1259      0   1241
   460   1259      0   1241
   461   1259      0   1241
   462   1259      0   1241
   463   1259      0   1241
   464   1259      0   1241
   465   1259      0   1241
   466   1259      0   1241
   467   1259      0   1241
   468   1259      0   1241
   469   1259      0   1241
   470   1259      0   1241
   471   1259      0   1241
   472   1259      0   1241
   473   1259      0   1241
   474   1259      0   1241
   475   1259      0   1241
   476   1259      0   1241
   477   1259      0   1241
   478   1259      0   1241
   479   1259      0   1241
   480   1259      0   1241
   481   1259      0   1241
   482   1259      0   1241
   483   1259      0   1241
   484   1259      0   1241
   485   1259      0   1241
   486   1259      0   1241
   487   1259      0   1241
   488   1259      0   1241
   489   1259      0   1241
   490   1259      0   1241
   491   1259      0   1241
   492   1259      0   1241
   493   1259      0   1241
   494   1259      0   1241
   495   1259      0   1241
   496   1259      0   1241
   497   1259      0   1241
   498   1259      0   1241
   499   1259      0   1241
   500   1259      0   1241
   501   1259      0   1241
   502   1259      0   1241
   503   1259      0   1241
   504   1259      0   1241
   505   1259      0   1241
   506   1259      0   1241
   507   1259      0   1241
   508   1259      0   1241
   509   1259      0   1241
   510   1259      0   1241
   511   1259      0   1241
   512   1259      0   1241
   513   1259      0   1241
   514   1259      0   1241
   515   1259      0   1241
   516   1259      0   1241
   517   1259      0   1241
   518   1259      0   1241
   519   1259      0   1241
   520   1259      0   1241
   521   1259      0   1241
   522   1259      0   1241
   523   1259      0   1241
   524   1259      0   1241
   525   1259      0   1241
   526   1259      0   1241
   527   1259      0   1241
   528   1259      0   1241
   529   1259      0   1241
   530   1259      0   1241
   531   1259      0   1241
   532   1259      0   1241
   533   1259      0   1241
   534   1259      0   1241
   535   1259      0   1241
   536   1259      0   1241
   537   1259      0   1241
   538   1259      0   1241
   539   1259      0   1241
   540   1259      0   1241
   541   1259      0   1241
   542   1259      0   1241
   543   1259      0   1241
   544   1259      0   1241
   545   1259      0   1241
   546   1259      0   1241
   547   1259      0   1241
   548   1259      0   1241
   549   1259      0   1241
   550   1259      0   1241
   551   1259      0   1241
   552   1259      0   1241
   553   1259      0   1241
   554   1259      0   1241
   555   1259      0   1241
   556   1259      0   1241
   557   1259      0   1241
   558   1259      0   1241
   559   1259      0   1241
   560   1259      0   1241
   561   1259      0   1241
   562   1259      0   1241
   563   1259      0   1241
   564   1259      0   1241
   565   1259      0   1241
   566   1259      0   1241
   567   1259      0   1241
   568   1259      0   1241
   569   1259      0   1241
   570   1259      0   1241
   571   1259      0   1241
   572   1259      0   1241
   573   1259      0   1241
   574   1259      0   1241
   575   1259      0   1241
   576   1259      0   1241
   577   1259      0   1241
   578   1259      0   1241
   579   1259      0   1241
   580   1259      0   1241
   581   1259      0   1241
   582   1259      0   1241
   583   1259      0   1241
   584   1259      0   1241
   585   1259      0   1241
   586   1259      0   1241
   587   1259      0   1241
   588   1259      0   1241
   589   1259      0   1241
   590   1259      0   1241
   591   1259      0   1241
   592   1259      0   1241
   593   1259      0   1241
   594   1259      0   1241
   595   1259      0   1241
   596   1259      0   1241
   597   1259      0   1241
   598   1259      0   1241
   599   1259      0   1241
   600   1259      0   1241
   601   1259      0   1241
   602   1259      0   1241
   603   1259      0   1241
   604   1259      0   1241
   605   1259      0   1241
   606   1259      0   1241
   607   1259      0   1241
   608   1259      0   1241
   609   1259      0   1241
   610   1259      0   1241
   611   1259      0   1241
   612   1259      0   1241
   613   1259      0   1241
   614   1259      0   1241
   615   1259      0   1241
   616   1259      0   1241
   617   1259      0   1241
   618   1259      0   1241
   619   1259      0   1241
   620   1259      0   1241
   621   1259      0   1241
   622   1259      0   1241
   623   1259      0   1241
   624   1259      0   1241
   625   1259      0   1241
   626   1259      0   1241
   627   1259      0   1241
   628   1259      0   1241
   629   1259      0   1241
   630   1259      0   1241
   631   1259      0   1241
   632   1259      0   1241
   633   1259      0   1241
   634   1259      0   1241
   635   1259      0   1241
   636   1259      0   1241
   637   1259      0   1241
   638   1259      0   1241
   639   1259      0   1241
   640   1259      0   1241
   641   1259      0   1241
   642   1259      0   1241
   643   1259      0   1241
   644   1259      0   1241
   645   1259      0   1241
   646   1259      0   1241
   647   1259      0   1241
   648   1259      0   1241
   649   1259      0   1241
   650   1259      0   1241
   651   1259      0   1241
   652   1259      0   1241
   653   1259      0   1241
   654   1259      0   1241
   655   1259      0   1241
   656   1259      0   1241
   657   1259      0   1241
   658   1259      0   1241
   659   1259      0   1241
   660   1259      0   1241
   661   1259      0   1241
   662   1259      0   1241
   663   1259      0   1241
   664   1259      0   1241
   665   1259      0   1241
   666   1259      0   1241
   667   1259      0   1241
   668   1259      0   1241
   669   1259      0   1241
   670   1259      0   1241
   671   1259      0   1241
   672   1259      0   1241
   673   1259      0   1241
   674   1259      0   1241
   675   1259      0   1241
   676   1259      0   1241
   677   1259      0   1241
   678   1259      0   1241
   679   1259      0   1241
   680   1259      0   1241
   681   1259      0   1241
   682   1259      0   1241
   683   1259      0   1241
   684   1259      0   1241
   685   1259      0   1241
   686   1259      0   1241
   687   1259      0   1241
   688   1259      0   1241
   689   1259      0   1241
   690   1259      0   1241
   691   1259      0   1241
   692   1259      0   1241
   693   1259      0   1241
   694   1259      0   1241
   695   1259      0   1241
   696   1259      0   1241
   697   1259      0   1241
   698   1259      0   1241
   699   1259      0   1241
   700   1259      0   1241
   701   1259      0   1241
   702   1259      0   1241
   703   1259      0   1241
   704   1259      0   1241
   705   1259      0   1241
   706   1259      0   1241
   707   1259      0   1241
   708   1259      0   1241
   709   1259      0   1241
   710   1259      0   1241
   711   1259      0   1241
   712   1259      0   1241
   713   1259      0   1241
   714   1259      0   1241
   715   1259      0   1241
   716   1259      0   1241
   717   1259      0   1241
   718   1259      0   1241
   719   1259      0   1241
   720   1259      0   1241
   721   1259      0   1241
   722   1259      0   1241
   723   1259      0   1241
   724   1259      0   1241
   725   1259      0   1241
   726   1259      0   1241
   727   1259      0   1241
   728   1259      0   1241
   729   1259      0   1241
   730   1259      0   1241
   731   1259      0   1241
   732   1259      0   1241
   733   1259      0   1241
   734   1259      0   1241
   735   1259      0   1241
   736   1259      0   1241
   737   1259      0   1241
   738   1259      0   1241
   739   1259      0   1241
   740   1259      0   1241
   741   1259      0   1241
   742   1259      0   1241
   743   1259      0   1241
   744   1259      0   1241
   745   1259      0   1241
   746   1259      0   1241
   747   1259      0   1241
   748   1259      0   1241
   749   1259      0   1241
   750   1259      0   1241
   751   1259      0   1241
   752   1259      0   1241
   753   1259      0   1241
   754   1259      0   1241
   755   1259      0   1241
   756   1259      0   1241
   757   1259      0   1241
   758   1259      0   1241
   759   1259      0   1241
   760   1259      0   1241
   761   1259      0   1241
   762   1259      0   1241
   763   1259      0   1241
   764   1259      0   1241
   765   1259      0   1241
   766   1259      0   1241
   767   1259      0   1241
   768   1259      0   1241
   769   1259      0   1241
   770   1259      0   1241
   771   1259      0   1241
   772   1259      0   1241
   773   1259      0   1241
   774   1259      0   1241
   775   1259      0   1241
   776   1259      0   1241
   777   1259      0   1241
   778   1259      0   1241
   779   1259      0   1241
   780   1259      0   1241
   781   1259      0   1241
   782   1259      0   1241
   783   1259      0   1241
   784   1259      0   1241
   785   1259      0   1241
   786   1259      0   1241
   787   1259      0   1241
   788   1259      0   1241
   789   1259      0   1241
   790   1259      0   1241
   791   1259      0   1241
   792   1259      0   1241
   793   1259      0   1241
   794   1259      0   1241
   795   1259      0   1241
   796   1259      0   1241
   797   1259      0   1241
   798   1259      0   1241
   799   1259      0   1241
   800   1259      0   1241
   801   1259      0   1241
   802   1259      0   1241
   803   1259      0   1241
   804   1259      0   1241
   805   1259      0   1241
   806   1259      0   1241
   807   1259      0   1241
   808   1259      0   1241
   809   1259      0   1241
   810   1259      0   1241
   811   1259      0   1241
   812   1259      0   1241
   813   1259      0   1241
   814   1259      0   1241
   815   1259      0   1241
   816   1259      0   1241
   817   1259      0   1241
   818   1259      0   1241
   819   1259      0   1241
   820   1259      0   1241
   821   1259      0   1241
   822   1259      0   1241
   823   1259      0   1241
   824   1259      0   1241
   825   1259      0   1241
   826   1259      0   1241
   827   1259      0   1241
   828   1259      0   1241
   829   1259      0   1241
   830   1259      0   1241
   831   1259      0   1241
   832   1259      0   1241
   833   1259      0   1241
   834   1259      0   1241
   835   1259      0   1241
   836   1259      0   1241
   837   1259      0   1241
   838   1259      0   1241
   839   1259      0   1241
   840   1259      0   1241
   841   1259      0   1241
   842   1259      0   1241
   843   1259      0   1241
   844   1259      0   1241
   845   1259      0   1241
   846   1259      0   1241
   847   1259      0   1241
   848   1259      0   1241
   849   1259      0   1241
   850   1259      0   1241
   851   1259      0   1241
   852   1259      0   1241
   853   1259      0   1241
   854   1259      0   1241
   855   1259      0   1241
   856   1259      0   1241
   857   1259      0   1241
   858   1259      0   1241
   859   1259      0   1241
   860   1259      0   1241
   861   1259      0   1241
   862   1259      0   1241
   863   1259      0   1241
   864   1259      0   1241
   865   1259      0   1241
   866   1259      0   1241
   867   1259      0   1241
   868   1259      0   1241
   869   1259      0   1241
   870   1259      0   1241
   871   1259      0   1241
   872   1259      0   1241
   873   1259      0   1241
   874   1259      0   1241
   875   1259      0   1241
   876   1259      0   1241
   877   1259      0   1241
   878   1259      0   1241
   879   1259      0   1241
   880   1259      0   1241
   881   1259      0   1241
   882   1259      0   1241
   883   1259      0   1241
   884   1259      0   1241
   885   1259      0   1241
   886   1259      0   1241
   887   1259      0   1241
   888   1259      0   1241
   889   1259      0   1241
   890   1259      0   1241
   891   1259      0   1241
   892   1259      0   1241
   893   1259      0   1241
   894   1259      0   1241
   895   1259      0   1241
   896   1259      0   1241
   897   1259      0   1241
   898   1259      0   1241
   899   1259      0   1241
   900   1259      0   1241
   901   1259      0   1241
   902   1259      0   1241
   903   1259      0   1241
   904   1259      0   1241
   905   1259      0   1241
   906   1259      0   1241
   907   1259      0   1241
   908   1259      0   1241
   909   1259      0   1241
   910   1259      0   1241
   911   1259      0   1241
   912   1259      0   1241
   913   1259      0   1241
   914   1259      0   1241
   915   1259      0   1241
   916   1259      0   1241
   917   1259      0   1241
   918   1259      0   1241
   919   1259      0   1241
   920   1259      0   1241
   921   1259      0   1241
   922   1259      0   1241
   923   1259      0   1241
   924   1259      0   1241
   925   1259      0   1241
   926   1259      0   1241
   927   1259      0   1241
   928   1259      0   1241
   929   1259      0   1241
   930   1259      0   1241
   931   1259      0   1241
   932   1259      0   1241
   933   1259      0   1241
   934   1259      0   1241
   935   1259      0   1241
   936   1259      0   1241
   937   1259      0   1241
   938   1259      0   1241
   939   1259      0   1241
   940   1259      0   1241
   941   1259      0   1241
   942   1259      0   1241
   943   1259      0   1241
   944   1259      0   1241
   945   1259      0   1241
   946   1259      0   1241
   947   1259      0   1241
   948   1259      0   1241
   949   1259      0   1241
   950   1259      0   1241
   951   1259      0   1241
   952   1259      0   1241
   953   1259      0   1241
   954   1259      0   1241
   955   1259      0   1241
   956   1259      0   1241
   957   1259      0   1241
   958   1259      0   1241
   959   1259      0   1241
   960   1259      0   1241
   961   1259      0   1241
   962   1259      0   1241
   963   1259      0   1241
   964   1259      0   1241
   965   1259      0   1241
   966   1259      0   1241
   967   1259      0   1241
   968   1259      0   1241
   969   1259      0   1241
   970   1259      0   1241
   971   1259      0   1241
   972   1259      0   1241
   973   1259      0   1241
   974   1259      0   1241
   975   1259      0   1241
   976   1259      0   1241
   977   1259      0   1241
   978   1259      0   1241
   979   1259      0   1241
   980   1259      0   1241
   981   1259      0   1241
   982   1259      0   1241
   983   1259      0   1241
   984   1259      0   1241
   985   1259      0   1241
   986   1259      0   1241
   987   1259      0   1241
   988   1259      0   1241
   989   1259      0   1241
   990   1259      0   1241
   991   1259      0   1241
   992   1259      0   1241
   993   1259      0   1241
   994   1259      0   1241
   995   1259      0   1241
   996   1259      0   1241
   997   1259      0   1241
   998   1259      0   1241
   999   1259      0   1241
  1000   1259      0   1241
