# time (sweeps) | Susceptible | Infected | Recovered
     0    561      0   1939
     1    561      0   1939
     2    561      0   1939
     3    561      0   1939
     4    561      0   1939
     5    561      0   1939
     6    561      0   1939
     7    561      0   1939
     8    561      0   1939
     9    561      0   1939
    10    561      0   1939
    11    561      0   1939
    12    561      0   1939
    13    561      0   1939
    14    561      0   1939
    15    561      0   1939
    16    561      0   1939
    17    561      0   1939
    18    561      0   1939
    19    561      0   1939
    20    561      0   1939
    21    561      0   1939
    22    561      0   1939
    23    561      0   1939
    24    561      0   1939
    25    561      0   1939
    26    561      0   1939
    27    561      0   1939
    28    561      0   1939
    29    561      0   1939
    30    561      0   1939
    31    561      0   1939
    32    561      0   1939
    33    561      0   1939
    34    561      0   1939
    35    561      0   1939
    36    561      0   1939
    37    561      0   1939
    38    561      0   1939
    39    561      0   1939
    40    561      0   1939
    41    561      0   1939
    42    561      0   1939
    43    561      0   1939
    44    561      0   1939
    45    561      0   1939
    46    561      0   1939
    47    561      0   1939
    48    561      0   1939
    49    561      0   1939
    50    561      0   1939
    51    561      0   1939
    52    561      0   1939
    53    561      0   1939
    54    561      0   1939
    55    561      0   1939
    56    561      0   1939
    57    561      0   1939
    58    561      0   1939
    59    561      0   1939
    60    561      0   1939
    61    561      0   1939
    62    561      0   1939
    63    561      0   1939
    64    561      0   1939
    65    561      0   1939
    66    561      0   1939
    67    561      0   1939
    68    561      0   1939
    69    561      0   1939
    70    561      0   1939
    71    561      0   1939
    72    561      0   1939
    73    561      0   1939
    74    561      0   1939
    75    561      0   1939
    76    561      0   1939
    77    561      0   1939
    78    561      0   1939
    79    561      0   1939
    80    561      0   1939
    81    561      0   1939
    82    561      0   1939
    83    561      0   1939
    84    561      0   1939
    85    561      0   1939
    86    561      0   1939
    87    561      0   1939
    88    561      0   1939
    89    561      0   1939
    90    561      0   1939
    91    561      0   1939
    92    561      0   1939
    93    561      0   1939
    94    561      0   1939
    95    561      0   1939
    96    561      0   1939
    97    561      0   1939
    98    561      0   1939
    99    561      0   1939
   100    561      0   1939
   101    561      0   1939
   102    561      0   1939
   103    561      0   1939
   104    561      0   1939
   105    561      0   1939
   106    561      0   1939
   107    561      0   1939
   108    561      0   1939
   109    561      0   1939
   110    561      0   1939
   111    561      0   1939
   112    561      0   1939
   113    561      0   1939
   114    561      0   1939
   115    561      0   1939
   116    561      0   1939
   117    561      0   1939
   118    561      0   1939
   119    561      0   1939
   120    561      0   1939
   121    561      0   1939
   122    561      0   1939
   123    561      0   1939
   124    561      0   1939
   125    561      0   1939
   126    561      0   1939
   127    561      0   1939
   128    561      0   1939
   129    561      0   1939
   130    561      0   1939
   131    561      0   1939
   132    561      0   1939
   133    561      0   1939
   134    561      0   1939
   135    561      0   1939
   136    561      0   1939
   137    561      0   1939
   138    561      0   1939
   139    561      0   1939
   140    561      0   1939
   141    561      0   1939
   142    561      0   1939
   143    561      0   1939
   144    561      0   1939
   145    561      0   1939
   146    561      0   1939
   147    561      0   1939
   148    561      0   1939
   149    561      0   1939
   150    561      0   1939
   151    561      0   1939
   152    561      0   1939
   153    561      0   1939
   154    561      0   1939
   155    561      0   1939
   156    561      0   1939
   157    561      0   1939
   158    561      0   1939
   159    561      0   1939
   160    561      0   1939
   161    561      0   1939
   162    561      0   1939
   163    561      0   1939
   164    561      0   1939
   165    561      0   1939
   166    561      0   1939
   167    561      0   1939
   168    561      0   1939
   169    561      0   1939
   170    561      0   1939
   171    561      0   1939
   172    561      0   1939
   173    561      0   1939
   174    561      0   1939
   175    561      0   1939
   176    561      0   1939
   177    561      0   1939
   178    561      0   1939
   179    561      0   1939
   180    561      0   1939
   181    561      0   1939
   182    561      0   1939
   183    561      0   1939
   184    561      0   1939
   185    561      0   1939
   186    561      0   1939
   187    561      0   1939
   188    561      0   1939
   189    561      0   1939
   190    561      0   1939
   191    561      0   1939
   192    561      0   1939
   193    561      0   1939
   194    561      0   1939
   195    561      0   1939
   196    561      0   1939
   197    561      0   1939
   198    561      0   1939
   199    561      0   1939
   200    561      0   1939
   201    561      0   1939
   202    561      0   1939
   203    561      0   1939
   204    561      0   1939
   205    561      0   1939
   206    561      0   1939
   207    561      0   1939
   208    561      0   1939
   209    561      0   1939
   210    561      0   1939
   211    561      0   1939
   212    561      0   1939
   213    561      0   1939
   214    561      0   1939
   215    561      0   1939
   216    561      0   1939
   217    561      0   1939
   218    561      0   1939
   219    561      0   1939
   220    561      0   1939
   221    561      0   1939
   222    561      0   1939
   223    561      0   1939
   224    561      0   1939
   225    561      0   1939
   226    561      0   1939
   227    561      0   1939
   228    561      0   1939
   229    561      0   1939
   230    561      0   1939
   231    561      0   1939
   232    561      0   1939
   233    561      0   1939
   234    561      0   1939
   235    561      0   1939
   236    561      0   1939
   237    561      0   1939
   238    561      0   1939
   239    561      0   1939
   240    561      0   1939
   241    561      0   1939
   242    561      0   1939
   243    561      0   1939
   244    561      0   1939
   245    561      0   1939
   246    561      0   1939
   247    561      0   1939
   248    561      0   1939
   249    561      0   1939
   250    561      0   1939
   251    561      0   1939
   252    561      0   1939
   253    561      0   1939
   254    561      0   1939
   255    561      0   1939
   256    561      0   1939
   257    561      0   1939
   258    561      0   1939
   259    561      0   1939
   260    561      0   1939
   261    561      0   1939
   262    561      0   1939
   263    561      0   1939
   264    561      0   1939
   265    561      0   1939
   266    561      0   1939
   267    561      0   1939
   268    561      0   1939
   269    561      0   1939
   270    561      0   1939
   271    561      0   1939
   272    561      0   1939
   273    561      0   1939
   274    561      0   1939
   275    561      0   1939
   276    561      0   1939
   277    561      0   1939
   278    561      0   1939
   279    561      0   1939
   280    561      0   1939
   281    561      0   1939
   282    561      0   1939
   283    561      0   1939
   284    561      0   1939
   285    561      0   1939
   286    561      0   1939
   287    561      0   1939
   288    561      0   1939
   289    561      0   1939
   290    561      0   1939
   291    561      0   1939
   292    561      0   1939
   293    561      0   1939
   294    561      0   1939
   295    561      0   1939
   296    561      0   1939
   297    561      0   1939
   298    561      0   1939
   299    561      0   1939
   300    561      0   1939
   301    561      0   1939
   302    561      0   1939
   303    561      0   1939
   304    561      0   1939
   305    561      0   1939
   306    561      0   1939
   307    561      0   1939
   308    561      0   1939
   309    561      0   1939
   310    561      0   1939
   311    561      0   1939
   312    561      0   1939
   313    561      0   1939
   314    561      0   1939
   315    561      0   1939
   316    561      0   1939
   317    561      0   1939
   318    561      0   1939
   319    561      0   1939
   320    561      0   1939
   321    561      0   1939
   322    561      0   1939
   323    561      0   1939
   324    561      0   1939
   325    561      0   1939
   326    561      0   1939
   327    561      0   1939
   328    561      0   1939
   329    561      0   1939
   330    561      0   1939
   331    561      0   1939
   332    561      0   1939
   333    561      0   1939
   334    561      0   1939
   335    561      0   1939
   336    561      0   1939
   337    561      0   1939
   338    561      0   1939
   339    561      0   1939
   340    561      0   1939
   341    561      0   1939
   342    561      0   1939
   343    561      0   1939
   344    561      0   1939
   345    561      0   1939
   346    561      0   1939
   347    561      0   1939
   348    561      0   1939
   349    561      0   1939
   350    561      0   1939
   351    561      0   1939
   352    561      0   1939
   353    561      0   1939
   354    561      0   1939
   355    561      0   1939
   356    561      0   1939
   357    561      0   1939
   358    561      0   1939
   359    561      0   1939
   360    561      0   1939
   361    561      0   1939
   362    561      0   1939
   363    561      0   1939
   364    561      0   1939
   365    561      0   1939
   366    561      0   1939
   367    561      0   1939
   368    561      0   1939
   369    561      0   1939
   370    561      0   1939
   371    561      0   1939
   372    561      0   1939
   373    561      0   1939
   374    561      0   1939
   375    561      0   1939
   376    561      0   1939
   377    561      0   1939
   378    561      0   1939
   379    561      0   1939
   380    561      0   1939
   381    561      0   1939
   382    561      0   1939
   383    561      0   1939
   384    561      0   1939
   385    561      0   1939
   386    561      0   1939
   387    561      0   1939
   388    561      0   1939
   389    561      0   1939
   390    561      0   1939
   391    561      0   1939
   392    561      0   1939
   393    561      0   1939
   394    561      0   1939
   395    561      0   1939
   396    561      0   1939
   397    561      0   1939
   398    561      0   1939
   399    561      0   1939
   400    561      0   1939
   401    561      0   1939
   402    561      0   1939
   403    561      0   1939
   404    561      0   1939
   405    561      0   1939
   406    561      0   1939
   407    561      0   1939
   408    561      0   1939
   409    561      0   1939
   410    561      0   1939
   411    561      0   1939
   412    561      0   1939
   413    561      0   1939
   414    561      0   1939
   415    561      0   1939
   416    561      0   1939
   417    561      0   1939
   418    561      0   1939
   419    561      0   1939
   420    561      0   1939
   421    561      0   1939
   422    561      0   1939
   423    561      0   1939
   424    561      0   1939
   425    561      0   1939
   426    561      0   1939
   427    561      0   1939
   428    561      0   1939
   429    561      0   1939
   430    561      0   1939
   431    561      0   1939
   432    561      0   1939
   433    561      0   1939
   434    561      0   1939
   435    561      0   1939
   436    561      0   1939
   437    561      0   1939
   438    561      0   1939
   439    561      0   1939
   440    561      0   1939
   441    561      0   1939
   442    561      0   1939
   443    561      0   1939
   444    561      0   1939
   445    561      0   1939
   446    561      0   1939
   447    561      0   1939
   448    561      0   1939
   449    561      0   1939
   450    561      0   1939
   451    561      0   1939
   452    561      0   1939
   453    561      0   1939
   454    561      0   1939
   455    561      0   1939
   456    561      0   1939
   457    561      0   1939
   458    561      0   1939
   459    561      0   1939
   460    561      0   1939
   461    561      0   1939
   462    561      0   1939
   463    561      0   1939
   464    561      0   1939
   465    561      0   1939
   466    561      0   1939
   467    561      0   1939
   468    561      0   1939
   469    561      0   1939
   470    561      0   1939
   471    561      0   1939
   472    561      0   1939
   473    561      0   1939
   474    561      0   1939
   475    561      0   1939
   476    561      0   1939
   477    561      0   1939
   478    561      0   1939
   479    561      0   1939
   480    561      0   1939
   481    561      0   1939
   482    561      0   1939
   483    561      0   1939
   484    561      0   1939
   485    561      0   1939
   486    561      0   1939
   487    561      0   1939
   488    561      0   1939
   489    561      0   1939
   490    561      0   1939
   491    561      0   1939
   492    561      0   1939
   493    561      0   1939
   494    561      0   1939
   495    561      0   1939
   496    561      0   1939
   497    561      0   1939
   498    561      0   1939
   499    561      0   1939
   500    561      0   1939
   501    561      0   1939
   502    561      0   1939
   503    561      0   1939
   504    561      0   1939
   505    561      0   1939
   506    561      0   1939
   507    561      0   1939
   508    561      0   1939
   509    561      0   1939
   510    561      0   1939
   511    561      0   1939
   512    561      0   1939
   513    561      0   1939
   514    561      0   1939
   515    561      0   1939
   516    561      0   1939
   517    561      0   1939
   518    561      0   1939
   519    561      0   1939
   520    561      0   1939
   521    561      0   1939
   522    561      0   1939
   523    561      0   1939
   524    561      0   1939
   525    561      0   1939
   526    561      0   1939
   527    561      0   1939
   528    561      0   1939
   529    561      0   1939
   530    561      0   1939
   531    561      0   1939
   532    561      0   1939
   533    561      0   1939
   534    561      0   1939
   535    561      0   1939
   536    561      0   1939
   537    561      0   1939
   538    561      0   1939
   539    561      0   1939
   540    561      0   1939
   541    561      0   1939
   542    561      0   1939
   543    561      0   1939
   544    561      0   1939
   545    561      0   1939
   546    561      0   1939
   547    561      0   1939
   548    561      0   1939
   549    561      0   1939
   550    561      0   1939
   551    561      0   1939
   552    561      0   1939
   553    561      0   1939
   554    561      0   1939
   555    561      0   1939
   556    561      0   1939
   557    561      0   1939
   558    561      0   1939
   559    561      0   1939
   560    561      0   1939
   561    561      0   1939
   562    561      0   1939
   563    561      0   1939
   564    561      0   1939
   565    561      0   1939
   566    561      0   1939
   567    561      0   1939
   568    561      0   1939
   569    561      0   1939
   570    561      0   1939
   571    561      0   1939
   572    561      0   1939
   573    561      0   1939
   574    561      0   1939
   575    561      0   1939
   576    561      0   1939
   577    561      0   1939
   578    561      0   1939
   579    561      0   1939
   580    561      0   1939
   581    561      0   1939
   582    561      0   1939
   583    561      0   1939
   584    561      0   1939
   585    561      0   1939
   586    561      0   1939
   587    561      0   1939
   588    561      0   1939
   589    561      0   1939
   590    561      0   1939
   591    561      0   1939
   592    561      0   1939
   593    561      0   1939
   594    561      0   1939
   595    561      0   1939
   596    561      0   1939
   597    561      0   1939
   598    561      0   1939
   599    561      0   1939
   600    561      0   1939
   601    561      0   1939
   602    561      0   1939
   603    561      0   1939
   604    561      0   1939
   605    561      0   1939
   606    561      0   1939
   607    561      0   1939
   608    561      0   1939
   609    561      0   1939
   610    561      0   1939
   611    561      0   1939
   612    561      0   1939
   613    561      0   1939
   614    561      0   1939
   615    561      0   1939
   616    561      0   1939
   617    561      0   1939
   618    561      0   1939
   619    561      0   1939
   620    561      0   1939
   621    561      0   1939
   622    561      0   1939
   623    561      0   1939
   624    561      0   1939
   625    561      0   1939
   626    561      0   1939
   627    561      0   1939
   628    561      0   1939
   629    561      0   1939
   630    561      0   1939
   631    561      0   1939
   632    561      0   1939
   633    561      0   1939
   634    561      0   1939
   635    561      0   1939
   636    561      0   1939
   637    561      0   1939
   638    561      0   1939
   639    561      0   1939
   640    561      0   1939
   641    561      0   1939
   642    561      0   1939
   643    561      0   1939
   644    561      0   1939
   645    561      0   1939
   646    561      0   1939
   647    561      0   1939
   648    561      0   1939
   649    561      0   1939
   650    561      0   1939
   651    561      0   1939
   652    561      0   1939
   653    561      0   1939
   654    561      0   1939
   655    561      0   1939
   656    561      0   1939
   657    561      0   1939
   658    561      0   1939
   659    561      0   1939
   660    561      0   1939
   661    561      0   1939
   662    561      0   1939
   663    561      0   1939
   664    561      0   1939
   665    561      0   1939
   666    561      0   1939
   667    561      0   1939
   668    561      0   1939
   669    561      0   1939
   670    561      0   1939
   671    561      0   1939
   672    561      0   1939
   673    561      0   1939
   674    561      0   1939
   675    561      0   1939
   676    561      0   1939
   677    561      0   1939
   678    561      0   1939
   679    561      0   1939
   680    561      0   1939
   681    561      0   1939
   682    561      0   1939
   683    561      0   1939
   684    561      0   1939
   685    561      0   1939
   686    561      0   1939
   687    561      0   1939
   688    561      0   1939
   689    561      0   1939
   690    561      0   1939
   691    561      0   1939
   692    561      0   1939
   693    561      0   1939
   694    561      0   1939
   695    561      0   1939
   696    561      0   1939
   697    561      0   1939
   698    561      0   1939
   699    561      0   1939
   700    561      0   1939
   701    561      0   1939
   702    561      0   1939
   703    561      0   1939
   704    561      0   1939
   705    561      0   1939
   706    561      0   1939
   707    561      0   1939
   708    561      0   1939
   709    561      0   1939
   710    561      0   1939
   711    561      0   1939
   712    561      0   1939
   713    561      0   1939
   714    561      0   1939
   715    561      0   1939
   716    561      0   1939
   717    561      0   1939
   718    561      0   1939
   719    561      0   1939
   720    561      0   1939
   721    561      0   1939
   722    561      0   1939
   723    561      0   1939
   724    561      0   1939
   725    561      0   1939
   726    561      0   1939
   727    561      0   1939
   728    561      0   1939
   729    561      0   1939
   730    561      0   1939
   731    561      0   1939
   732    561      0   1939
   733    561      0   1939
   734    561      0   1939
   735    561      0   1939
   736    561      0   1939
   737    561      0   1939
   738    561      0   1939
   739    561      0   1939
   740    561      0   1939
   741    561      0   1939
   742    561      0   1939
   743    561      0   1939
   744    561      0   1939
   745    561      0   1939
   746    561      0   1939
   747    561      0   1939
   748    561      0   1939
   749    561      0   1939
   750    561      0   1939
   751    561      0   1939
   752    561      0   1939
   753    561      0   1939
   754    561      0   1939
   755    561      0   1939
   756    561      0   1939
   757    561      0   1939
   758    561      0   1939
   759    561      0   1939
   760    561      0   1939
   761    561      0   1939
   762    561      0   1939
   763    561      0   1939
   764    561      0   1939
   765    561      0   1939
   766    561      0   1939
   767    561      0   1939
   768    561      0   1939
   769    561      0   1939
   770    561      0   1939
   771    561      0   1939
   772    561      0   1939
   773    561      0   1939
   774    561      0   1939
   775    561      0   1939
   776    561      0   1939
   777    561      0   1939
   778    561      0   1939
   779    561      0   1939
   780    561      0   1939
   781    561      0   1939
   782    561      0   1939
   783    561      0   1939
   784    561      0   1939
   785    561      0   1939
   786    561      0   1939
   787    561      0   1939
   788    561      0   1939
   789    561      0   1939
   790    561      0   1939
   791    561      0   1939
   792    561      0   1939
   793    561      0   1939
   794    561      0   1939
   795    561      0   1939
   796    561      0   1939
   797    561      0   1939
   798    561      0   1939
   799    561      0   1939
   800    561      0   1939
   801    561      0   1939
   802    561      0   1939
   803    561      0   1939
   804    561      0   1939
   805    561      0   1939
   806    561      0   1939
   807    561      0   1939
   808    561      0   1939
   809    561      0   1939
   810    561      0   1939
   811    561      0   1939
   812    561      0   1939
   813    561      0   1939
   814    561      0   1939
   815    561      0   1939
   816    561      0   1939
   817    561      0   1939
   818    561      0   1939
   819    561      0   1939
   820    561      0   1939
   821    561      0   1939
   822    561      0   1939
   823    561      0   1939
   824    561      0   1939
   825    561      0   1939
   826    561      0   1939
   827    561      0   1939
   828    561      0   1939
   829    561      0   1939
   830    561      0   1939
   831    561      0   1939
   832    561      0   1939
   833    561      0   1939
   834    561      0   1939
   835    561      0   1939
   836    561      0   1939
   837    561      0   1939
   838    561      0   1939
   839    561      0   1939
   840    561      0   1939
   841    561      0   1939
   842    561      0   1939
   843    561      0   1939
   844    561      0   1939
   845    561      0   1939
   846    561      0   1939
   847    561      0   1939
   848    561      0   1939
   849    561      0   1939
   850    561      0   1939
   851    561      0   1939
   852    561      0   1939
   853    561      0   1939
   854    561      0   1939
   855    561      0   1939
   856    561      0   1939
   857    561      0   1939
   858    561      0   1939
   859    561      0   1939
   860    561      0   1939
   861    561      0   1939
   862    561      0   1939
   863    561      0   1939
   864    561      0   1939
   865    561      0   1939
   866    561      0   1939
   867    561      0   1939
   868    561      0   1939
   869    561      0   1939
   870    561      0   1939
   871    561      0   1939
   872    561      0   1939
   873    561      0   1939
   874    561      0   1939
   875    561      0   1939
   876    561      0   1939
   877    561      0   1939
   878    561      0   1939
   879    561      0   1939
   880    561      0   1939
   881    561      0   1939
   882    561      0   1939
   883    561      0   1939
   884    561      0   1939
   885    561      0   1939
   886    561      0   1939
   887    561      0   1939
   888    561      0   1939
   889    561      0   1939
   890    561      0   1939
   891    561      0   1939
   892    561      0   1939
   893    561      0   1939
   894    561      0   1939
   895    561      0   1939
   896    561      0   1939
   897    561      0   1939
   898    561      0   1939
   899    561      0   1939
   900    561      0   1939
   901    561      0   1939
   902    561      0   1939
   903    561      0   1939
   904    561      0   1939
   905    561      0   1939
   906    561      0   1939
   907    561      0   1939
   908    561      0   1939
   909    561      0   1939
   910    561      0   1939
   911    561      0   1939
   912    561      0   1939
   913    561      0   1939
   914    561      0   1939
   915    561      0   1939
   916    561      0   1939
   917    561      0   1939
   918    561      0   1939
   919    561      0   1939
   920    561      0   1939
   921    561      0   1939
   922    561      0   1939
   923    561      0   1939
   924    561      0   1939
   925    561      0   1939
   926    561      0   1939
   927    561      0   1939
   928    561      0   1939
   929    561      0   1939
   930    561      0   1939
   931    561      0   1939
   932    561      0   1939
   933    561      0   1939
   934    561      0   1939
   935    561      0   1939
   936    561      0   1939
   937    561      0   1939
   938    561      0   1939
   939    561      0   1939
   940    561      0   1939
   941    561      0   1939
   942    561      0   1939
   943    561      0   1939
   944    561      0   1939
   945    561      0   1939
   946    561      0   1939
   947    561      0   1939
   948    561      0   1939
   949    561      0   1939
   950    561      0   1939
   951    561      0   1939
   952    561      0   1939
   953    561      0   1939
   954    561      0   1939
   955    561      0   1939
   956    561      0   1939
   957    561      0   1939
   958    561      0   1939
   959    561      0   1939
   960    561      0   1939
   961    561      0   1939
   962    561      0   1939
   963    561      0   1939
   964    561      0   1939
   965    561      0   1939
   966    561      0   1939
   967    561      0   1939
   968    561      0   1939
   969    561      0   1939
   970    561      0   1939
   971    561      0   1939
   972    561      0   1939
   973    561      0   1939
   974    561      0   1939
   975    561      0   1939
   976    561      0   1939
   977    561      0   1939
   978    561      0   1939
   979    561      0   1939
   980    561      0   1939
   981    561      0   1939
   982    561      0   1939
   983    561      0   1939
   984    561      0   1939
   985    561      0   1939
   986    561      0   1939
   987    561      0   1939
   988    561      0   1939
   989    561      0   1939
   990    561      0   1939
   991    561      0   1939
   992    561      0   1939
   993    561      0   1939
   994    561      0   1939
   995    561      0   1939
   996    561      0   1939
   997    561      0   1939
   998    561      0   1939
   999    561      0   1939
  1000    561      0   1939
