# time (sweeps) | Susceptible | Infected | Recovered
     0   1344      0   1156
     1   1344      0   1156
     2   1344      0   1156
     3   1344      0   1156
     4   1344      0   1156
     5   1344      0   1156
     6   1344      0   1156
     7   1344      0   1156
     8   1344      0   1156
     9   1344      0   1156
    10   1344      0   1156
    11   1344      0   1156
    12   1344      0   1156
    13   1344      0   1156
    14   1344      0   1156
    15   1344      0   1156
    16   1344      0   1156
    17   1344      0   1156
    18   1344      0   1156
    19   1344      0   1156
    20   1344      0   1156
    21   1344      0   1156
    22   1344      0   1156
    23   1344      0   1156
    24   1344      0   1156
    25   1344      0   1156
    26   1344      0   1156
    27   1344      0   1156
    28   1344      0   1156
    29   1344      0   1156
    30   1344      0   1156
    31   1344      0   1156
    32   1344      0   1156
    33   1344      0   1156
    34   1344      0   1156
    35   1344      0   1156
    36   1344      0   1156
    37   1344      0   1156
    38   1344      0   1156
    39   1344      0   1156
    40   1344      0   1156
    41   1344      0   1156
    42   1344      0   1156
    43   1344      0   1156
    44   1344      0   1156
    45   1344      0   1156
    46   1344      0   1156
    47   1344      0   1156
    48   1344      0   1156
    49   1344      0   1156
    50   1344      0   1156
    51   1344      0   1156
    52   1344      0   1156
    53   1344      0   1156
    54   1344      0   1156
    55   1344      0   1156
    56   1344      0   1156
    57   1344      0   1156
    58   1344      0   1156
    59   1344      0   1156
    60   1344      0   1156
    61   1344      0   1156
    62   1344      0   1156
    63   1344      0   1156
    64   1344      0   1156
    65   1344      0   1156
    66   1344      0   1156
    67   1344      0   1156
    68   1344      0   1156
    69   1344      0   1156
    70   1344      0   1156
    71   1344      0   1156
    72   1344      0   1156
    73   1344      0   1156
    74   1344      0   1156
    75   1344      0   1156
    76   1344      0   1156
    77   1344      0   1156
    78   1344      0   1156
    79   1344      0   1156
    80   1344      0   1156
    81   1344      0   1156
    82   1344      0   1156
    83   1344      0   1156
    84   1344      0   1156
    85   1344      0   1156
    86   1344      0   1156
    87   1344      0   1156
    88   1344      0   1156
    89   1344      0   1156
    90   1344      0   1156
    91   1344      0   1156
    92   1344      0   1156
    93   1344      0   1156
    94   1344      0   1156
    95   1344      0   1156
    96   1344      0   1156
    97   1344      0   1156
    98   1344      0   1156
    99   1344      0   1156
   100   1344      0   1156
   101   1344      0   1156
   102   1344      0   1156
   103   1344      0   1156
   104   1344      0   1156
   105   1344      0   1156
   106   1344      0   1156
   107   1344      0   1156
   108   1344      0   1156
   109   1344      0   1156
   110   1344      0   1156
   111   1344      0   1156
   112   1344      0   1156
   113   1344      0   1156
   114   1344      0   1156
   115   1344      0   1156
   116   1344      0   1156
   117   1344      0   1156
   118   1344      0   1156
   119   1344      0   1156
   120   1344      0   1156
   121   1344      0   1156
   122   1344      0   1156
   123   1344      0   1156
   124   1344      0   1156
   125   1344      0   1156
   126   1344      0   1156
   127   1344      0   1156
   128   1344      0   1156
   129   1344      0   1156
   130   1344      0   1156
   131   1344      0   1156
   132   1344      0   1156
   133   1344      0   1156
   134   1344      0   1156
   135   1344      0   1156
   136   1344      0   1156
   137   1344      0   1156
   138   1344      0   1156
   139   1344      0   1156
   140   1344      0   1156
   141   1344      0   1156
   142   1344      0   1156
   143   1344      0   1156
   144   1344      0   1156
   145   1344      0   1156
   146   1344      0   1156
   147   1344      0   1156
   148   1344      0   1156
   149   1344      0   1156
   150   1344      0   1156
   151   1344      0   1156
   152   1344      0   1156
   153   1344      0   1156
   154   1344      0   1156
   155   1344      0   1156
   156   1344      0   1156
   157   1344      0   1156
   158   1344      0   1156
   159   1344      0   1156
   160   1344      0   1156
   161   1344      0   1156
   162   1344      0   1156
   163   1344      0   1156
   164   1344      0   1156
   165   1344      0   1156
   166   1344      0   1156
   167   1344      0   1156
   168   1344      0   1156
   169   1344      0   1156
   170   1344      0   1156
   171   1344      0   1156
   172   1344      0   1156
   173   1344      0   1156
   174   1344      0   1156
   175   1344      0   1156
   176   1344      0   1156
   177   1344      0   1156
   178   1344      0   1156
   179   1344      0   1156
   180   1344      0   1156
   181   1344      0   1156
   182   1344      0   1156
   183   1344      0   1156
   184   1344      0   1156
   185   1344      0   1156
   186   1344      0   1156
   187   1344      0   1156
   188   1344      0   1156
   189   1344      0   1156
   190   1344      0   1156
   191   1344      0   1156
   192   1344      0   1156
   193   1344      0   1156
   194   1344      0   1156
   195   1344      0   1156
   196   1344      0   1156
   197   1344      0   1156
   198   1344      0   1156
   199   1344      0   1156
   200   1344      0   1156
   201   1344      0   1156
   202   1344      0   1156
   203   1344      0   1156
   204   1344      0   1156
   205   1344      0   1156
   206   1344      0   1156
   207   1344      0   1156
   208   1344      0   1156
   209   1344      0   1156
   210   1344      0   1156
   211   1344      0   1156
   212   1344      0   1156
   213   1344      0   1156
   214   1344      0   1156
   215   1344      0   1156
   216   1344      0   1156
   217   1344      0   1156
   218   1344      0   1156
   219   1344      0   1156
   220   1344      0   1156
   221   1344      0   1156
   222   1344      0   1156
   223   1344      0   1156
   224   1344      0   1156
   225   1344      0   1156
   226   1344      0   1156
   227   1344      0   1156
   228   1344      0   1156
   229   1344      0   1156
   230   1344      0   1156
   231   1344      0   1156
   232   1344      0   1156
   233   1344      0   1156
   234   1344      0   1156
   235   1344      0   1156
   236   1344      0   1156
   237   1344      0   1156
   238   1344      0   1156
   239   1344      0   1156
   240   1344      0   1156
   241   1344      0   1156
   242   1344      0   1156
   243   1344      0   1156
   244   1344      0   1156
   245   1344      0   1156
   246   1344      0   1156
   247   1344      0   1156
   248   1344      0   1156
   249   1344      0   1156
   250   1344      0   1156
   251   1344      0   1156
   252   1344      0   1156
   253   1344      0   1156
   254   1344      0   1156
   255   1344      0   1156
   256   1344      0   1156
   257   1344      0   1156
   258   1344      0   1156
   259   1344      0   1156
   260   1344      0   1156
   261   1344      0   1156
   262   1344      0   1156
   263   1344      0   1156
   264   1344      0   1156
   265   1344      0   1156
   266   1344      0   1156
   267   1344      0   1156
   268   1344      0   1156
   269   1344      0   1156
   270   1344      0   1156
   271   1344      0   1156
   272   1344      0   1156
   273   1344      0   1156
   274   1344      0   1156
   275   1344      0   1156
   276   1344      0   1156
   277   1344      0   1156
   278   1344      0   1156
   279   1344      0   1156
   280   1344      0   1156
   281   1344      0   1156
   282   1344      0   1156
   283   1344      0   1156
   284   1344      0   1156
   285   1344      0   1156
   286   1344      0   1156
   287   1344      0   1156
   288   1344      0   1156
   289   1344      0   1156
   290   1344      0   1156
   291   1344      0   1156
   292   1344      0   1156
   293   1344      0   1156
   294   1344      0   1156
   295   1344      0   1156
   296   1344      0   1156
   297   1344      0   1156
   298   1344      0   1156
   299   1344      0   1156
   300   1344      0   1156
   301   1344      0   1156
   302   1344      0   1156
   303   1344      0   1156
   304   1344      0   1156
   305   1344      0   1156
   306   1344      0   1156
   307   1344      0   1156
   308   1344      0   1156
   309   1344      0   1156
   310   1344      0   1156
   311   1344      0   1156
   312   1344      0   1156
   313   1344      0   1156
   314   1344      0   1156
   315   1344      0   1156
   316   1344      0   1156
   317   1344      0   1156
   318   1344      0   1156
   319   1344      0   1156
   320   1344      0   1156
   321   1344      0   1156
   322   1344      0   1156
   323   1344      0   1156
   324   1344      0   1156
   325   1344      0   1156
   326   1344      0   1156
   327   1344      0   1156
   328   1344      0   1156
   329   1344      0   1156
   330   1344      0   1156
   331   1344      0   1156
   332   1344      0   1156
   333   1344      0   1156
   334   1344      0   1156
   335   1344      0   1156
   336   1344      0   1156
   337   1344      0   1156
   338   1344      0   1156
   339   1344      0   1156
   340   1344      0   1156
   341   1344      0   1156
   342   1344      0   1156
   343   1344      0   1156
   344   1344      0   1156
   345   1344      0   1156
   346   1344      0   1156
   347   1344      0   1156
   348   1344      0   1156
   349   1344      0   1156
   350   1344      0   1156
   351   1344      0   1156
   352   1344      0   1156
   353   1344      0   1156
   354   1344      0   1156
   355   1344      0   1156
   356   1344      0   1156
   357   1344      0   1156
   358   1344      0   1156
   359   1344      0   1156
   360   1344      0   1156
   361   1344      0   1156
   362   1344      0   1156
   363   1344      0   1156
   364   1344      0   1156
   365   1344      0   1156
   366   1344      0   1156
   367   1344      0   1156
   368   1344      0   1156
   369   1344      0   1156
   370   1344      0   1156
   371   1344      0   1156
   372   1344      0   1156
   373   1344      0   1156
   374   1344      0   1156
   375   1344      0   1156
   376   1344      0   1156
   377   1344      0   1156
   378   1344      0   1156
   379   1344      0   1156
   380   1344      0   1156
   381   1344      0   1156
   382   1344      0   1156
   383   1344      0   1156
   384   1344      0   1156
   385   1344      0   1156
   386   1344      0   1156
   387   1344      0   1156
   388   1344      0   1156
   389   1344      0   1156
   390   1344      0   1156
   391   1344      0   1156
   392   1344      0   1156
   393   1344      0   1156
   394   1344      0   1156
   395   1344      0   1156
   396   1344      0   1156
   397   1344      0   1156
   398   1344      0   1156
   399   1344      0   1156
   400   1344      0   1156
   401   1344      0   1156
   402   1344      0   1156
   403   1344      0   1156
   404   1344      0   1156
   405   1344      0   1156
   406   1344      0   1156
   407   1344      0   1156
   408   1344      0   1156
   409   1344      0   1156
   410   1344      0   1156
   411   1344      0   1156
   412   1344      0   1156
   413   1344      0   1156
   414   1344      0   1156
   415   1344      0   1156
   416   1344      0   1156
   417   1344      0   1156
   418   1344      0   1156
   419   1344      0   1156
   420   1344      0   1156
   421   1344      0   1156
   422   1344      0   1156
   423   1344      0   1156
   424   1344      0   1156
   425   1344      0   1156
   426   1344      0   1156
   427   1344      0   1156
   428   1344      0   1156
   429   1344      0   1156
   430   1344      0   1156
   431   1344      0   1156
   432   1344      0   1156
   433   1344      0   1156
   434   1344      0   1156
   435   1344      0   1156
   436   1344      0   1156
   437   1344      0   1156
   438   1344      0   1156
   439   1344      0   1156
   440   1344      0   1156
   441   1344      0   1156
   442   1344      0   1156
   443   1344      0   1156
   444   1344      0   1156
   445   1344      0   1156
   446   1344      0   1156
   447   1344      0   1156
   448   1344      0   1156
   449   1344      0   1156
   450   1344      0   1156
   451   1344      0   1156
   452   1344      0   1156
   453   1344      0   1156
   454   1344      0   1156
   455   1344      0   1156
   456   1344      0   1156
   457   1344      0   1156
   458   1344      0   1156
   459   1344      0   1156
   460   1344      0   1156
   461   1344      0   1156
   462   1344      0   1156
   463   1344      0   1156
   464   1344      0   1156
   465   1344      0   1156
   466   1344      0   1156
   467   1344      0   1156
   468   1344      0   1156
   469   1344      0   1156
   470   1344      0   1156
   471   1344      0   1156
   472   1344      0   1156
   473   1344      0   1156
   474   1344      0   1156
   475   1344      0   1156
   476   1344      0   1156
   477   1344      0   1156
   478   1344      0   1156
   479   1344      0   1156
   480   1344      0   1156
   481   1344      0   1156
   482   1344      0   1156
   483   1344      0   1156
   484   1344      0   1156
   485   1344      0   1156
   486   1344      0   1156
   487   1344      0   1156
   488   1344      0   1156
   489   1344      0   1156
   490   1344      0   1156
   491   1344      0   1156
   492   1344      0   1156
   493   1344      0   1156
   494   1344      0   1156
   495   1344      0   1156
   496   1344      0   1156
   497   1344      0   1156
   498   1344      0   1156
   499   1344      0   1156
   500   1344      0   1156
   501   1344      0   1156
   502   1344      0   1156
   503   1344      0   1156
   504   1344      0   1156
   505   1344      0   1156
   506   1344      0   1156
   507   1344      0   1156
   508   1344      0   1156
   509   1344      0   1156
   510   1344      0   1156
   511   1344      0   1156
   512   1344      0   1156
   513   1344      0   1156
   514   1344      0   1156
   515   1344      0   1156
   516   1344      0   1156
   517   1344      0   1156
   518   1344      0   1156
   519   1344      0   1156
   520   1344      0   1156
   521   1344      0   1156
   522   1344      0   1156
   523   1344      0   1156
   524   1344      0   1156
   525   1344      0   1156
   526   1344      0   1156
   527   1344      0   1156
   528   1344      0   1156
   529   1344      0   1156
   530   1344      0   1156
   531   1344      0   1156
   532   1344      0   1156
   533   1344      0   1156
   534   1344      0   1156
   535   1344      0   1156
   536   1344      0   1156
   537   1344      0   1156
   538   1344      0   1156
   539   1344      0   1156
   540   1344      0   1156
   541   1344      0   1156
   542   1344      0   1156
   543   1344      0   1156
   544   1344      0   1156
   545   1344      0   1156
   546   1344      0   1156
   547   1344      0   1156
   548   1344      0   1156
   549   1344      0   1156
   550   1344      0   1156
   551   1344      0   1156
   552   1344      0   1156
   553   1344      0   1156
   554   1344      0   1156
   555   1344      0   1156
   556   1344      0   1156
   557   1344      0   1156
   558   1344      0   1156
   559   1344      0   1156
   560   1344      0   1156
   561   1344      0   1156
   562   1344      0   1156
   563   1344      0   1156
   564   1344      0   1156
   565   1344      0   1156
   566   1344      0   1156
   567   1344      0   1156
   568   1344      0   1156
   569   1344      0   1156
   570   1344      0   1156
   571   1344      0   1156
   572   1344      0   1156
   573   1344      0   1156
   574   1344      0   1156
   575   1344      0   1156
   576   1344      0   1156
   577   1344      0   1156
   578   1344      0   1156
   579   1344      0   1156
   580   1344      0   1156
   581   1344      0   1156
   582   1344      0   1156
   583   1344      0   1156
   584   1344      0   1156
   585   1344      0   1156
   586   1344      0   1156
   587   1344      0   1156
   588   1344      0   1156
   589   1344      0   1156
   590   1344      0   1156
   591   1344      0   1156
   592   1344      0   1156
   593   1344      0   1156
   594   1344      0   1156
   595   1344      0   1156
   596   1344      0   1156
   597   1344      0   1156
   598   1344      0   1156
   599   1344      0   1156
   600   1344      0   1156
   601   1344      0   1156
   602   1344      0   1156
   603   1344      0   1156
   604   1344      0   1156
   605   1344      0   1156
   606   1344      0   1156
   607   1344      0   1156
   608   1344      0   1156
   609   1344      0   1156
   610   1344      0   1156
   611   1344      0   1156
   612   1344      0   1156
   613   1344      0   1156
   614   1344      0   1156
   615   1344      0   1156
   616   1344      0   1156
   617   1344      0   1156
   618   1344      0   1156
   619   1344      0   1156
   620   1344      0   1156
   621   1344      0   1156
   622   1344      0   1156
   623   1344      0   1156
   624   1344      0   1156
   625   1344      0   1156
   626   1344      0   1156
   627   1344      0   1156
   628   1344      0   1156
   629   1344      0   1156
   630   1344      0   1156
   631   1344      0   1156
   632   1344      0   1156
   633   1344      0   1156
   634   1344      0   1156
   635   1344      0   1156
   636   1344      0   1156
   637   1344      0   1156
   638   1344      0   1156
   639   1344      0   1156
   640   1344      0   1156
   641   1344      0   1156
   642   1344      0   1156
   643   1344      0   1156
   644   1344      0   1156
   645   1344      0   1156
   646   1344      0   1156
   647   1344      0   1156
   648   1344      0   1156
   649   1344      0   1156
   650   1344      0   1156
   651   1344      0   1156
   652   1344      0   1156
   653   1344      0   1156
   654   1344      0   1156
   655   1344      0   1156
   656   1344      0   1156
   657   1344      0   1156
   658   1344      0   1156
   659   1344      0   1156
   660   1344      0   1156
   661   1344      0   1156
   662   1344      0   1156
   663   1344      0   1156
   664   1344      0   1156
   665   1344      0   1156
   666   1344      0   1156
   667   1344      0   1156
   668   1344      0   1156
   669   1344      0   1156
   670   1344      0   1156
   671   1344      0   1156
   672   1344      0   1156
   673   1344      0   1156
   674   1344      0   1156
   675   1344      0   1156
   676   1344      0   1156
   677   1344      0   1156
   678   1344      0   1156
   679   1344      0   1156
   680   1344      0   1156
   681   1344      0   1156
   682   1344      0   1156
   683   1344      0   1156
   684   1344      0   1156
   685   1344      0   1156
   686   1344      0   1156
   687   1344      0   1156
   688   1344      0   1156
   689   1344      0   1156
   690   1344      0   1156
   691   1344      0   1156
   692   1344      0   1156
   693   1344      0   1156
   694   1344      0   1156
   695   1344      0   1156
   696   1344      0   1156
   697   1344      0   1156
   698   1344      0   1156
   699   1344      0   1156
   700   1344      0   1156
   701   1344      0   1156
   702   1344      0   1156
   703   1344      0   1156
   704   1344      0   1156
   705   1344      0   1156
   706   1344      0   1156
   707   1344      0   1156
   708   1344      0   1156
   709   1344      0   1156
   710   1344      0   1156
   711   1344      0   1156
   712   1344      0   1156
   713   1344      0   1156
   714   1344      0   1156
   715   1344      0   1156
   716   1344      0   1156
   717   1344      0   1156
   718   1344      0   1156
   719   1344      0   1156
   720   1344      0   1156
   721   1344      0   1156
   722   1344      0   1156
   723   1344      0   1156
   724   1344      0   1156
   725   1344      0   1156
   726   1344      0   1156
   727   1344      0   1156
   728   1344      0   1156
   729   1344      0   1156
   730   1344      0   1156
   731   1344      0   1156
   732   1344      0   1156
   733   1344      0   1156
   734   1344      0   1156
   735   1344      0   1156
   736   1344      0   1156
   737   1344      0   1156
   738   1344      0   1156
   739   1344      0   1156
   740   1344      0   1156
   741   1344      0   1156
   742   1344      0   1156
   743   1344      0   1156
   744   1344      0   1156
   745   1344      0   1156
   746   1344      0   1156
   747   1344      0   1156
   748   1344      0   1156
   749   1344      0   1156
   750   1344      0   1156
   751   1344      0   1156
   752   1344      0   1156
   753   1344      0   1156
   754   1344      0   1156
   755   1344      0   1156
   756   1344      0   1156
   757   1344      0   1156
   758   1344      0   1156
   759   1344      0   1156
   760   1344      0   1156
   761   1344      0   1156
   762   1344      0   1156
   763   1344      0   1156
   764   1344      0   1156
   765   1344      0   1156
   766   1344      0   1156
   767   1344      0   1156
   768   1344      0   1156
   769   1344      0   1156
   770   1344      0   1156
   771   1344      0   1156
   772   1344      0   1156
   773   1344      0   1156
   774   1344      0   1156
   775   1344      0   1156
   776   1344      0   1156
   777   1344      0   1156
   778   1344      0   1156
   779   1344      0   1156
   780   1344      0   1156
   781   1344      0   1156
   782   1344      0   1156
   783   1344      0   1156
   784   1344      0   1156
   785   1344      0   1156
   786   1344      0   1156
   787   1344      0   1156
   788   1344      0   1156
   789   1344      0   1156
   790   1344      0   1156
   791   1344      0   1156
   792   1344      0   1156
   793   1344      0   1156
   794   1344      0   1156
   795   1344      0   1156
   796   1344      0   1156
   797   1344      0   1156
   798   1344      0   1156
   799   1344      0   1156
   800   1344      0   1156
   801   1344      0   1156
   802   1344      0   1156
   803   1344      0   1156
   804   1344      0   1156
   805   1344      0   1156
   806   1344      0   1156
   807   1344      0   1156
   808   1344      0   1156
   809   1344      0   1156
   810   1344      0   1156
   811   1344      0   1156
   812   1344      0   1156
   813   1344      0   1156
   814   1344      0   1156
   815   1344      0   1156
   816   1344      0   1156
   817   1344      0   1156
   818   1344      0   1156
   819   1344      0   1156
   820   1344      0   1156
   821   1344      0   1156
   822   1344      0   1156
   823   1344      0   1156
   824   1344      0   1156
   825   1344      0   1156
   826   1344      0   1156
   827   1344      0   1156
   828   1344      0   1156
   829   1344      0   1156
   830   1344      0   1156
   831   1344      0   1156
   832   1344      0   1156
   833   1344      0   1156
   834   1344      0   1156
   835   1344      0   1156
   836   1344      0   1156
   837   1344      0   1156
   838   1344      0   1156
   839   1344      0   1156
   840   1344      0   1156
   841   1344      0   1156
   842   1344      0   1156
   843   1344      0   1156
   844   1344      0   1156
   845   1344      0   1156
   846   1344      0   1156
   847   1344      0   1156
   848   1344      0   1156
   849   1344      0   1156
   850   1344      0   1156
   851   1344      0   1156
   852   1344      0   1156
   853   1344      0   1156
   854   1344      0   1156
   855   1344      0   1156
   856   1344      0   1156
   857   1344      0   1156
   858   1344      0   1156
   859   1344      0   1156
   860   1344      0   1156
   861   1344      0   1156
   862   1344      0   1156
   863   1344      0   1156
   864   1344      0   1156
   865   1344      0   1156
   866   1344      0   1156
   867   1344      0   1156
   868   1344      0   1156
   869   1344      0   1156
   870   1344      0   1156
   871   1344      0   1156
   872   1344      0   1156
   873   1344      0   1156
   874   1344      0   1156
   875   1344      0   1156
   876   1344      0   1156
   877   1344      0   1156
   878   1344      0   1156
   879   1344      0   1156
   880   1344      0   1156
   881   1344      0   1156
   882   1344      0   1156
   883   1344      0   1156
   884   1344      0   1156
   885   1344      0   1156
   886   1344      0   1156
   887   1344      0   1156
   888   1344      0   1156
   889   1344      0   1156
   890   1344      0   1156
   891   1344      0   1156
   892   1344      0   1156
   893   1344      0   1156
   894   1344      0   1156
   895   1344      0   1156
   896   1344      0   1156
   897   1344      0   1156
   898   1344      0   1156
   899   1344      0   1156
   900   1344      0   1156
   901   1344      0   1156
   902   1344      0   1156
   903   1344      0   1156
   904   1344      0   1156
   905   1344      0   1156
   906   1344      0   1156
   907   1344      0   1156
   908   1344      0   1156
   909   1344      0   1156
   910   1344      0   1156
   911   1344      0   1156
   912   1344      0   1156
   913   1344      0   1156
   914   1344      0   1156
   915   1344      0   1156
   916   1344      0   1156
   917   1344      0   1156
   918   1344      0   1156
   919   1344      0   1156
   920   1344      0   1156
   921   1344      0   1156
   922   1344      0   1156
   923   1344      0   1156
   924   1344      0   1156
   925   1344      0   1156
   926   1344      0   1156
   927   1344      0   1156
   928   1344      0   1156
   929   1344      0   1156
   930   1344      0   1156
   931   1344      0   1156
   932   1344      0   1156
   933   1344      0   1156
   934   1344      0   1156
   935   1344      0   1156
   936   1344      0   1156
   937   1344      0   1156
   938   1344      0   1156
   939   1344      0   1156
   940   1344      0   1156
   941   1344      0   1156
   942   1344      0   1156
   943   1344      0   1156
   944   1344      0   1156
   945   1344      0   1156
   946   1344      0   1156
   947   1344      0   1156
   948   1344      0   1156
   949   1344      0   1156
   950   1344      0   1156
   951   1344      0   1156
   952   1344      0   1156
   953   1344      0   1156
   954   1344      0   1156
   955   1344      0   1156
   956   1344      0   1156
   957   1344      0   1156
   958   1344      0   1156
   959   1344      0   1156
   960   1344      0   1156
   961   1344      0   1156
   962   1344      0   1156
   963   1344      0   1156
   964   1344      0   1156
   965   1344      0   1156
   966   1344      0   1156
   967   1344      0   1156
   968   1344      0   1156
   969   1344      0   1156
   970   1344      0   1156
   971   1344      0   1156
   972   1344      0   1156
   973   1344      0   1156
   974   1344      0   1156
   975   1344      0   1156
   976   1344      0   1156
   977   1344      0   1156
   978   1344      0   1156
   979   1344      0   1156
   980   1344      0   1156
   981   1344      0   1156
   982   1344      0   1156
   983   1344      0   1156
   984   1344      0   1156
   985   1344      0   1156
   986   1344      0   1156
   987   1344      0   1156
   988   1344      0   1156
   989   1344      0   1156
   990   1344      0   1156
   991   1344      0   1156
   992   1344      0   1156
   993   1344      0   1156
   994   1344      0   1156
   995   1344      0   1156
   996   1344      0   1156
   997   1344      0   1156
   998   1344      0   1156
   999   1344      0   1156
  1000   1344      0   1156
