# time (sweeps) | Susceptible | Infected | Recovered
     0   1361    384    755
     1   1378    372    750
     2   1383    343    774
     3   1401    353    746
     4   1351    389    760
     5   1350    385    765
     6   1355    389    756
     7   1350    353    797
     8   1382    326    792
     9   1374    360    766
    10   1414    320    766
    11   1403    352    745
    12   1401    343    756
    13   1410    333    757
    14   1406    344    750
    15   1428    336    736
    16   1406    345    749
    17   1453    312    735
    18   1466    317    717
    19   1502    292    706
    20   1499    316    685
    21   1452    329    719
    22   1444    347    709
    23   1437    342    721
    24   1453    333    714
    25   1431    328    741
    26   1431    355    714
    27   1407    346    747
    28   1449    322    729
    29   1459    336    705
    30   1415    371    714
    31   1394    370    736
    32   1405    341    754
    33   1414    348    738
    34   1398    352    750
    35   1394    381    725
    36   1377    378    745
    37   1349    389    762
    38   1342    383    775
    39   1331    386    783
    40   1338    355    807
    41   1351    368    781
    42   1373    349    778
    43   1393    352    755
    44   1364    396    740
    45   1376    390    734
    46   1363    356    781
    47   1398    341    761
    48   1403    351    746
    49   1403    333    764
    50   1384    359    757
    51   1386    347    767
    52   1430    323    747
    53   1435    338    727
    54   1430    326    744
    55   1430    328    742
    56   1457    304    739
    57   1445    317    738
    58   1443    341    716
    59   1450    320    730
    60   1466    324    710
    61   1473    340    687
    62   1481    292    727
    63   1510    277    713
    64   1487    296    717
    65   1473    309    718
    66   1468    302    730
    67   1428    356    716
    68   1419    357    724
    69   1423    349    728
    70   1413    362    725
    71   1412    344    744
    72   1445    333    722
    73   1407    368    725
    74   1435    334    731
    75   1412    334    754
    76   1397    364    739
    77   1381    374    745
    78   1389    355    756
    79   1378    361    761
    80   1358    380    762
    81   1381    378    741
    82   1335    417    748
    83   1311    409    780
    84   1285    406    809
    85   1324    380    796
    86   1346    376    778
    87   1327    374    799
    88   1345    377    778
    89   1342    371    787
    90   1383    360    757
    91   1362    366    772
    92   1368    348    784
    93   1375    346    779
    94   1375    381    744
    95   1319    429    752
    96   1338    378    784
    97   1311    419    770
    98   1301    411    788
    99   1311    395    794
   100   1330    387    783
   101   1333    406    761
   102   1326    399    775
   103   1341    366    793
   104   1328    369    803
   105   1330    375    795
   106   1344    367    789
   107   1365    356    779
   108   1376    348    776
   109   1402    362    736
   110   1377    373    750
   111   1385    372    743
   112   1366    389    745
   113   1362    379    759
   114   1392    347    761
   115   1422    326    752
   116   1391    350    759
   117   1396    363    741
   118   1376    368    756
   119   1391    354    755
   120   1400    352    748
   121   1395    353    752
   122   1389    350    761
   123   1401    371    728
   124   1379    384    737
   125   1380    361    759
   126   1402    360    738
   127   1410    352    738
   128   1419    337    744
   129   1401    330    769
   130   1421    324    755
   131   1442    317    741
   132   1448    338    714
   133   1417    361    722
   134   1423    345    732
   135   1424    338    738
   136   1423    340    737
   137   1446    313    741
   138   1446    322    732
   139   1434    339    727
   140   1445    337    718
   141   1412    351    737
   142   1426    352    722
   143   1430    356    714
   144   1402    357    741
   145   1395    366    739
   146   1377    367    756
   147   1412    331    757
   148   1376    352    772
   149   1389    364    747
   150   1418    348    734
   151   1412    356    732
   152   1374    379    747
   153   1353    391    756
   154   1343    393    764
   155   1341    375    784
   156   1379    331    790
   157   1381    358    761
   158   1376    369    755
   159   1370    373    757
   160   1370    370    760
   161   1378    374    748
   162   1368    383    749
   163   1352    395    753
   164   1346    407    747
   165   1331    419    750
   166   1350    363    787
   167   1359    354    787
   168   1347    352    801
   169   1369    341    790
   170   1409    337    754
   171   1437    327    736
   172   1415    364    721
   173   1391    363    746
   174   1391    347    762
   175   1427    335    738
   176   1395    362    743
   177   1387    351    762
   178   1399    328    773
   179   1433    312    755
   180   1441    330    729
   181   1440    343    717
   182   1435    362    703
   183   1414    373    713
   184   1392    373    735
   185   1375    365    760
   186   1386    354    760
   187   1369    375    756
   188   1326    413    761
   189   1312    394    794
   190   1331    370    799
   191   1376    338    786
   192   1412    320    768
   193   1436    325    739
   194   1439    316    745
   195   1456    326    718
   196   1441    337    722
   197   1408    351    741
   198   1385    357    758
   199   1378    391    731
   200   1336    425    739
   201   1321    415    764
   202   1305    418    777
   203   1314    396    790
   204   1315    420    765
   205   1287    430    783
   206   1304    427    769
   207   1296    411    793
   208   1319    376    805
   209   1306    381    813
   210   1339    363    798
   211   1358    374    768
   212   1360    374    766
   213   1347    369    784
   214   1343    384    773
   215   1358    367    775
   216   1339    400    761
   217   1357    383    760
   218   1344    388    768
   219   1346    376    778
   220   1349    376    775
   221   1363    376    761
   222   1379    381    740
   223   1354    370    776
   224   1368    374    758
   225   1322    394    784
   226   1304    394    802
   227   1340    387    773
   228   1309    408    783
   229   1327    407    766
   230   1314    412    774
   231   1323    391    786
   232   1355    365    780
   233   1382    358    760
   234   1363    385    752
   235   1351    390    759
   236   1376    365    759
   237   1378    371    751
   238   1378    363    759
   239   1402    356    742
   240   1392    353    755
   241   1387    350    763
   242   1383    368    749
   243   1399    368    733
   244   1362    396    742
   245   1335    402    763
   246   1344    395    761
   247   1326    391    783
   248   1343    377    780
   249   1356    368    776
   250   1377    368    755
   251   1381    363    756
   252   1397    342    761
   253   1408    346    746
   254   1442    336    722
   255   1439    342    719
   256   1444    321    735
   257   1447    320    733
   258   1471    314    715
   259   1473    324    703
   260   1455    346    699
   261   1440    362    698
   262   1428    356    716
   263   1388    357    755
   264   1399    356    745
   265   1398    351    751
   266   1399    348    753
   267   1373    384    743
   268   1365    372    763
   269   1366    365    769
   270   1368    362    770
   271   1359    397    744
   272   1376    383    741
   273   1367    376    757
   274   1374    387    739
   275   1368    392    740
   276   1342    404    754
   277   1331    418    751
   278   1320    418    762
   279   1294    444    762
   280   1293    412    795
   281   1285    405    810
   282   1326    373    801
   283   1369    364    767
   284   1359    382    759
   285   1320    401    779
   286   1316    396    788
   287   1316    395    789
   288   1280    429    791
   289   1294    398    808
   290   1294    383    823
   291   1316    368    816
   292   1338    361    801
   293   1355    341    804
   294   1400    329    771
   295   1404    334    762
   296   1449    333    718
   297   1415    359    726
   298   1427    326    747
   299   1413    344    743
   300   1390    376    734
   301   1394    381    725
   302   1365    383    752
   303   1364    375    761
   304   1355    385    760
   305   1385    359    756
   306   1353    383    764
   307   1353    373    774
   308   1330    396    774
   309   1329    384    787
   310   1358    367    775
   311   1356    379    765
   312   1373    349    778
   313   1404    349    747
   314   1413    338    749
   315   1411    355    734
   316   1415    362    723
   317   1397    377    726
   318   1390    389    721
   319   1394    367    739
   320   1414    336    750
   321   1406    357    737
   322   1401    375    724
   323   1402    380    718
   324   1350    410    740
   325   1328    403    769
   326   1335    399    766
   327   1332    401    767
   328   1326    400    774
   329   1358    385    757
   330   1356    396    748
   331   1351    411    738
   332   1310    395    795
   333   1327    383    790
   334   1353    335    812
   335   1377    334    789
   336   1411    335    754
   337   1429    298    773
   338   1474    310    716
   339   1461    321    718
   340   1433    345    722
   341   1420    359    721
   342   1436    337    727
   343   1459    331    710
   344   1454    333    713
   345   1453    332    715
   346   1443    353    704
   347   1412    375    713
   348   1391    379    730
   349   1400    350    750
   350   1395    356    749
   351   1379    370    751
   352   1366    384    750
   353   1349    380    771
   354   1356    387    757
   355   1376    332    792
   356   1423    337    740
   357   1423    327    750
   358   1435    316    749
   359   1478    299    723
   360   1465    330    705
   361   1463    302    735
   362   1484    308    708
   363   1472    326    702
   364   1469    316    715
   365   1450    344    706
   366   1433    348    719
   367   1446    335    719
   368   1453    339    708
   369   1460    344    696
   370   1454    343    703
   371   1416    352    732
   372   1411    341    748
   373   1398    335    767
   374   1415    332    753
   375   1422    346    732
   376   1417    354    729
   377   1394    357    749
   378   1406    328    766
   379   1433    314    753
   380   1484    298    718
   381   1480    309    711
   382   1484    302    714
   383   1486    316    698
   384   1478    311    711
   385   1493    309    698
   386   1459    345    696
   387   1459    322    719
   388   1455    348    697
   389   1446    358    696
   390   1411    385    704
   391   1389    378    733
   392   1364    391    745
   393   1374    350    776
   394   1401    353    746
   395   1413    341    746
   396   1428    324    748
   397   1445    297    758
   398   1449    325    726
   399   1467    316    717
   400   1469    336    695
   401   1455    325    720
   402   1444    337    719
   403   1439    355    706
   404   1402    390    708
   405   1358    383    759
   406   1351    373    776
   407   1353    362    785
   408   1375    339    786
   409   1377    334    789
   410   1427    321    752
   411   1445    327    728
   412   1417    352    731
   413   1390    356    754
   414   1372    365    763
   415   1368    394    738
   416   1371    364    765
   417   1359    382    759
   418   1353    369    778
   419   1366    375    759
   420   1355    374    771
   421   1374    379    747
   422   1374    353    773
   423   1407    327    766
   424   1440    330    730
   425   1416    360    724
   426   1379    360    761
   427   1376    374    750
   428   1343    396    761
   429   1307    426    767
   430   1296    411    793
   431   1277    438    785
   432   1280    441    779
   433   1303    426    771
   434   1305    402    793
   435   1324    390    786
   436   1345    390    765
   437   1317    417    766
   438   1337    394    769
   439   1364    356    780
   440   1379    342    779
   441   1393    334    773
   442   1375    354    771
   443   1365    365    770
   444   1368    396    736
   445   1340    403    757
   446   1306    393    801
   447   1318    408    774
   448   1312    391    797
   449   1342    351    807
   450   1356    354    790
   451   1366    349    785
   452   1393    341    766
   453   1412    327    761
   454   1420    365    715
   455   1410    360    730
   456   1397    375    728
   457   1400    362    738
   458   1413    344    743
   459   1392    350    758
   460   1398    334    768
   461   1409    351    740
   462   1425    329    746
   463   1427    333    740
   464   1444    330    726
   465   1436    339    725
   466   1413    348    739
   467   1414    340    746
   468   1419    329    752
   469   1417    357    726
   470   1396    387    717
   471   1410    326    764
   472   1433    318    749
   473   1393    363    744
   474   1366    375    759
   475   1354    366    780
   476   1380    370    750
   477   1366    376    758
   478   1356    385    759
   479   1348    384    768
   480   1322    386    792
   481   1363    385    752
   482   1341    401    758
   483   1327    400    773
   484   1335    388    777
   485   1331    389    780
   486   1348    376    776
   487   1347    375    778
   488   1379    354    767
   489   1372    373    755
   490   1381    349    770
   491   1359    391    750
   492   1337    404    759
   493   1349    378    773
   494   1353    384    763
   495   1364    379    757
   496   1360    382    758
   497   1359    384    757
   498   1392    336    772
   499   1370    372    758
   500   1356    408    736
   501   1338    412    750
   502   1337    415    748
   503   1333    392    775
   504   1330    381    789
   505   1339    374    787
   506   1333    381    786
   507   1326    409    765
   508   1307    406    787
   509   1302    401    797
   510   1319    385    796
   511   1327    387    786
   512   1321    403    776
   513   1295    402    803
   514   1316    377    807
   515   1340    367    793
   516   1310    400    790
   517   1331    386    783
   518   1340    392    768
   519   1332    397    771
   520   1333    379    788
   521   1364    372    764
   522   1381    359    760
   523   1366    373    761
   524   1387    374    739
   525   1396    352    752
   526   1383    383    734
   527   1377    386    737
   528   1364    394    742
   529   1354    378    768
   530   1349    386    765
   531   1332    381    787
   532   1330    361    809
   533   1367    369    764
   534   1330    389    781
   535   1320    402    778
   536   1322    401    777
   537   1322    392    786
   538   1356    350    794
   539   1368    368    764
   540   1379    354    767
   541   1417    348    735
   542   1376    384    740
   543   1367    357    776
   544   1357    359    784
   545   1407    325    768
   546   1435    314    751
   547   1404    352    744
   548   1438    332    730
   549   1442    313    745
   550   1464    316    720
   551   1464    340    696
   552   1447    347    706
   553   1415    362    723
   554   1401    370    729
   555   1390    358    752
   556   1394    362    744
   557   1412    366    722
   558   1391    369    740
   559   1392    363    745
   560   1387    334    779
   561   1411    355    734
   562   1392    374    734
   563   1375    359    766
   564   1387    346    767
   565   1400    355    745
   566   1438    317    745
   567   1424    342    734
   568   1442    329    729
   569   1424    326    750
   570   1436    346    718
   571   1432    347    721
   572   1390    373    737
   573   1366    381    753
   574   1390    343    767
   575   1396    375    729
   576   1377    390    733
   577   1369    402    729
   578   1372    363    765
   579   1383    357    760
   580   1365    394    741
   581   1324    428    748
   582   1310    424    766
   583   1294    402    804
   584   1310    392    798
   585   1347    379    774
   586   1414    330    756
   587   1395    349    756
   588   1376    347    777
   589   1359    380    761
   590   1329    426    745
   591   1321    405    774
   592   1315    420    765
   593   1309    415    776
   594   1296    418    786
   595   1284    440    776
   596   1260    441    799
   597   1288    392    820
   598   1318    386    796
   599   1337    377    786
   600   1333    395    772
   601   1362    388    750
   602   1356    372    772
   603   1383    360    757
   604   1442    340    718
   605   1421    351    728
   606   1408    357    735
   607   1383    362    755
   608   1383    396    721
   609   1323    431    746
   610   1345    370    785
   611   1351    348    801
   612   1354    382    764
   613   1365    396    739
   614   1382    355    763
   615   1394    359    747
   616   1395    364    741
   617   1390    348    762
   618   1405    354    741
   619   1408    366    726
   620   1414    353    733
   621   1382    360    758
   622   1390    379    731
   623   1373    384    743
   624   1364    393    743
   625   1351    375    774
   626   1364    378    758
   627   1344    376    780
   628   1329    386    785
   629   1333    401    766
   630   1347    391    762
   631   1314    419    767
   632   1323    427    750
   633   1292    419    789
   634   1325    400    775
   635   1312    389    799
   636   1302    372    826
   637   1303    381    816
   638   1319    384    797
   639   1350    375    775
   640   1340    386    774
   641   1350    370    780
   642   1353    355    792
   643   1377    338    785
   644   1376    352    772
   645   1384    347    769
   646   1397    336    767
   647   1436    337    727
   648   1393    363    744
   649   1366    379    755
   650   1365    388    747
   651   1360    364    776
   652   1369    344    787
   653   1411    340    749
   654   1404    357    739
   655   1435    325    740
   656   1447    316    737
   657   1446    322    732
   658   1436    326    738
   659   1447    318    735
   660   1457    331    712
   661   1441    342    717
   662   1425    351    724
   663   1432    340    728
   664   1413    344    743
   665   1395    361    744
   666   1413    336    751
   667   1436    344    720
   668   1418    343    739
   669   1396    358    746
   670   1407    349    744
   671   1406    357    737
   672   1405    359    736
   673   1414    343    743
   674   1432    339    729
   675   1437    343    720
   676   1416    370    714
   677   1363    391    746
   678   1364    396    740
   679   1369    370    761
   680   1368    382    750
   681   1326    412    762
   682   1311    423    766
   683   1315    392    793
   684   1307    387    806
   685   1283    410    807
   686   1315    401    784
   687   1334    409    757
   688   1303    431    766
   689   1329    389    782
   690   1373    358    769
   691   1374    369    757
   692   1371    384    745
   693   1343    412    745
   694   1345    413    742
   695   1319    425    756
   696   1335    376    789
   697   1350    374    776
   698   1333    393    774
   699   1342    364    794
   700   1353    355    792
   701   1363    378    759
   702   1378    372    750
   703   1355    394    751
   704   1350    387    763
   705   1355    385    760
   706   1390    358    752
   707   1405    349    746
   708   1364    368    768
   709   1381    370    749
   710   1367    356    777
   711   1367    368    765
   712   1385    364    751
   713   1397    351    752
   714   1407    364    729
   715   1415    363    722
   716   1386    376    738
   717   1394    364    742
   718   1377    360    763
   719   1359    362    779
   720   1354    373    773
   721   1358    364    778
   722   1356    383    761
   723   1360    376    764
   724   1353    391    756
   725   1331    409    760
   726   1331    405    764
   727   1319    375    806
   728   1334    366    800
   729   1361    373    766
   730   1371    387    742
   731   1383    368    749
   732   1380    373    747
   733   1387    367    746
   734   1332    391    777
   735   1343    360    797
   736   1398    349    753
   737   1402    339    759
   738   1401    342    757
   739   1404    338    758
   740   1398    352    750
   741   1417    358    725
   742   1411    374    715
   743   1363    401    736
   744   1354    396    750
   745   1374    365    761
   746   1358    386    756
   747   1369    367    764
   748   1373    377    750
   749   1366    414    720
   750   1369    368    763
   751   1383    373    744
   752   1369    364    767
   753   1386    351    763
   754   1389    345    766
   755   1410    350    740
   756   1428    342    730
   757   1427    327    746
   758   1422    348    730
   759   1404    347    749
   760   1419    348    733
   761   1424    337    739
   762   1416    339    745
   763   1441    314    745
   764   1402    367    731
   765   1381    391    728
   766   1342    409    749
   767   1331    419    750
   768   1292    423    785
   769   1313    403    784
   770   1325    376    799
   771   1373    366    761
   772   1362    369    769
   773   1353    353    794
   774   1403    352    745
   775   1425    358    717
   776   1387    367    746
   777   1384    377    739
   778   1379    373    748
   779   1389    333    778
   780   1426    340    734
   781   1443    337    720
   782   1439    342    719
   783   1398    388    714
   784   1369    404    727
   785   1347    408    745
   786   1373    373    754
   787   1373    386    741
   788   1351    378    771
   789   1351    372    777
   790   1357    372    771
   791   1361    372    767
   792   1364    361    775
   793   1378    344    778
   794   1392    348    760
   795   1415    317    768
   796   1427    326    747
   797   1428    334    738
   798   1435    315    750
   799   1432    330    738
   800   1457    314    729
   801   1452    310    738
   802   1466    318    716
   803   1467    322    711
   804   1450    323    727
   805   1428    350    722
   806   1425    344    731
   807   1482    290    728
   808   1514    284    702
   809   1478    340    682
   810   1450    365    685
   811   1444    365    691
   812   1411    380    709
   813   1396    392    712
   814   1391    367    742
   815   1397    354    749
   816   1396    354    750
   817   1388    361    751
   818   1376    364    760
   819   1377    385    738
   820   1355    403    742
   821   1379    372    749
   822   1384    359    757
   823   1380    367    753
   824   1387    364    749
   825   1417    351    732
   826   1416    375    709
   827   1384    374    742
   828   1425    329    746
   829   1426    311    763
   830   1397    356    747
   831   1388    360    752
   832   1368    352    780
   833   1375    345    780
   834   1364    379    757
   835   1366    358    776
   836   1370    346    784
   837   1390    343    767
   838   1425    321    754
   839   1447    314    739
   840   1439    324    737
   841   1457    320    723
   842   1452    307    741
   843   1469    312    719
   844   1437    363    700
   845   1437    348    715
   846   1430    360    710
   847   1403    383    714
   848   1352    413    735
   849   1331    424    745
   850   1354    406    740
   851   1339    392    769
   852   1340    408    752
   853   1336    380    784
   854   1334    389    777
   855   1325    410    765
   856   1316    419    765
   857   1323    394    783
   858   1319    397    784
   859   1342    384    774
   860   1325    368    807
   861   1334    364    802
   862   1337    370    793
   863   1370    336    794
   864   1372    343    785
   865   1400    334    766
   866   1415    325    760
   867   1452    308    740
   868   1486    303    711
   869   1484    302    714
   870   1479    319    702
   871   1469    313    718
   872   1470    299    731
   873   1491    286    723
   874   1495    303    702
   875   1482    326    692
   876   1474    336    690
   877   1461    321    718
   878   1451    335    714
   879   1424    350    726
   880   1406    353    741
   881   1389    361    750
   882   1389    363    748
   883   1398    349    753
   884   1381    356    763
   885   1405    349    746
   886   1386    378    736
   887   1382    364    754
   888   1410    345    745
   889   1407    365    728
   890   1398    364    738
   891   1393    357    750
   892   1397    342    761
   893   1392    334    774
   894   1448    306    746
   895   1445    313    742
   896   1472    301    727
   897   1468    327    705
   898   1444    334    722
   899   1444    341    715
   900   1428    364    708
   901   1408    369    723
   902   1375    369    756
   903   1378    354    768
   904   1404    346    750
   905   1419    336    745
   906   1439    330    731
   907   1458    334    708
   908   1465    330    705
   909   1436    348    716
   910   1428    316    756
   911   1475    314    711
   912   1459    332    709
   913   1463    306    731
   914   1474    282    744
   915   1489    296    715
   916   1487    294    719
   917   1507    274    719
   918   1536    259    705
   919   1565    263    672
   920   1557    261    682
   921   1573    248    679
   922   1574    249    677
   923   1551    277    672
   924   1570    267    663
   925   1588    242    670
   926   1608    253    639
   927   1593    273    634
   928   1571    283    646
   929   1540    304    656
   930   1494    320    686
   931   1513    318    669
   932   1501    327    672
   933   1478    335    687
   934   1480    316    704
   935   1489    295    716
   936   1464    322    714
   937   1486    320    694
   938   1462    334    704
   939   1447    373    680
   940   1429    386    685
   941   1397    410    693
   942   1366    394    740
   943   1388    353    759
   944   1407    330    763
   945   1457    302    741
   946   1479    318    703
   947   1425    357    718
   948   1393    356    751
   949   1428    319    753
   950   1431    336    733
   951   1457    316    727
   952   1420    345    735
   953   1421    356    723
   954   1422    353    725
   955   1407    347    746
   956   1389    380    731
   957   1390    369    741
   958   1375    376    749
   959   1395    371    734
   960   1393    369    738
   961   1398    336    766
   962   1391    362    747
   963   1364    378    758
   964   1393    374    733
   965   1379    397    724
   966   1351    406    743
   967   1365    388    747
   968   1337    406    757
   969   1328    399    773
   970   1349    361    790
   971   1376    344    780
   972   1372    361    767
   973   1343    395    762
   974   1333    398    769
   975   1298    419    783
   976   1287    403    810
   977   1305    379    816
   978   1325    397    778
   979   1342    398    760
   980   1341    387    772
   981   1341    382    777
   982   1333    393    774
   983   1328    401    771
   984   1304    424    772
   985   1275    447    778
   986   1313    397    790
   987   1316    376    808
   988   1321    401    778
   989   1339    390    771
   990   1330    411    759
   991   1365    366    769
   992   1353    385    762
   993   1391    392    717
   994   1355    420    725
   995   1314    436    750
   996   1325    409    766
   997   1296    411    793
   998   1332    380    788
   999   1341    378    781
  1000   1369    364    767
