# time (sweeps) | Susceptible | Infected | Recovered
     0   1650    142    708
     1   1660    133    707
     2   1665    138    697
     3   1663    132    705
     4   1663    129    708
     5   1653    139    708
     6   1654    156    690
     7   1628    168    704
     8   1637    161    702
     9   1643    156    701
    10   1664    134    702
    11   1656    133    711
    12   1647    162    691
    13   1634    164    702
    14   1607    175    718
    15   1592    179    729
    16   1585    186    729
    17   1563    196    741
    18   1557    210    733
    19   1535    227    738
    20   1514    213    773
    21   1529    191    780
    22   1539    186    775
    23   1539    201    760
    24   1529    212    759
    25   1520    219    761
    26   1526    206    768
    27   1533    212    755
    28   1505    240    755
    29   1490    235    775
    30   1474    231    795
    31   1487    201    812
    32   1501    190    809
    33   1505    205    790
    34   1540    180    780
    35   1546    186    768
    36   1550    188    762
    37   1568    181    751
    38   1552    203    745
    39   1548    209    743
    40   1534    214    752
    41   1537    202    761
    42   1563    177    760
    43   1552    202    746
    44   1565    183    752
    45   1567    182    751
    46   1578    178    744
    47   1575    181    744
    48   1572    180    748
    49   1601    170    729
    50   1593    162    745
    51   1579    181    740
    52   1597    163    740
    53   1592    166    742
    54   1600    182    718
    55   1625    157    718
    56   1614    174    712
    57   1623    164    713
    58   1625    159    716
    59   1622    171    707
    60   1592    184    724
    61   1579    196    725
    62   1595    166    739
    63   1599    165    736
    64   1608    161    731
    65   1614    154    732
    66   1594    161    745
    67   1608    156    736
    68   1613    171    716
    69   1610    166    724
    70   1593    180    727
    71   1601    152    747
    72   1621    158    721
    73   1593    166    741
    74   1596    159    745
    75   1582    158    760
    76   1593    161    746
    77   1590    177    733
    78   1575    191    734
    79   1590    176    734
    80   1565    194    741
    81   1579    192    729
    82   1568    190    742
    83   1557    183    760
    84   1551    190    759
    85   1572    182    746
    86   1571    181    748
    87   1572    163    765
    88   1582    156    762
    89   1598    153    749
    90   1610    151    739
    91   1631    151    718
    92   1616    170    714
    93   1586    178    736
    94   1596    166    738
    95   1591    165    744
    96   1587    172    741
    97   1606    157    737
    98   1615    169    716
    99   1625    173    702
   100   1608    183    709
   101   1625    162    713
   102   1626    143    731
   103   1647    147    706
   104   1654    140    706
   105   1648    138    714
   106   1667    115    718
   107   1674    136    690
   108   1671    134    695
   109   1662    150    688
   110   1669    142    689
   111   1645    157    698
   112   1645    146    709
   113   1630    147    723
   114   1624    155    721
   115   1617    172    711
   116   1616    152    732
   117   1600    166    734
   118   1601    173    726
   119   1607    170    723
   120   1597    165    738
   121   1601    175    724
   122   1603    168    729
   123   1610    158    732
   124   1600    179    721
   125   1592    177    731
   126   1572    184    744
   127   1568    209    723
   128   1550    212    738
   129   1569    189    742
   130   1540    203    757
   131   1571    182    747
   132   1587    181    732
   133   1589    174    737
   134   1578    190    732
   135   1572    192    736
   136   1547    186    767
   137   1548    189    763
   138   1568    179    753
   139   1565    175    760
   140   1581    168    751
   141   1578    174    748
   142   1599    161    740
   143   1604    168    728
   144   1591    189    720
   145   1602    183    715
   146   1578    196    726
   147   1568    197    735
   148   1579    206    715
   149   1541    204    755
   150   1539    207    754
   151   1552    185    763
   152   1550    181    769
   153   1548    184    768
   154   1557    188    755
   155   1561    197    742
   156   1563    188    749
   157   1556    194    750
   158   1561    185    754
   159   1577    183    740
   160   1585    200    715
   161   1599    203    698
   162   1575    202    723
   163   1559    206    735
   164   1558    195    747
   165   1549    191    760
   166   1570    178    752
   167   1583    159    758
   168   1592    169    739
   169   1584    194    722
   170   1572    174    754
   171   1596    182    722
   172   1593    188    719
   173   1590    195    715
   174   1555    209    736
   175   1524    230    746
   176   1506    220    774
   177   1503    202    795
   178   1510    215    775
   179   1525    202    773
   180   1538    178    784
   181   1554    166    780
   182   1564    183    753
   183   1571    162    767
   184   1598    150    752
   185   1590    171    739
   186   1585    170    745
   187   1606    149    745
   188   1629    139    732
   189   1661    124    715
   190   1658    138    704
   191   1662    130    708
   192   1668    137    695
   193   1654    143    703
   194   1635    167    698
   195   1611    180    709
   196   1621    161    718
   197   1602    175    723
   198   1598    180    722
   199   1592    178    730
   200   1609    165    726
   201   1621    150    729
   202   1610    176    714
   203   1600    186    714
   204   1594    183    723
   205   1563    192    745
   206   1581    186    733
   207   1561    199    740
   208   1555    208    737
   209   1546    201    753
   210   1519    218    763
   211   1517    209    774
   212   1541    189    770
   213   1550    195    755
   214   1550    190    760
   215   1564    184    752
   216   1568    193    739
   217   1556    202    742
   218   1559    203    738
   219   1553    214    733
   220   1524    228    748
   221   1490    238    772
   222   1485    210    805
   223   1497    213    790
   224   1508    221    771
   225   1503    220    777
   226   1527    209    764
   227   1521    219    760
   228   1484    226    790
   229   1494    219    787
   230   1510    204    786
   231   1524    201    775
   232   1521    209    770
   233   1518    214    768
   234   1525    213    762
   235   1499    221    780
   236   1463    260    777
   237   1455    230    815
   238   1491    220    789
   239   1518    188    794
   240   1526    176    798
   241   1569    163    768
   242   1577    186    737
   243   1561    189    750
   244   1558    181    761
   245   1573    188    739
   246   1589    182    729
   247   1588    185    727
   248   1589    184    727
   249   1556    184    760
   250   1566    185    749
   251   1584    176    740
   252   1590    189    721
   253   1586    180    734
   254   1580    183    737
   255   1588    169    743
   256   1570    184    746
   257   1577    179    744
   258   1560    206    734
   259   1532    210    758
   260   1493    240    767
   261   1484    257    759
   262   1494    219    787
   263   1495    222    783
   264   1489    226    785
   265   1496    220    784
   266   1513    214    773
   267   1527    210    763
   268   1507    223    770
   269   1510    201    789
   270   1524    193    783
   271   1497    219    784
   272   1504    221    775
   273   1492    225    783
   274   1465    266    769
   275   1463    254    783
   276   1449    243    808
   277   1472    223    805
   278   1477    231    792
   279   1505    211    784
   280   1500    224    776
   281   1504    217    779
   282   1524    198    778
   283   1539    190    771
   284   1535    194    771
   285   1559    172    769
   286   1544    185    771
   287   1540    206    754
   288   1533    196    771
   289   1531    212    757
   290   1530    186    784
   291   1546    176    778
   292   1552    186    762
   293   1551    198    751
   294   1565    192    743
   295   1567    196    737
   296   1542    201    757
   297   1554    188    758
   298   1553    209    738
   299   1531    212    757
   300   1540    209    751
   301   1535    208    757
   302   1527    229    744
   303   1506    221    773
   304   1483    229    788
   305   1466    246    788
   306   1458    238    804
   307   1481    205    814
   308   1491    207    802
   309   1478    218    804
   310   1486    214    800
   311   1510    180    810
   312   1542    175    783
   313   1562    171    767
   314   1575    170    755
   315   1561    196    743
   316   1557    202    741
   317   1523    211    766
   318   1546    180    774
   319   1539    173    788
   320   1545    200    755
   321   1532    213    755
   322   1552    196    752
   323   1551    181    768
   324   1574    169    757
   325   1588    158    754
   326   1593    167    740
   327   1597    162    741
   328   1613    155    732
   329   1632    155    713
   330   1616    162    722
   331   1630    163    707
   332   1620    166    714
   333   1629    144    727
   334   1624    152    724
   335   1654    147    699
   336   1642    148    710
   337   1630    162    708
   338   1616    170    714
   339   1619    166    715
   340   1625    159    716
   341   1634    144    722
   342   1625    155    720
   343   1602    175    723
   344   1587    204    709
   345   1548    209    743
   346   1507    249    744
   347   1504    230    766
   348   1496    235    769
   349   1492    247    761
   350   1490    229    781
   351   1499    226    775
   352   1483    207    810
   353   1490    203    807
   354   1501    202    797
   355   1526    201    773
   356   1532    195    773
   357   1547    194    759
   358   1574    180    746
   359   1590    170    740
   360   1602    160    738
   361   1585    176    739
   362   1578    182    740
   363   1550    189    761
   364   1527    205    768
   365   1528    210    762
   366   1527    215    758
   367   1528    193    779
   368   1528    207    765
   369   1504    234    762
   370   1490    238    772
   371   1503    203    794
   372   1512    212    776
   373   1507    205    788
   374   1541    183    776
   375   1558    188    754
   376   1573    179    748
   377   1600    165    735
   378   1563    209    728
   379   1545    218    737
   380   1521    219    760
   381   1531    196    773
   382   1545    183    772
   383   1554    176    770
   384   1563    181    756
   385   1569    175    756
   386   1553    182    765
   387   1542    177    781
   388   1566    158    776
   389   1562    148    790
   390   1591    143    766
   391   1607    145    748
   392   1607    161    732
   393   1612    147    741
   394   1619    159    722
   395   1623    152    725
   396   1610    160    730
   397   1629    145    726
   398   1651    141    708
   399   1630    155    715
   400   1640    142    718
   401   1651    137    712
   402   1646    144    710
   403   1646    148    706
   404   1638    147    715
   405   1624    160    716
   406   1637    173    690
   407   1632    177    691
   408   1642    159    699
   409   1616    175    709
   410   1600    183    717
   411   1573    207    720
   412   1569    225    706
   413   1552    217    731
   414   1522    227    751
   415   1526    221    753
   416   1532    210    758
   417   1533    199    768
   418   1531    193    776
   419   1527    178    795
   420   1574    170    756
   421   1565    170    765
   422   1584    141    775
   423   1623    132    745
   424   1628    135    737
   425   1646    136    718
   426   1649    126    725
   427   1641    138    721
   428   1659    129    712
   429   1661    140    699
   430   1657    151    692
   431   1631    154    715
   432   1632    144    724
   433   1637    160    703
   434   1631    155    714
   435   1645    141    714
   436   1650    138    712
   437   1641    143    716
   438   1648    138    714
   439   1654    143    703
   440   1648    143    709
   441   1668    120    712
   442   1668    126    706
   443   1685    119    696
   444   1669    149    682
   445   1645    147    708
   446   1651    131    718
   447   1680    126    694
   448   1662    139    699
   449   1674    120    706
   450   1695    129    676
   451   1674    138    688
   452   1696    125    679
   453   1702    108    690
   454   1707    107    686
   455   1716     95    689
   456   1731     94    675
   457   1740    107    653
   458   1708    117    675
   459   1719    102    679
   460   1715    103    682
   461   1729     95    676
   462   1725    101    674
   463   1723    101    676
   464   1730    118    652
   465   1716    126    658
   466   1704    138    658
   467   1714    124    662
   468   1690    134    676
   469   1670    163    667
   470   1664    156    680
   471   1642    165    693
   472   1641    157    702
   473   1652    144    704
   474   1671    138    691
   475   1675    128    697
   476   1669    131    700
   477   1672    137    691
   478   1674    128    698
   479   1693    126    681
   480   1687    130    683
   481   1684    128    688
   482   1678    143    679
   483   1667    157    676
   484   1635    158    707
   485   1643    147    710
   486   1638    138    724
   487   1646    141    713
   488   1663    131    706
   489   1680    124    696
   490   1686    118    696
   491   1696    114    690
   492   1719     98    683
   493   1711    116    673
   494   1726    105    669
   495   1718    114    668
   496   1701    133    666
   497   1687    131    682
   498   1699    122    679
   499   1695    120    685
   500   1690    127    683
   501   1679    138    683
   502   1689    119    692
   503   1686    126    688
   504   1674    126    700
   505   1698    108    694
   506   1693    127    680
   507   1689    123    688
   508   1693    124    683
   509   1698    126    676
   510   1695    136    669
   511   1684    135    681
   512   1679    133    688
   513   1684    136    680
   514   1679    133    688
   515   1693    134    673
   516   1695    131    674
   517   1682    135    683
   518   1652    164    684
   519   1640    156    704
   520   1646    145    709
   521   1635    164    701
   522   1630    152    718
   523   1637    132    731
   524   1671    125    704
   525   1678    122    700
   526   1673    118    709
   527   1695    110    695
   528   1700    115    685
   529   1695    114    691
   530   1698    100    702
   531   1707    100    693
   532   1719     97    684
   533   1715    110    675
   534   1704    126    670
   535   1703    131    666
   536   1699    119    682
   537   1692    123    685
   538   1699    108    693
   539   1707     98    695
   540   1701    100    699
   541   1714    108    678
   542   1723    100    677
   543   1714    105    681
   544   1720    101    679
   545   1709    107    684
   546   1729     90    681
   547   1733    102    665
   548   1740    102    658
   549   1744     96    660
   550   1731    113    656
   551   1727    110    663
   552   1716    120    664
   553   1715     98    687
   554   1731     95    674
   555   1737     87    676
   556   1747     98    655
   557   1737    106    657
   558   1725    111    664
   559   1720    125    655
   560   1709    134    657
   561   1718    113    669
   562   1722    106    672
   563   1741     94    665
   564   1765     81    654
   565   1751     99    650
   566   1721    116    663
   567   1738    107    655
   568   1742     97    661
   569   1745     90    665
   570   1750     94    656
   571   1739    101    660
   572   1737    109    654
   573   1742    100    658
   574   1733    112    655
   575   1748    104    648
   576   1727    111    662
   577   1727     95    678
   578   1744     91    665
   579   1741     86    673
   580   1764     85    651
   581   1761     92    647
   582   1756    101    643
   583   1765    101    634
   584   1764     97    639
   585   1758     94    648
   586   1759    104    637
   587   1729    127    644
   588   1716    121    663
   589   1723     92    685
   590   1707    108    685
   591   1716     92    692
   592   1747     87    666
   593   1722    116    662
   594   1722    107    671
   595   1734    102    664
   596   1733    107    660
   597   1715    116    669
   598   1721    105    674
   599   1737    111    652
   600   1725    114    661
   601   1709    129    662
   602   1707    126    667
   603   1694    137    669
   604   1678    147    675
   605   1659    159    682
   606   1669    144    687
   607   1685    118    697
   608   1686    138    676
   609   1676    142    682
   610   1664    141    695
   611   1655    136    709
   612   1656    134    710
   613   1687    116    697
   614   1688    127    685
   615   1688    134    678
   616   1689    131    680
   617   1683    129    688
   618   1673    135    692
   619   1658    143    699
   620   1654    146    700
   621   1653    136    711
   622   1673    126    701
   623   1671    126    703
   624   1701    119    680
   625   1692    136    672
   626   1653    163    684
   627   1614    187    699
   628   1626    180    694
   629   1622    170    708
   630   1649    154    697
   631   1648    155    697
   632   1638    169    693
   633   1645    157    698
   634   1635    173    692
   635   1605    189    706
   636   1625    173    702
   637   1607    189    704
   638   1586    184    730
   639   1583    184    733
   640   1581    194    725
   641   1586    184    730
   642   1594    169    737
   643   1580    177    743
   644   1594    166    740
   645   1619    146    735
   646   1615    156    729
   647   1622    146    732
   648   1665    121    714
   649   1659    125    716
   650   1670    125    705
   651   1670    112    718
   652   1664    128    708
   653   1670    121    709
   654   1688    118    694
   655   1685    133    682
   656   1674    144    682
   657   1659    153    688
   658   1681    143    676
   659   1674    141    685
   660   1678    140    682
   661   1656    151    693
   662   1644    161    695
   663   1622    165    713
   664   1636    145    719
   665   1647    151    702
   666   1636    161    703
   667   1624    161    715
   668   1635    143    722
   669   1645    138    717
   670   1657    129    714
   671   1646    151    703
   672   1649    147    704
   673   1656    152    692
   674   1637    169    694
   675   1605    187    708
   676   1604    191    705
   677   1567    182    751
   678   1547    197    756
   679   1546    207    747
   680   1535    210    755
   681   1562    194    744
   682   1550    211    739
   683   1528    214    758
   684   1525    209    766
   685   1516    225    759
   686   1523    225    752
   687   1499    230    771
   688   1492    216    792
   689   1471    239    790
   690   1480    240    780
   691   1494    223    783
   692   1494    222    784
   693   1482    224    794
   694   1488    231    781
   695   1481    219    800
   696   1491    219    790
   697   1494    222    784
   698   1513    203    784
   699   1535    187    778
   700   1528    182    790
   701   1553    184    763
   702   1553    198    749
   703   1538    209    753
   704   1539    186    775
   705   1533    198    769
   706   1536    201    763
   707   1543    191    766
   708   1541    199    760
   709   1531    214    755
   710   1521    227    752
   711   1520    207    773
   712   1520    205    775
   713   1501    229    770
   714   1486    247    767
   715   1469    239    792
   716   1484    227    789
   717   1472    249    779
   718   1478    248    774
   719   1449    244    807
   720   1456    226    818
   721   1486    202    812
   722   1509    202    789
   723   1510    204    786
   724   1513    205    782
   725   1509    211    780
   726   1501    228    771
   727   1499    215    786
   728   1510    220    770
   729   1511    235    754
   730   1492    238    770
   731   1489    234    777
   732   1483    222    795
   733   1472    245    783
   734   1477    257    766
   735   1452    237    811
   736   1471    226    803
   737   1487    204    809
   738   1518    200    782
   739   1507    212    781
   740   1538    205    757
   741   1547    187    766
   742   1565    178    757
   743   1568    177    755
   744   1563    200    737
   745   1569    195    736
   746   1549    211    740
   747   1535    204    761
   748   1539    201    760
   749   1545    217    738
   750   1543    211    746
   751   1551    203    746
   752   1532    214    754
   753   1535    202    763
   754   1537    210    753
   755   1523    206    771
   756   1530    202    768
   757   1547    202    751
   758   1515    232    753
   759   1508    225    767
   760   1486    220    794
   761   1486    231    783
   762   1484    236    780
   763   1497    211    792
   764   1485    213    802
   765   1498    203    799
   766   1502    206    792
   767   1484    224    792
   768   1480    221    799
   769   1446    252    802
   770   1473    227    800
   771   1495    230    775
   772   1499    211    790
   773   1509    207    784
   774   1504    217    779
   775   1501    212    787
   776   1520    210    770
   777   1521    222    757
   778   1531    215    754
   779   1517    241    742
   780   1495    234    771
   781   1495    243    762
   782   1460    263    777
   783   1456    262    782
   784   1463    256    781
   785   1465    244    791
   786   1443    257    800
   787   1423    254    823
   788   1447    233    820
   789   1444    230    826
   790   1445    232    823
   791   1443    244    813
   792   1442    246    812
   793   1426    258    816
   794   1406    263    831
   795   1404    263    833
   796   1402    285    813
   797   1415    261    824
   798   1412    266    822
   799   1436    259    805
   800   1426    250    824
   801   1442    239    819
   802   1451    231    818
   803   1479    249    772
   804   1480    229    791
   805   1485    228    787
   806   1467    238    795
   807   1454    260    786
   808   1453    267    780
   809   1442    266    792
   810   1458    244    798
   811   1445    256    799
   812   1443    255    802
   813   1441    250    809
   814   1441    243    816
   815   1454    259    787
   816   1426    282    792
   817   1408    283    809
   818   1412    263    825
   819   1419    251    830
   820   1427    245    828
   821   1398    273    829
   822   1418    264    818
   823   1403    280    817
   824   1394    282    824
   825   1385    285    830
   826   1392    293    815
   827   1365    297    838
   828   1388    271    841
   829   1398    256    846
   830   1424    256    820
   831   1402    273    825
   832   1412    268    820
   833   1388    263    849
   834   1418    250    832
   835   1451    219    830
   836   1471    224    805
   837   1447    257    796
   838   1442    267    791
   839   1431    262    807
   840   1403    281    816
   841   1413    252    835
   842   1415    264    821
   843   1409    263    828
   844   1429    245    826
   845   1416    238    846
   846   1449    219    832
   847   1452    230    818
   848   1473    219    808
   849   1487    217    796
   850   1475    226    799
   851   1505    191    804
   852   1508    201    791
   853   1486    236    778
   854   1467    241    792
   855   1479    210    811
   856   1498    208    794
   857   1492    213    795
   858   1501    208    791
   859   1501    198    801
   860   1510    209    781
   861   1506    194    800
   862   1531    184    785
   863   1568    161    771
   864   1574    184    742
   865   1557    196    747
   866   1564    180    756
   867   1551    212    737
   868   1508    240    752
   869   1523    216    761
   870   1548    193    759
   871   1551    181    768
   872   1555    184    761
   873   1534    200    766
   874   1532    208    760
   875   1531    212    757
   876   1517    219    764
   877   1544    204    752
   878   1537    194    769
   879   1526    196    778
   880   1515    210    775
   881   1512    222    766
   882   1511    236    753
   883   1504    223    773
   884   1495    229    776
   885   1483    213    804
   886   1511    214    775
   887   1480    226    794
   888   1481    228    791
   889   1505    206    789
   890   1512    225    763
   891   1510    241    749
   892   1501    221    778
   893   1491    226    783
   894   1466    262    772
   895   1430    276    794
   896   1383    293    824
   897   1371    304    825
   898   1361    302    837
   899   1355    303    842
   900   1367    305    828
   901   1359    290    851
   902   1376    285    839
   903   1371    272    857
   904   1389    259    852
   905   1402    264    834
   906   1414    260    826
   907   1416    262    822
   908   1434    262    804
   909   1438    277    785
   910   1394    305    801
   911   1386    293    821
   912   1371    291    838
   913   1362    288    850
   914   1388    252    860
   915   1412    245    843
   916   1427    250    823
   917   1448    226    826
   918   1483    226    791
   919   1493    212    795
   920   1501    220    779
   921   1497    233    770
   922   1494    231    775
   923   1485    232    783
   924   1488    231    781
   925   1496    245    759
   926   1482    239    779
   927   1474    246    780
   928   1471    240    789
   929   1466    240    794
   930   1472    240    788
   931   1466    244    790
   932   1448    280    772
   933   1431    272    797
   934   1439    255    806
   935   1454    247    799
   936   1450    262    788
   937   1436    261    803
   938   1438    257    805
   939   1448    240    812
   940   1433    262    805
   941   1424    276    800
   942   1406    289    805
   943   1411    274    815
   944   1411    273    816
   945   1416    270    814
   946   1427    254    819
   947   1397    270    833
   948   1424    272    804
   949   1416    249    835
   950   1430    262    808
   951   1411    282    807
   952   1415    282    803
   953   1392    282    826
   954   1410    259    831
   955   1423    249    828
   956   1454    237    809
   957   1451    228    821
   958   1463    219    818
   959   1454    239    807
   960   1448    245    807
   961   1439    265    796
   962   1448    239    813
   963   1447    234    819
   964   1436    232    832
   965   1456    229    815
   966   1480    216    804
   967   1501    214    785
   968   1507    198    795
   969   1546    182    772
   970   1537    205    758
   971   1528    205    767
   972   1545    201    754
   973   1520    215    765
   974   1525    189    786
   975   1549    176    775
   976   1585    155    760
   977   1606    154    740
   978   1599    160    741
   979   1608    150    742
   980   1601    167    732
   981   1597    168    735
   982   1603    175    722
   983   1575    182    743
   984   1581    182    737
   985   1578    188    734
   986   1557    211    732
   987   1556    198    746
   988   1573    190    737
   989   1569    181    750
   990   1577    168    755
   991   1597    172    731
   992   1605    177    718
   993   1606    176    718
   994   1604    163    733
   995   1622    161    717
   996   1617    159    724
   997   1613    151    736
   998   1608    167    725
   999   1607    159    734
  1000   1583    179    738
