# time (sweeps) | Susceptible | Infected | Recovered
     0   1406    328    766
     1   1410    334    756
     2   1386    360    754
     3   1348    385    767
     4   1361    347    792
     5   1362    334    804
     6   1354    367    779
     7   1329    360    811
     8   1344    339    817
     9   1356    334    810
    10   1375    328    797
    11   1390    312    798
    12   1391    306    803
    13   1393    308    799
    14   1386    330    784
    15   1395    333    772
    16   1405    340    755
    17   1401    360    739
    18   1378    361    761
    19   1374    340    786
    20   1360    347    793
    21   1402    316    782
    22   1406    303    791
    23   1435    276    789
    24   1441    288    771
    25   1432    291    777
    26   1426    302    772
    27   1431    279    790
    28   1435    282    783
    29   1456    274    770
    30   1464    292    744
    31   1455    279    766
    32   1461    280    759
    33   1465    289    746
    34   1466    304    730
    35   1443    327    730
    36   1435    333    732
    37   1431    316    753
    38   1407    319    774
    39   1407    307    786
    40   1415    307    778
    41   1390    329    781
    42   1388    334    778
    43   1376    352    772
    44   1351    364    785
    45   1336    372    792
    46   1325    372    803
    47   1316    372    812
    48   1341    331    828
    49   1333    378    789
    50   1324    374    802
    51   1349    346    805
    52   1346    335    819
    53   1356    315    829
    54   1390    317    793
    55   1398    319    783
    56   1396    315    789
    57   1390    334    776
    58   1385    336    779
    59   1411    312    777
    60   1405    319    776
    61   1398    308    794
    62   1380    340    780
    63   1377    344    779
    64   1388    323    789
    65   1420    308    772
    66   1406    314    780
    67   1417    315    768
    68   1416    304    780
    69   1427    318    755
    70   1403    323    774
    71   1417    318    765
    72   1411    339    750
    73   1393    351    756
    74   1393    331    776
    75   1424    315    761
    76   1437    285    778
    77   1445    291    764
    78   1454    270    776
    79   1464    273    763
    80   1457    291    752
    81   1452    314    734
    82   1445    321    734
    83   1439    336    725
    84   1426    324    750
    85   1408    329    763
    86   1379    372    749
    87   1366    354    780
    88   1369    361    770
    89   1316    383    801
    90   1321    362    817
    91   1322    343    835
    92   1368    316    816
    93   1381    322    797
    94   1384    337    779
    95   1376    337    787
    96   1383    331    786
    97   1366    344    790
    98   1375    339    786
    99   1360    335    805
   100   1369    335    796
   101   1373    333    794
   102   1405    303    792
   103   1408    321    771
   104   1444    295    761
   105   1445    294    761
   106   1440    312    748
   107   1391    338    771
   108   1401    314    785
   109   1418    305    777
   110   1439    311    750
   111   1446    280    774
   112   1436    274    790
   113   1477    264    759
   114   1473    279    748
   115   1512    264    724
   116   1513    272    715
   117   1492    259    749
   118   1488    282    730
   119   1490    285    725
   120   1484    283    733
   121   1471    262    767
   122   1494    276    730
   123   1486    271    743
   124   1503    258    739
   125   1523    250    727
   126   1518    259    723
   127   1490    292    718
   128   1480    295    725
   129   1489    312    699
   130   1460    313    727
   131   1444    309    747
   132   1435    310    755
   133   1457    283    760
   134   1477    273    750
   135   1459    304    737
   136   1456    304    740
   137   1417    332    751
   138   1410    322    768
   139   1445    284    771
   140   1475    279    746
   141   1460    286    754
   142   1451    299    750
   143   1421    314    765
   144   1418    308    774
   145   1435    299    766
   146   1427    318    755
   147   1409    311    780
   148   1423    307    770
   149   1397    324    779
   150   1392    312    796
   151   1370    339    791
   152   1370    337    793
   153   1354    359    787
   154   1332    379    789
   155   1358    349    793
   156   1369    337    794
   157   1352    364    784
   158   1337    388    775
   159   1332    367    801
   160   1350    350    800
   161   1338    359    803
   162   1346    351    803
   163   1331    356    813
   164   1309    360    831
   165   1331    368    801
   166   1300    382    818
   167   1310    372    818
   168   1307    389    804
   169   1322    349    829
   170   1326    345    829
   171   1325    348    827
   172   1350    348    802
   173   1372    333    795
   174   1358    333    809
   175   1376    328    796
   176   1394    325    781
   177   1415    313    772
   178   1417    312    771
   179   1413    310    777
   180   1395    318    787
   181   1424    312    764
   182   1422    317    761
   183   1444    289    767
   184   1459    300    741
   185   1462    319    719
   186   1465    300    735
   187   1434    345    721
   188   1383    378    739
   189   1368    361    771
   190   1362    366    772
   191   1359    346    795
   192   1334    363    803
   193   1337    354    809
   194   1354    338    808
   195   1366    323    811
   196   1380    336    784
   197   1401    318    781
   198   1407    305    788
   199   1411    299    790
   200   1432    286    782
   201   1444    287    769
   202   1480    248    772
   203   1502    240    758
   204   1490    269    741
   205   1508    263    729
   206   1495    271    734
   207   1496    294    710
   208   1464    298    738
   209   1468    279    753
   210   1459    281    760
   211   1450    290    760
   212   1459    302    739
   213   1436    279    785
   214   1485    262    753
   215   1480    272    748
   216   1488    284    728
   217   1461    278    761
   218   1466    275    759
   219   1482    278    740
   220   1513    260    727
   221   1499    278    723
   222   1499    295    706
   223   1481    304    715
   224   1441    319    740
   225   1461    288    751
   226   1468    284    748
   227   1463    265    772
   228   1510    257    733
   229   1514    281    705
   230   1502    278    720
   231   1481    285    734
   232   1489    257    754
   233   1492    270    738
   234   1530    254    716
   235   1523    266    711
   236   1536    259    705
   237   1531    232    737
   238   1570    222    708
   239   1554    248    698
   240   1544    245    711
   241   1537    253    710
   242   1520    257    723
   243   1518    265    717
   244   1509    258    733
   245   1540    246    714
   246   1547    267    686
   247   1544    256    700
   248   1514    270    716
   249   1470    305    725
   250   1495    292    713
   251   1475    298    727
   252   1491    274    735
   253   1488    270    742
   254   1501    252    747
   255   1528    231    741
   256   1539    220    741
   257   1570    220    710
   258   1575    226    699
   259   1562    219    719
   260   1574    219    707
   261   1581    238    681
   262   1571    223    706
   263   1575    242    683
   264   1554    277    669
   265   1547    265    688
   266   1537    256    707
   267   1532    257    711
   268   1538    240    722
   269   1536    242    722
   270   1514    258    728
   271   1493    279    728
   272   1523    263    714
   273   1547    255    698
   274   1523    251    726
   275   1531    252    717
   276   1555    239    706
   277   1561    241    698
   278   1551    264    685
   279   1531    280    689
   280   1511    266    723
   281   1531    268    701
   282   1535    251    714
   283   1539    264    697
   284   1536    254    710
   285   1542    245    713
   286   1572    237    691
   287   1579    238    683
   288   1564    247    689
   289   1571    230    699
   290   1567    225    708
   291   1570    228    702
   292   1524    275    701
   293   1522    277    701
   294   1502    273    725
   295   1510    258    732
   296   1493    270    737
   297   1476    267    757
   298   1471    260    769
   299   1530    240    730
   300   1542    252    706
   301   1566    239    695
   302   1544    248    708
   303   1535    283    682
   304   1534    272    694
   305   1542    262    696
   306   1483    293    724
   307   1469    290    741
   308   1505    274    721
   309   1502    273    725
   310   1513    250    737
   311   1504    282    714
   312   1507    266    727
   313   1503    280    717
   314   1501    272    727
   315   1509    290    701
   316   1495    294    711
   317   1495    277    728
   318   1506    269    725
   319   1494    280    726
   320   1516    248    736
   321   1515    265    720
   322   1516    255    729
   323   1524    253    723
   324   1513    295    692
   325   1493    285    722
   326   1476    296    728
   327   1449    295    756
   328   1456    293    751
   329   1452    274    774
   330   1473    269    758
   331   1460    299    741
   332   1452    300    748
   333   1462    298    740
   334   1471    281    748
   335   1483    277    740
   336   1489    283    728
   337   1485    285    730
   338   1490    257    753
   339   1501    266    733
   340   1473    299    728
   341   1452    309    739
   342   1486    280    734
   343   1481    274    745
   344   1476    295    729
   345   1484    300    716
   346   1440    346    714
   347   1422    335    743
   348   1410    347    743
   349   1417    317    766
   350   1429    308    763
   351   1390    338    772
   352   1369    351    780
   353   1339    374    787
   354   1347    364    789
   355   1365    332    803
   356   1397    321    782
   357   1419    317    764
   358   1395    314    791
   359   1414    321    765
   360   1394    334    772
   361   1409    313    778
   362   1393    285    822
   363   1440    281    779
   364   1469    276    755
   365   1448    280    772
   366   1452    270    778
   367   1461    274    765
   368   1459    258    783
   369   1492    249    759
   370   1522    240    738
   371   1538    240    722
   372   1527    243    730
   373   1549    230    721
   374   1561    230    709
   375   1541    234    725
   376   1553    248    699
   377   1556    241    703
   378   1551    236    713
   379   1536    260    704
   380   1521    266    713
   381   1521    274    705
   382   1514    269    717
   383   1509    291    700
   384   1488    300    712
   385   1444    324    732
   386   1444    319    737
   387   1444    325    731
   388   1403    332    765
   389   1417    335    748
   390   1378    354    768
   391   1344    360    796
   392   1375    334    791
   393   1401    319    780
   394   1382    322    796
   395   1388    319    793
   396   1396    319    785
   397   1399    336    765
   398   1400    317    783
   399   1386    339    775
   400   1354    363    783
   401   1363    330    807
   402   1396    316    788
   403   1409    318    773
   404   1408    324    768
   405   1409    324    767
   406   1391    319    790
   407   1388    324    788
   408   1415    312    773
   409   1424    305    771
   410   1435    319    746
   411   1452    312    736
   412   1439    288    773
   413   1461    285    754
   414   1470    296    734
   415   1478    294    728
   416   1481    270    749
   417   1489    274    737
   418   1468    317    715
   419   1455    298    747
   420   1454    292    754
   421   1462    273    765
   422   1468    305    727
   423   1480    320    700
   424   1481    291    728
   425   1496    261    743
   426   1522    250    728
   427   1536    260    704
   428   1510    265    725
   429   1548    234    718
   430   1545    253    702
   431   1551    273    676
   432   1538    275    687
   433   1530    253    717
   434   1558    225    717
   435   1569    229    702
   436   1589    222    689
   437   1600    217    683
   438   1603    227    670
   439   1582    240    678
   440   1574    253    673
   441   1559    242    699
   442   1567    247    686
   443   1574    237    689
   444   1588    236    676
   445   1569    260    671
   446   1558    248    694
   447   1520    280    700
   448   1524    274    702
   449   1544    260    696
   450   1539    270    691
   451   1500    279    721
   452   1479    290    731
   453   1480    295    725
   454   1504    286    710
   455   1496    274    730
   456   1472    292    736
   457   1460    295    745
   458   1483    284    733
   459   1508    279    713
   460   1517    279    704
   461   1520    262    718
   462   1527    260    713
   463   1526    254    720
   464   1521    251    728
   465   1512    272    716
   466   1490    283    727
   467   1497    279    724
   468   1513    267    720
   469   1526    273    701
   470   1512    279    709
   471   1490    280    730
   472   1497    273    730
   473   1511    270    719
   474   1506    274    720
   475   1499    278    723
   476   1495    296    709
   477   1490    298    712
   478   1467    304    729
   479   1447    328    725
   480   1430    325    745
   481   1418    319    763
   482   1422    306    772
   483   1423    331    746
   484   1397    335    768
   485   1391    321    788
   486   1384    319    797
   487   1423    299    778
   488   1413    316    771
   489   1432    289    779
   490   1448    280    772
   491   1441    315    744
   492   1458    302    740
   493   1417    321    762
   494   1403    337    760
   495   1390    325    785
   496   1408    314    778
   497   1411    306    783
   498   1405    320    775
   499   1423    307    770
   500   1432    314    754
   501   1432    321    747
   502   1441    315    744
   503   1412    339    749
   504   1393    342    765
   505   1371    340    789
   506   1396    326    778
   507   1387    312    801
   508   1394    334    772
   509   1398    321    781
   510   1392    329    779
   511   1404    306    790
   512   1412    314    774
   513   1402    341    757
   514   1385    326    789
   515   1399    281    820
   516   1436    286    778
   517   1467    267    766
   518   1473    266    761
   519   1467    273    760
   520   1455    289    756
   521   1452    278    770
   522   1463    280    757
   523   1467    289    744
   524   1470    314    716
   525   1433    318    749
   526   1429    308    763
   527   1461    284    755
   528   1457    274    769
   529   1463    279    758
   530   1454    289    757
   531   1449    294    757
   532   1450    306    744
   533   1439    309    752
   534   1456    286    758
   535   1472    296    732
   536   1482    283    735
   537   1467    283    750
   538   1454    289    757
   539   1491    282    727
   540   1479    308    713
   541   1472    316    712
   542   1451    306    743
   543   1441    302    757
   544   1442    318    740
   545   1431    314    755
   546   1418    307    775
   547   1419    329    752
   548   1435    308    757
   549   1438    305    757
   550   1437    300    763
   551   1429    308    763
   552   1412    329    759
   553   1427    319    754
   554   1384    323    793
   555   1393    296    811
   556   1407    286    807
   557   1444    280    776
   558   1463    281    756
   559   1468    294    738
   560   1442    317    741
   561   1421    333    746
   562   1386    352    762
   563   1388    335    777
   564   1388    339    773
   565   1399    330    771
   566   1365    368    767
   567   1334    373    793
   568   1320    391    789
   569   1330    379    791
   570   1293    421    786
   571   1282    387    831
   572   1294    383    823
   573   1303    369    828
   574   1294    388    818
   575   1276    397    827
   576   1277    375    848
   577   1274    384    842
   578   1329    345    826
   579   1329    345    826
   580   1329    345    826
   581   1329    345    826
   582   1329    345    826
   583   1329    345    826
   584   1329    345    826
   585   1329    345    826
   586   1329    345    826
   587   1329    345    826
   588   1329    345    826
   589   1329    345    826
   590   1329    345    826
   591   1329    345    826
   592   1329    345    826
   593   1329    345    826
   594   1329    345    826
   595   1329    345    826
   596   1329    345    826
   597   1329    345    826
   598   1329    345    826
   599   1329    345    826
   600   1329    345    826
   601   1329    345    826
   602   1329    345    826
   603   1329    345    826
   604   1329    345    826
   605   1329    345    826
   606   1329    345    826
   607   1329    345    826
   608   1329    345    826
   609   1329    345    826
   610   1329    345    826
   611   1329    345    826
   612   1329    345    826
   613   1329    345    826
   614   1329    345    826
   615   1329    345    826
   616   1329    345    826
   617   1329    345    826
   618   1329    345    826
   619   1329    345    826
   620   1329    345    826
   621   1329    345    826
   622   1329    345    826
   623   1329    345    826
   624   1329    345    826
   625   1329    345    826
   626   1329    345    826
   627   1329    345    826
   628   1329    345    826
   629   1329    345    826
   630   1329    345    826
   631   1329    345    826
   632   1329    345    826
   633   1329    345    826
   634   1329    345    826
   635   1329    345    826
   636   1329    345    826
   637   1329    345    826
   638   1329    345    826
   639   1329    345    826
   640   1329    345    826
   641   1329    345    826
   642   1329    345    826
   643   1329    345    826
   644   1329    345    826
   645   1329    345    826
   646   1329    345    826
   647   1329    345    826
   648   1329    345    826
   649   1329    345    826
   650   1329    345    826
   651   1329    345    826
   652   1329    345    826
   653   1329    345    826
   654   1329    345    826
   655   1329    345    826
   656   1329    345    826
   657   1329    345    826
   658   1329    345    826
   659   1329    345    826
   660   1329    345    826
   661   1329    345    826
   662   1329    345    826
   663   1329    345    826
   664   1329    345    826
   665   1329    345    826
   666   1329    345    826
   667   1329    345    826
   668   1329    345    826
   669   1329    345    826
   670   1329    345    826
   671   1329    345    826
   672   1329    345    826
   673   1329    345    826
   674   1329    345    826
   675   1329    345    826
   676   1329    345    826
   677   1329    345    826
   678   1329    345    826
   679   1329    345    826
   680   1329    345    826
   681   1329    345    826
   682   1329    345    826
   683   1329    345    826
   684   1329    345    826
   685   1329    345    826
   686   1329    345    826
   687   1329    345    826
   688   1329    345    826
   689   1329    345    826
   690   1329    345    826
   691   1329    345    826
   692   1329    345    826
   693   1329    345    826
   694   1329    345    826
   695   1329    345    826
   696   1329    345    826
   697   1329    345    826
   698   1329    345    826
   699   1329    345    826
   700   1329    345    826
   701   1329    345    826
   702   1329    345    826
   703   1329    345    826
   704   1329    345    826
   705   1329    345    826
   706   1329    345    826
   707   1329    345    826
   708   1329    345    826
   709   1329    345    826
   710   1329    345    826
   711   1329    345    826
   712   1329    345    826
   713   1329    345    826
   714   1329    345    826
   715   1329    345    826
   716   1329    345    826
   717   1329    345    826
   718   1329    345    826
   719   1329    345    826
   720   1329    345    826
   721   1329    345    826
   722   1329    345    826
   723   1329    345    826
   724   1329    345    826
   725   1329    345    826
   726   1329    345    826
   727   1329    345    826
   728   1329    345    826
   729   1329    345    826
   730   1329    345    826
   731   1329    345    826
   732   1329    345    826
   733   1329    345    826
   734   1329    345    826
   735   1329    345    826
   736   1329    345    826
   737   1329    345    826
   738   1329    345    826
   739   1329    345    826
   740   1329    345    826
   741   1329    345    826
   742   1329    345    826
   743   1329    345    826
   744   1329    345    826
   745   1329    345    826
   746   1329    345    826
   747   1329    345    826
   748   1329    345    826
   749   1329    345    826
   750   1329    345    826
   751   1329    345    826
   752   1329    345    826
   753   1329    345    826
   754   1329    345    826
   755   1329    345    826
   756   1329    345    826
   757   1329    345    826
   758   1329    345    826
   759   1329    345    826
   760   1329    345    826
   761   1329    345    826
   762   1329    345    826
   763   1329    345    826
   764   1329    345    826
   765   1329    345    826
   766   1329    345    826
   767   1329    345    826
   768   1329    345    826
   769   1329    345    826
   770   1329    345    826
   771   1329    345    826
   772   1329    345    826
   773   1329    345    826
   774   1329    345    826
   775   1329    345    826
   776   1329    345    826
   777   1329    345    826
   778   1329    345    826
   779   1329    345    826
   780   1329    345    826
   781   1329    345    826
   782   1329    345    826
   783   1329    345    826
   784   1329    345    826
   785   1329    345    826
   786   1329    345    826
   787   1329    345    826
   788   1329    345    826
   789   1329    345    826
   790   1329    345    826
   791   1329    345    826
   792   1329    345    826
   793   1329    345    826
   794   1329    345    826
   795   1329    345    826
   796   1329    345    826
   797   1329    345    826
   798   1329    345    826
   799   1329    345    826
   800   1329    345    826
   801   1329    345    826
   802   1329    345    826
   803   1329    345    826
   804   1329    345    826
   805   1329    345    826
   806   1329    345    826
   807   1329    345    826
   808   1329    345    826
   809   1329    345    826
   810   1329    345    826
   811   1329    345    826
   812   1329    345    826
   813   1329    345    826
   814   1329    345    826
   815   1329    345    826
   816   1329    345    826
   817   1329    345    826
   818   1329    345    826
   819   1329    345    826
   820   1329    345    826
   821   1329    345    826
   822   1329    345    826
   823   1329    345    826
   824   1329    345    826
   825   1329    345    826
   826   1329    345    826
   827   1329    345    826
   828   1329    345    826
   829   1329    345    826
   830   1329    345    826
   831   1329    345    826
   832   1329    345    826
   833   1329    345    826
   834   1329    345    826
   835   1329    345    826
   836   1329    345    826
   837   1329    345    826
   838   1329    345    826
   839   1329    345    826
   840   1329    345    826
   841   1329    345    826
   842   1329    345    826
   843   1329    345    826
   844   1329    345    826
   845   1329    345    826
   846   1329    345    826
   847   1329    345    826
   848   1329    345    826
   849   1329    345    826
   850   1329    345    826
   851   1329    345    826
   852   1329    345    826
   853   1329    345    826
   854   1329    345    826
   855   1329    345    826
   856   1329    345    826
   857   1329    345    826
   858   1329    345    826
   859   1329    345    826
   860   1329    345    826
   861   1329    345    826
   862   1329    345    826
   863   1329    345    826
   864   1329    345    826
   865   1329    345    826
   866   1329    345    826
   867   1329    345    826
   868   1329    345    826
   869   1329    345    826
   870   1329    345    826
   871   1329    345    826
   872   1329    345    826
   873   1329    345    826
   874   1329    345    826
   875   1329    345    826
   876   1329    345    826
   877   1329    345    826
   878   1329    345    826
   879   1329    345    826
   880   1329    345    826
   881   1329    345    826
   882   1329    345    826
   883   1329    345    826
   884   1329    345    826
   885   1329    345    826
   886   1329    345    826
   887   1329    345    826
   888   1329    345    826
   889   1329    345    826
   890   1329    345    826
   891   1329    345    826
   892   1329    345    826
   893   1329    345    826
   894   1329    345    826
   895   1329    345    826
   896   1329    345    826
   897   1329    345    826
   898   1329    345    826
   899   1329    345    826
   900   1329    345    826
   901   1329    345    826
   902   1329    345    826
   903   1329    345    826
   904   1329    345    826
   905   1329    345    826
   906   1329    345    826
   907   1329    345    826
   908   1329    345    826
   909   1329    345    826
   910   1329    345    826
   911   1329    345    826
   912   1329    345    826
   913   1329    345    826
   914   1329    345    826
   915   1329    345    826
   916   1329    345    826
   917   1329    345    826
   918   1329    345    826
   919   1329    345    826
   920   1329    345    826
   921   1329    345    826
   922   1329    345    826
   923   1329    345    826
   924   1329    345    826
   925   1329    345    826
   926   1329    345    826
   927   1329    345    826
   928   1329    345    826
   929   1329    345    826
   930   1329    345    826
   931   1329    345    826
   932   1329    345    826
   933   1329    345    826
   934   1329    345    826
   935   1329    345    826
   936   1329    345    826
   937   1329    345    826
   938   1329    345    826
   939   1329    345    826
   940   1329    345    826
   941   1329    345    826
   942   1329    345    826
   943   1329    345    826
   944   1329    345    826
   945   1329    345    826
   946   1329    345    826
   947   1329    345    826
   948   1329    345    826
   949   1329    345    826
   950   1329    345    826
   951   1329    345    826
   952   1329    345    826
   953   1329    345    826
   954   1329    345    826
   955   1329    345    826
   956   1329    345    826
   957   1329    345    826
   958   1329    345    826
   959   1329    345    826
   960   1329    345    826
   961   1329    345    826
   962   1329    345    826
   963   1329    345    826
   964   1329    345    826
   965   1329    345    826
   966   1329    345    826
   967   1329    345    826
   968   1329    345    826
   969   1329    345    826
   970   1329    345    826
   971   1329    345    826
   972   1329    345    826
   973   1329    345    826
   974   1329    345    826
   975   1329    345    826
   976   1329    345    826
   977   1329    345    826
   978   1329    345    826
   979   1329    345    826
   980   1329    345    826
   981   1329    345    826
   982   1329    345    826
   983   1329    345    826
   984   1329    345    826
   985   1329    345    826
   986   1329    345    826
   987   1329    345    826
   988   1329    345    826
   989   1329    345    826
   990   1329    345    826
   991   1329    345    826
   992   1329    345    826
   993   1329    345    826
   994   1329    345    826
   995   1329    345    826
   996   1329    345    826
   997   1329    345    826
   998   1329    345    826
   999   1329    345    826
  1000   1329    345    826
