# time (sweeps) | Susceptible | Infected | Recovered
     0    221      0   2279
     1    221      0   2279
     2    221      0   2279
     3    221      0   2279
     4    221      0   2279
     5    221      0   2279
     6    221      0   2279
     7    221      0   2279
     8    221      0   2279
     9    221      0   2279
    10    221      0   2279
    11    221      0   2279
    12    221      0   2279
    13    221      0   2279
    14    221      0   2279
    15    221      0   2279
    16    221      0   2279
    17    221      0   2279
    18    221      0   2279
    19    221      0   2279
    20    221      0   2279
    21    221      0   2279
    22    221      0   2279
    23    221      0   2279
    24    221      0   2279
    25    221      0   2279
    26    221      0   2279
    27    221      0   2279
    28    221      0   2279
    29    221      0   2279
    30    221      0   2279
    31    221      0   2279
    32    221      0   2279
    33    221      0   2279
    34    221      0   2279
    35    221      0   2279
    36    221      0   2279
    37    221      0   2279
    38    221      0   2279
    39    221      0   2279
    40    221      0   2279
    41    221      0   2279
    42    221      0   2279
    43    221      0   2279
    44    221      0   2279
    45    221      0   2279
    46    221      0   2279
    47    221      0   2279
    48    221      0   2279
    49    221      0   2279
    50    221      0   2279
    51    221      0   2279
    52    221      0   2279
    53    221      0   2279
    54    221      0   2279
    55    221      0   2279
    56    221      0   2279
    57    221      0   2279
    58    221      0   2279
    59    221      0   2279
    60    221      0   2279
    61    221      0   2279
    62    221      0   2279
    63    221      0   2279
    64    221      0   2279
    65    221      0   2279
    66    221      0   2279
    67    221      0   2279
    68    221      0   2279
    69    221      0   2279
    70    221      0   2279
    71    221      0   2279
    72    221      0   2279
    73    221      0   2279
    74    221      0   2279
    75    221      0   2279
    76    221      0   2279
    77    221      0   2279
    78    221      0   2279
    79    221      0   2279
    80    221      0   2279
    81    221      0   2279
    82    221      0   2279
    83    221      0   2279
    84    221      0   2279
    85    221      0   2279
    86    221      0   2279
    87    221      0   2279
    88    221      0   2279
    89    221      0   2279
    90    221      0   2279
    91    221      0   2279
    92    221      0   2279
    93    221      0   2279
    94    221      0   2279
    95    221      0   2279
    96    221      0   2279
    97    221      0   2279
    98    221      0   2279
    99    221      0   2279
   100    221      0   2279
   101    221      0   2279
   102    221      0   2279
   103    221      0   2279
   104    221      0   2279
   105    221      0   2279
   106    221      0   2279
   107    221      0   2279
   108    221      0   2279
   109    221      0   2279
   110    221      0   2279
   111    221      0   2279
   112    221      0   2279
   113    221      0   2279
   114    221      0   2279
   115    221      0   2279
   116    221      0   2279
   117    221      0   2279
   118    221      0   2279
   119    221      0   2279
   120    221      0   2279
   121    221      0   2279
   122    221      0   2279
   123    221      0   2279
   124    221      0   2279
   125    221      0   2279
   126    221      0   2279
   127    221      0   2279
   128    221      0   2279
   129    221      0   2279
   130    221      0   2279
   131    221      0   2279
   132    221      0   2279
   133    221      0   2279
   134    221      0   2279
   135    221      0   2279
   136    221      0   2279
   137    221      0   2279
   138    221      0   2279
   139    221      0   2279
   140    221      0   2279
   141    221      0   2279
   142    221      0   2279
   143    221      0   2279
   144    221      0   2279
   145    221      0   2279
   146    221      0   2279
   147    221      0   2279
   148    221      0   2279
   149    221      0   2279
   150    221      0   2279
   151    221      0   2279
   152    221      0   2279
   153    221      0   2279
   154    221      0   2279
   155    221      0   2279
   156    221      0   2279
   157    221      0   2279
   158    221      0   2279
   159    221      0   2279
   160    221      0   2279
   161    221      0   2279
   162    221      0   2279
   163    221      0   2279
   164    221      0   2279
   165    221      0   2279
   166    221      0   2279
   167    221      0   2279
   168    221      0   2279
   169    221      0   2279
   170    221      0   2279
   171    221      0   2279
   172    221      0   2279
   173    221      0   2279
   174    221      0   2279
   175    221      0   2279
   176    221      0   2279
   177    221      0   2279
   178    221      0   2279
   179    221      0   2279
   180    221      0   2279
   181    221      0   2279
   182    221      0   2279
   183    221      0   2279
   184    221      0   2279
   185    221      0   2279
   186    221      0   2279
   187    221      0   2279
   188    221      0   2279
   189    221      0   2279
   190    221      0   2279
   191    221      0   2279
   192    221      0   2279
   193    221      0   2279
   194    221      0   2279
   195    221      0   2279
   196    221      0   2279
   197    221      0   2279
   198    221      0   2279
   199    221      0   2279
   200    221      0   2279
   201    221      0   2279
   202    221      0   2279
   203    221      0   2279
   204    221      0   2279
   205    221      0   2279
   206    221      0   2279
   207    221      0   2279
   208    221      0   2279
   209    221      0   2279
   210    221      0   2279
   211    221      0   2279
   212    221      0   2279
   213    221      0   2279
   214    221      0   2279
   215    221      0   2279
   216    221      0   2279
   217    221      0   2279
   218    221      0   2279
   219    221      0   2279
   220    221      0   2279
   221    221      0   2279
   222    221      0   2279
   223    221      0   2279
   224    221      0   2279
   225    221      0   2279
   226    221      0   2279
   227    221      0   2279
   228    221      0   2279
   229    221      0   2279
   230    221      0   2279
   231    221      0   2279
   232    221      0   2279
   233    221      0   2279
   234    221      0   2279
   235    221      0   2279
   236    221      0   2279
   237    221      0   2279
   238    221      0   2279
   239    221      0   2279
   240    221      0   2279
   241    221      0   2279
   242    221      0   2279
   243    221      0   2279
   244    221      0   2279
   245    221      0   2279
   246    221      0   2279
   247    221      0   2279
   248    221      0   2279
   249    221      0   2279
   250    221      0   2279
   251    221      0   2279
   252    221      0   2279
   253    221      0   2279
   254    221      0   2279
   255    221      0   2279
   256    221      0   2279
   257    221      0   2279
   258    221      0   2279
   259    221      0   2279
   260    221      0   2279
   261    221      0   2279
   262    221      0   2279
   263    221      0   2279
   264    221      0   2279
   265    221      0   2279
   266    221      0   2279
   267    221      0   2279
   268    221      0   2279
   269    221      0   2279
   270    221      0   2279
   271    221      0   2279
   272    221      0   2279
   273    221      0   2279
   274    221      0   2279
   275    221      0   2279
   276    221      0   2279
   277    221      0   2279
   278    221      0   2279
   279    221      0   2279
   280    221      0   2279
   281    221      0   2279
   282    221      0   2279
   283    221      0   2279
   284    221      0   2279
   285    221      0   2279
   286    221      0   2279
   287    221      0   2279
   288    221      0   2279
   289    221      0   2279
   290    221      0   2279
   291    221      0   2279
   292    221      0   2279
   293    221      0   2279
   294    221      0   2279
   295    221      0   2279
   296    221      0   2279
   297    221      0   2279
   298    221      0   2279
   299    221      0   2279
   300    221      0   2279
   301    221      0   2279
   302    221      0   2279
   303    221      0   2279
   304    221      0   2279
   305    221      0   2279
   306    221      0   2279
   307    221      0   2279
   308    221      0   2279
   309    221      0   2279
   310    221      0   2279
   311    221      0   2279
   312    221      0   2279
   313    221      0   2279
   314    221      0   2279
   315    221      0   2279
   316    221      0   2279
   317    221      0   2279
   318    221      0   2279
   319    221      0   2279
   320    221      0   2279
   321    221      0   2279
   322    221      0   2279
   323    221      0   2279
   324    221      0   2279
   325    221      0   2279
   326    221      0   2279
   327    221      0   2279
   328    221      0   2279
   329    221      0   2279
   330    221      0   2279
   331    221      0   2279
   332    221      0   2279
   333    221      0   2279
   334    221      0   2279
   335    221      0   2279
   336    221      0   2279
   337    221      0   2279
   338    221      0   2279
   339    221      0   2279
   340    221      0   2279
   341    221      0   2279
   342    221      0   2279
   343    221      0   2279
   344    221      0   2279
   345    221      0   2279
   346    221      0   2279
   347    221      0   2279
   348    221      0   2279
   349    221      0   2279
   350    221      0   2279
   351    221      0   2279
   352    221      0   2279
   353    221      0   2279
   354    221      0   2279
   355    221      0   2279
   356    221      0   2279
   357    221      0   2279
   358    221      0   2279
   359    221      0   2279
   360    221      0   2279
   361    221      0   2279
   362    221      0   2279
   363    221      0   2279
   364    221      0   2279
   365    221      0   2279
   366    221      0   2279
   367    221      0   2279
   368    221      0   2279
   369    221      0   2279
   370    221      0   2279
   371    221      0   2279
   372    221      0   2279
   373    221      0   2279
   374    221      0   2279
   375    221      0   2279
   376    221      0   2279
   377    221      0   2279
   378    221      0   2279
   379    221      0   2279
   380    221      0   2279
   381    221      0   2279
   382    221      0   2279
   383    221      0   2279
   384    221      0   2279
   385    221      0   2279
   386    221      0   2279
   387    221      0   2279
   388    221      0   2279
   389    221      0   2279
   390    221      0   2279
   391    221      0   2279
   392    221      0   2279
   393    221      0   2279
   394    221      0   2279
   395    221      0   2279
   396    221      0   2279
   397    221      0   2279
   398    221      0   2279
   399    221      0   2279
   400    221      0   2279
   401    221      0   2279
   402    221      0   2279
   403    221      0   2279
   404    221      0   2279
   405    221      0   2279
   406    221      0   2279
   407    221      0   2279
   408    221      0   2279
   409    221      0   2279
   410    221      0   2279
   411    221      0   2279
   412    221      0   2279
   413    221      0   2279
   414    221      0   2279
   415    221      0   2279
   416    221      0   2279
   417    221      0   2279
   418    221      0   2279
   419    221      0   2279
   420    221      0   2279
   421    221      0   2279
   422    221      0   2279
   423    221      0   2279
   424    221      0   2279
   425    221      0   2279
   426    221      0   2279
   427    221      0   2279
   428    221      0   2279
   429    221      0   2279
   430    221      0   2279
   431    221      0   2279
   432    221      0   2279
   433    221      0   2279
   434    221      0   2279
   435    221      0   2279
   436    221      0   2279
   437    221      0   2279
   438    221      0   2279
   439    221      0   2279
   440    221      0   2279
   441    221      0   2279
   442    221      0   2279
   443    221      0   2279
   444    221      0   2279
   445    221      0   2279
   446    221      0   2279
   447    221      0   2279
   448    221      0   2279
   449    221      0   2279
   450    221      0   2279
   451    221      0   2279
   452    221      0   2279
   453    221      0   2279
   454    221      0   2279
   455    221      0   2279
   456    221      0   2279
   457    221      0   2279
   458    221      0   2279
   459    221      0   2279
   460    221      0   2279
   461    221      0   2279
   462    221      0   2279
   463    221      0   2279
   464    221      0   2279
   465    221      0   2279
   466    221      0   2279
   467    221      0   2279
   468    221      0   2279
   469    221      0   2279
   470    221      0   2279
   471    221      0   2279
   472    221      0   2279
   473    221      0   2279
   474    221      0   2279
   475    221      0   2279
   476    221      0   2279
   477    221      0   2279
   478    221      0   2279
   479    221      0   2279
   480    221      0   2279
   481    221      0   2279
   482    221      0   2279
   483    221      0   2279
   484    221      0   2279
   485    221      0   2279
   486    221      0   2279
   487    221      0   2279
   488    221      0   2279
   489    221      0   2279
   490    221      0   2279
   491    221      0   2279
   492    221      0   2279
   493    221      0   2279
   494    221      0   2279
   495    221      0   2279
   496    221      0   2279
   497    221      0   2279
   498    221      0   2279
   499    221      0   2279
   500    221      0   2279
   501    221      0   2279
   502    221      0   2279
   503    221      0   2279
   504    221      0   2279
   505    221      0   2279
   506    221      0   2279
   507    221      0   2279
   508    221      0   2279
   509    221      0   2279
   510    221      0   2279
   511    221      0   2279
   512    221      0   2279
   513    221      0   2279
   514    221      0   2279
   515    221      0   2279
   516    221      0   2279
   517    221      0   2279
   518    221      0   2279
   519    221      0   2279
   520    221      0   2279
   521    221      0   2279
   522    221      0   2279
   523    221      0   2279
   524    221      0   2279
   525    221      0   2279
   526    221      0   2279
   527    221      0   2279
   528    221      0   2279
   529    221      0   2279
   530    221      0   2279
   531    221      0   2279
   532    221      0   2279
   533    221      0   2279
   534    221      0   2279
   535    221      0   2279
   536    221      0   2279
   537    221      0   2279
   538    221      0   2279
   539    221      0   2279
   540    221      0   2279
   541    221      0   2279
   542    221      0   2279
   543    221      0   2279
   544    221      0   2279
   545    221      0   2279
   546    221      0   2279
   547    221      0   2279
   548    221      0   2279
   549    221      0   2279
   550    221      0   2279
   551    221      0   2279
   552    221      0   2279
   553    221      0   2279
   554    221      0   2279
   555    221      0   2279
   556    221      0   2279
   557    221      0   2279
   558    221      0   2279
   559    221      0   2279
   560    221      0   2279
   561    221      0   2279
   562    221      0   2279
   563    221      0   2279
   564    221      0   2279
   565    221      0   2279
   566    221      0   2279
   567    221      0   2279
   568    221      0   2279
   569    221      0   2279
   570    221      0   2279
   571    221      0   2279
   572    221      0   2279
   573    221      0   2279
   574    221      0   2279
   575    221      0   2279
   576    221      0   2279
   577    221      0   2279
   578    221      0   2279
   579    221      0   2279
   580    221      0   2279
   581    221      0   2279
   582    221      0   2279
   583    221      0   2279
   584    221      0   2279
   585    221      0   2279
   586    221      0   2279
   587    221      0   2279
   588    221      0   2279
   589    221      0   2279
   590    221      0   2279
   591    221      0   2279
   592    221      0   2279
   593    221      0   2279
   594    221      0   2279
   595    221      0   2279
   596    221      0   2279
   597    221      0   2279
   598    221      0   2279
   599    221      0   2279
   600    221      0   2279
   601    221      0   2279
   602    221      0   2279
   603    221      0   2279
   604    221      0   2279
   605    221      0   2279
   606    221      0   2279
   607    221      0   2279
   608    221      0   2279
   609    221      0   2279
   610    221      0   2279
   611    221      0   2279
   612    221      0   2279
   613    221      0   2279
   614    221      0   2279
   615    221      0   2279
   616    221      0   2279
   617    221      0   2279
   618    221      0   2279
   619    221      0   2279
   620    221      0   2279
   621    221      0   2279
   622    221      0   2279
   623    221      0   2279
   624    221      0   2279
   625    221      0   2279
   626    221      0   2279
   627    221      0   2279
   628    221      0   2279
   629    221      0   2279
   630    221      0   2279
   631    221      0   2279
   632    221      0   2279
   633    221      0   2279
   634    221      0   2279
   635    221      0   2279
   636    221      0   2279
   637    221      0   2279
   638    221      0   2279
   639    221      0   2279
   640    221      0   2279
   641    221      0   2279
   642    221      0   2279
   643    221      0   2279
   644    221      0   2279
   645    221      0   2279
   646    221      0   2279
   647    221      0   2279
   648    221      0   2279
   649    221      0   2279
   650    221      0   2279
   651    221      0   2279
   652    221      0   2279
   653    221      0   2279
   654    221      0   2279
   655    221      0   2279
   656    221      0   2279
   657    221      0   2279
   658    221      0   2279
   659    221      0   2279
   660    221      0   2279
   661    221      0   2279
   662    221      0   2279
   663    221      0   2279
   664    221      0   2279
   665    221      0   2279
   666    221      0   2279
   667    221      0   2279
   668    221      0   2279
   669    221      0   2279
   670    221      0   2279
   671    221      0   2279
   672    221      0   2279
   673    221      0   2279
   674    221      0   2279
   675    221      0   2279
   676    221      0   2279
   677    221      0   2279
   678    221      0   2279
   679    221      0   2279
   680    221      0   2279
   681    221      0   2279
   682    221      0   2279
   683    221      0   2279
   684    221      0   2279
   685    221      0   2279
   686    221      0   2279
   687    221      0   2279
   688    221      0   2279
   689    221      0   2279
   690    221      0   2279
   691    221      0   2279
   692    221      0   2279
   693    221      0   2279
   694    221      0   2279
   695    221      0   2279
   696    221      0   2279
   697    221      0   2279
   698    221      0   2279
   699    221      0   2279
   700    221      0   2279
   701    221      0   2279
   702    221      0   2279
   703    221      0   2279
   704    221      0   2279
   705    221      0   2279
   706    221      0   2279
   707    221      0   2279
   708    221      0   2279
   709    221      0   2279
   710    221      0   2279
   711    221      0   2279
   712    221      0   2279
   713    221      0   2279
   714    221      0   2279
   715    221      0   2279
   716    221      0   2279
   717    221      0   2279
   718    221      0   2279
   719    221      0   2279
   720    221      0   2279
   721    221      0   2279
   722    221      0   2279
   723    221      0   2279
   724    221      0   2279
   725    221      0   2279
   726    221      0   2279
   727    221      0   2279
   728    221      0   2279
   729    221      0   2279
   730    221      0   2279
   731    221      0   2279
   732    221      0   2279
   733    221      0   2279
   734    221      0   2279
   735    221      0   2279
   736    221      0   2279
   737    221      0   2279
   738    221      0   2279
   739    221      0   2279
   740    221      0   2279
   741    221      0   2279
   742    221      0   2279
   743    221      0   2279
   744    221      0   2279
   745    221      0   2279
   746    221      0   2279
   747    221      0   2279
   748    221      0   2279
   749    221      0   2279
   750    221      0   2279
   751    221      0   2279
   752    221      0   2279
   753    221      0   2279
   754    221      0   2279
   755    221      0   2279
   756    221      0   2279
   757    221      0   2279
   758    221      0   2279
   759    221      0   2279
   760    221      0   2279
   761    221      0   2279
   762    221      0   2279
   763    221      0   2279
   764    221      0   2279
   765    221      0   2279
   766    221      0   2279
   767    221      0   2279
   768    221      0   2279
   769    221      0   2279
   770    221      0   2279
   771    221      0   2279
   772    221      0   2279
   773    221      0   2279
   774    221      0   2279
   775    221      0   2279
   776    221      0   2279
   777    221      0   2279
   778    221      0   2279
   779    221      0   2279
   780    221      0   2279
   781    221      0   2279
   782    221      0   2279
   783    221      0   2279
   784    221      0   2279
   785    221      0   2279
   786    221      0   2279
   787    221      0   2279
   788    221      0   2279
   789    221      0   2279
   790    221      0   2279
   791    221      0   2279
   792    221      0   2279
   793    221      0   2279
   794    221      0   2279
   795    221      0   2279
   796    221      0   2279
   797    221      0   2279
   798    221      0   2279
   799    221      0   2279
   800    221      0   2279
   801    221      0   2279
   802    221      0   2279
   803    221      0   2279
   804    221      0   2279
   805    221      0   2279
   806    221      0   2279
   807    221      0   2279
   808    221      0   2279
   809    221      0   2279
   810    221      0   2279
   811    221      0   2279
   812    221      0   2279
   813    221      0   2279
   814    221      0   2279
   815    221      0   2279
   816    221      0   2279
   817    221      0   2279
   818    221      0   2279
   819    221      0   2279
   820    221      0   2279
   821    221      0   2279
   822    221      0   2279
   823    221      0   2279
   824    221      0   2279
   825    221      0   2279
   826    221      0   2279
   827    221      0   2279
   828    221      0   2279
   829    221      0   2279
   830    221      0   2279
   831    221      0   2279
   832    221      0   2279
   833    221      0   2279
   834    221      0   2279
   835    221      0   2279
   836    221      0   2279
   837    221      0   2279
   838    221      0   2279
   839    221      0   2279
   840    221      0   2279
   841    221      0   2279
   842    221      0   2279
   843    221      0   2279
   844    221      0   2279
   845    221      0   2279
   846    221      0   2279
   847    221      0   2279
   848    221      0   2279
   849    221      0   2279
   850    221      0   2279
   851    221      0   2279
   852    221      0   2279
   853    221      0   2279
   854    221      0   2279
   855    221      0   2279
   856    221      0   2279
   857    221      0   2279
   858    221      0   2279
   859    221      0   2279
   860    221      0   2279
   861    221      0   2279
   862    221      0   2279
   863    221      0   2279
   864    221      0   2279
   865    221      0   2279
   866    221      0   2279
   867    221      0   2279
   868    221      0   2279
   869    221      0   2279
   870    221      0   2279
   871    221      0   2279
   872    221      0   2279
   873    221      0   2279
   874    221      0   2279
   875    221      0   2279
   876    221      0   2279
   877    221      0   2279
   878    221      0   2279
   879    221      0   2279
   880    221      0   2279
   881    221      0   2279
   882    221      0   2279
   883    221      0   2279
   884    221      0   2279
   885    221      0   2279
   886    221      0   2279
   887    221      0   2279
   888    221      0   2279
   889    221      0   2279
   890    221      0   2279
   891    221      0   2279
   892    221      0   2279
   893    221      0   2279
   894    221      0   2279
   895    221      0   2279
   896    221      0   2279
   897    221      0   2279
   898    221      0   2279
   899    221      0   2279
   900    221      0   2279
   901    221      0   2279
   902    221      0   2279
   903    221      0   2279
   904    221      0   2279
   905    221      0   2279
   906    221      0   2279
   907    221      0   2279
   908    221      0   2279
   909    221      0   2279
   910    221      0   2279
   911    221      0   2279
   912    221      0   2279
   913    221      0   2279
   914    221      0   2279
   915    221      0   2279
   916    221      0   2279
   917    221      0   2279
   918    221      0   2279
   919    221      0   2279
   920    221      0   2279
   921    221      0   2279
   922    221      0   2279
   923    221      0   2279
   924    221      0   2279
   925    221      0   2279
   926    221      0   2279
   927    221      0   2279
   928    221      0   2279
   929    221      0   2279
   930    221      0   2279
   931    221      0   2279
   932    221      0   2279
   933    221      0   2279
   934    221      0   2279
   935    221      0   2279
   936    221      0   2279
   937    221      0   2279
   938    221      0   2279
   939    221      0   2279
   940    221      0   2279
   941    221      0   2279
   942    221      0   2279
   943    221      0   2279
   944    221      0   2279
   945    221      0   2279
   946    221      0   2279
   947    221      0   2279
   948    221      0   2279
   949    221      0   2279
   950    221      0   2279
   951    221      0   2279
   952    221      0   2279
   953    221      0   2279
   954    221      0   2279
   955    221      0   2279
   956    221      0   2279
   957    221      0   2279
   958    221      0   2279
   959    221      0   2279
   960    221      0   2279
   961    221      0   2279
   962    221      0   2279
   963    221      0   2279
   964    221      0   2279
   965    221      0   2279
   966    221      0   2279
   967    221      0   2279
   968    221      0   2279
   969    221      0   2279
   970    221      0   2279
   971    221      0   2279
   972    221      0   2279
   973    221      0   2279
   974    221      0   2279
   975    221      0   2279
   976    221      0   2279
   977    221      0   2279
   978    221      0   2279
   979    221      0   2279
   980    221      0   2279
   981    221      0   2279
   982    221      0   2279
   983    221      0   2279
   984    221      0   2279
   985    221      0   2279
   986    221      0   2279
   987    221      0   2279
   988    221      0   2279
   989    221      0   2279
   990    221      0   2279
   991    221      0   2279
   992    221      0   2279
   993    221      0   2279
   994    221      0   2279
   995    221      0   2279
   996    221      0   2279
   997    221      0   2279
   998    221      0   2279
   999    221      0   2279
  1000    221      0   2279
