# time (sweeps) | Susceptible | Infected | Recovered
     0    338      0   2162
     1    338      0   2162
     2    338      0   2162
     3    338      0   2162
     4    338      0   2162
     5    338      0   2162
     6    338      0   2162
     7    338      0   2162
     8    338      0   2162
     9    338      0   2162
    10    338      0   2162
    11    338      0   2162
    12    338      0   2162
    13    338      0   2162
    14    338      0   2162
    15    338      0   2162
    16    338      0   2162
    17    338      0   2162
    18    338      0   2162
    19    338      0   2162
    20    338      0   2162
    21    338      0   2162
    22    338      0   2162
    23    338      0   2162
    24    338      0   2162
    25    338      0   2162
    26    338      0   2162
    27    338      0   2162
    28    338      0   2162
    29    338      0   2162
    30    338      0   2162
    31    338      0   2162
    32    338      0   2162
    33    338      0   2162
    34    338      0   2162
    35    338      0   2162
    36    338      0   2162
    37    338      0   2162
    38    338      0   2162
    39    338      0   2162
    40    338      0   2162
    41    338      0   2162
    42    338      0   2162
    43    338      0   2162
    44    338      0   2162
    45    338      0   2162
    46    338      0   2162
    47    338      0   2162
    48    338      0   2162
    49    338      0   2162
    50    338      0   2162
    51    338      0   2162
    52    338      0   2162
    53    338      0   2162
    54    338      0   2162
    55    338      0   2162
    56    338      0   2162
    57    338      0   2162
    58    338      0   2162
    59    338      0   2162
    60    338      0   2162
    61    338      0   2162
    62    338      0   2162
    63    338      0   2162
    64    338      0   2162
    65    338      0   2162
    66    338      0   2162
    67    338      0   2162
    68    338      0   2162
    69    338      0   2162
    70    338      0   2162
    71    338      0   2162
    72    338      0   2162
    73    338      0   2162
    74    338      0   2162
    75    338      0   2162
    76    338      0   2162
    77    338      0   2162
    78    338      0   2162
    79    338      0   2162
    80    338      0   2162
    81    338      0   2162
    82    338      0   2162
    83    338      0   2162
    84    338      0   2162
    85    338      0   2162
    86    338      0   2162
    87    338      0   2162
    88    338      0   2162
    89    338      0   2162
    90    338      0   2162
    91    338      0   2162
    92    338      0   2162
    93    338      0   2162
    94    338      0   2162
    95    338      0   2162
    96    338      0   2162
    97    338      0   2162
    98    338      0   2162
    99    338      0   2162
   100    338      0   2162
   101    338      0   2162
   102    338      0   2162
   103    338      0   2162
   104    338      0   2162
   105    338      0   2162
   106    338      0   2162
   107    338      0   2162
   108    338      0   2162
   109    338      0   2162
   110    338      0   2162
   111    338      0   2162
   112    338      0   2162
   113    338      0   2162
   114    338      0   2162
   115    338      0   2162
   116    338      0   2162
   117    338      0   2162
   118    338      0   2162
   119    338      0   2162
   120    338      0   2162
   121    338      0   2162
   122    338      0   2162
   123    338      0   2162
   124    338      0   2162
   125    338      0   2162
   126    338      0   2162
   127    338      0   2162
   128    338      0   2162
   129    338      0   2162
   130    338      0   2162
   131    338      0   2162
   132    338      0   2162
   133    338      0   2162
   134    338      0   2162
   135    338      0   2162
   136    338      0   2162
   137    338      0   2162
   138    338      0   2162
   139    338      0   2162
   140    338      0   2162
   141    338      0   2162
   142    338      0   2162
   143    338      0   2162
   144    338      0   2162
   145    338      0   2162
   146    338      0   2162
   147    338      0   2162
   148    338      0   2162
   149    338      0   2162
   150    338      0   2162
   151    338      0   2162
   152    338      0   2162
   153    338      0   2162
   154    338      0   2162
   155    338      0   2162
   156    338      0   2162
   157    338      0   2162
   158    338      0   2162
   159    338      0   2162
   160    338      0   2162
   161    338      0   2162
   162    338      0   2162
   163    338      0   2162
   164    338      0   2162
   165    338      0   2162
   166    338      0   2162
   167    338      0   2162
   168    338      0   2162
   169    338      0   2162
   170    338      0   2162
   171    338      0   2162
   172    338      0   2162
   173    338      0   2162
   174    338      0   2162
   175    338      0   2162
   176    338      0   2162
   177    338      0   2162
   178    338      0   2162
   179    338      0   2162
   180    338      0   2162
   181    338      0   2162
   182    338      0   2162
   183    338      0   2162
   184    338      0   2162
   185    338      0   2162
   186    338      0   2162
   187    338      0   2162
   188    338      0   2162
   189    338      0   2162
   190    338      0   2162
   191    338      0   2162
   192    338      0   2162
   193    338      0   2162
   194    338      0   2162
   195    338      0   2162
   196    338      0   2162
   197    338      0   2162
   198    338      0   2162
   199    338      0   2162
   200    338      0   2162
   201    338      0   2162
   202    338      0   2162
   203    338      0   2162
   204    338      0   2162
   205    338      0   2162
   206    338      0   2162
   207    338      0   2162
   208    338      0   2162
   209    338      0   2162
   210    338      0   2162
   211    338      0   2162
   212    338      0   2162
   213    338      0   2162
   214    338      0   2162
   215    338      0   2162
   216    338      0   2162
   217    338      0   2162
   218    338      0   2162
   219    338      0   2162
   220    338      0   2162
   221    338      0   2162
   222    338      0   2162
   223    338      0   2162
   224    338      0   2162
   225    338      0   2162
   226    338      0   2162
   227    338      0   2162
   228    338      0   2162
   229    338      0   2162
   230    338      0   2162
   231    338      0   2162
   232    338      0   2162
   233    338      0   2162
   234    338      0   2162
   235    338      0   2162
   236    338      0   2162
   237    338      0   2162
   238    338      0   2162
   239    338      0   2162
   240    338      0   2162
   241    338      0   2162
   242    338      0   2162
   243    338      0   2162
   244    338      0   2162
   245    338      0   2162
   246    338      0   2162
   247    338      0   2162
   248    338      0   2162
   249    338      0   2162
   250    338      0   2162
   251    338      0   2162
   252    338      0   2162
   253    338      0   2162
   254    338      0   2162
   255    338      0   2162
   256    338      0   2162
   257    338      0   2162
   258    338      0   2162
   259    338      0   2162
   260    338      0   2162
   261    338      0   2162
   262    338      0   2162
   263    338      0   2162
   264    338      0   2162
   265    338      0   2162
   266    338      0   2162
   267    338      0   2162
   268    338      0   2162
   269    338      0   2162
   270    338      0   2162
   271    338      0   2162
   272    338      0   2162
   273    338      0   2162
   274    338      0   2162
   275    338      0   2162
   276    338      0   2162
   277    338      0   2162
   278    338      0   2162
   279    338      0   2162
   280    338      0   2162
   281    338      0   2162
   282    338      0   2162
   283    338      0   2162
   284    338      0   2162
   285    338      0   2162
   286    338      0   2162
   287    338      0   2162
   288    338      0   2162
   289    338      0   2162
   290    338      0   2162
   291    338      0   2162
   292    338      0   2162
   293    338      0   2162
   294    338      0   2162
   295    338      0   2162
   296    338      0   2162
   297    338      0   2162
   298    338      0   2162
   299    338      0   2162
   300    338      0   2162
   301    338      0   2162
   302    338      0   2162
   303    338      0   2162
   304    338      0   2162
   305    338      0   2162
   306    338      0   2162
   307    338      0   2162
   308    338      0   2162
   309    338      0   2162
   310    338      0   2162
   311    338      0   2162
   312    338      0   2162
   313    338      0   2162
   314    338      0   2162
   315    338      0   2162
   316    338      0   2162
   317    338      0   2162
   318    338      0   2162
   319    338      0   2162
   320    338      0   2162
   321    338      0   2162
   322    338      0   2162
   323    338      0   2162
   324    338      0   2162
   325    338      0   2162
   326    338      0   2162
   327    338      0   2162
   328    338      0   2162
   329    338      0   2162
   330    338      0   2162
   331    338      0   2162
   332    338      0   2162
   333    338      0   2162
   334    338      0   2162
   335    338      0   2162
   336    338      0   2162
   337    338      0   2162
   338    338      0   2162
   339    338      0   2162
   340    338      0   2162
   341    338      0   2162
   342    338      0   2162
   343    338      0   2162
   344    338      0   2162
   345    338      0   2162
   346    338      0   2162
   347    338      0   2162
   348    338      0   2162
   349    338      0   2162
   350    338      0   2162
   351    338      0   2162
   352    338      0   2162
   353    338      0   2162
   354    338      0   2162
   355    338      0   2162
   356    338      0   2162
   357    338      0   2162
   358    338      0   2162
   359    338      0   2162
   360    338      0   2162
   361    338      0   2162
   362    338      0   2162
   363    338      0   2162
   364    338      0   2162
   365    338      0   2162
   366    338      0   2162
   367    338      0   2162
   368    338      0   2162
   369    338      0   2162
   370    338      0   2162
   371    338      0   2162
   372    338      0   2162
   373    338      0   2162
   374    338      0   2162
   375    338      0   2162
   376    338      0   2162
   377    338      0   2162
   378    338      0   2162
   379    338      0   2162
   380    338      0   2162
   381    338      0   2162
   382    338      0   2162
   383    338      0   2162
   384    338      0   2162
   385    338      0   2162
   386    338      0   2162
   387    338      0   2162
   388    338      0   2162
   389    338      0   2162
   390    338      0   2162
   391    338      0   2162
   392    338      0   2162
   393    338      0   2162
   394    338      0   2162
   395    338      0   2162
   396    338      0   2162
   397    338      0   2162
   398    338      0   2162
   399    338      0   2162
   400    338      0   2162
   401    338      0   2162
   402    338      0   2162
   403    338      0   2162
   404    338      0   2162
   405    338      0   2162
   406    338      0   2162
   407    338      0   2162
   408    338      0   2162
   409    338      0   2162
   410    338      0   2162
   411    338      0   2162
   412    338      0   2162
   413    338      0   2162
   414    338      0   2162
   415    338      0   2162
   416    338      0   2162
   417    338      0   2162
   418    338      0   2162
   419    338      0   2162
   420    338      0   2162
   421    338      0   2162
   422    338      0   2162
   423    338      0   2162
   424    338      0   2162
   425    338      0   2162
   426    338      0   2162
   427    338      0   2162
   428    338      0   2162
   429    338      0   2162
   430    338      0   2162
   431    338      0   2162
   432    338      0   2162
   433    338      0   2162
   434    338      0   2162
   435    338      0   2162
   436    338      0   2162
   437    338      0   2162
   438    338      0   2162
   439    338      0   2162
   440    338      0   2162
   441    338      0   2162
   442    338      0   2162
   443    338      0   2162
   444    338      0   2162
   445    338      0   2162
   446    338      0   2162
   447    338      0   2162
   448    338      0   2162
   449    338      0   2162
   450    338      0   2162
   451    338      0   2162
   452    338      0   2162
   453    338      0   2162
   454    338      0   2162
   455    338      0   2162
   456    338      0   2162
   457    338      0   2162
   458    338      0   2162
   459    338      0   2162
   460    338      0   2162
   461    338      0   2162
   462    338      0   2162
   463    338      0   2162
   464    338      0   2162
   465    338      0   2162
   466    338      0   2162
   467    338      0   2162
   468    338      0   2162
   469    338      0   2162
   470    338      0   2162
   471    338      0   2162
   472    338      0   2162
   473    338      0   2162
   474    338      0   2162
   475    338      0   2162
   476    338      0   2162
   477    338      0   2162
   478    338      0   2162
   479    338      0   2162
   480    338      0   2162
   481    338      0   2162
   482    338      0   2162
   483    338      0   2162
   484    338      0   2162
   485    338      0   2162
   486    338      0   2162
   487    338      0   2162
   488    338      0   2162
   489    338      0   2162
   490    338      0   2162
   491    338      0   2162
   492    338      0   2162
   493    338      0   2162
   494    338      0   2162
   495    338      0   2162
   496    338      0   2162
   497    338      0   2162
   498    338      0   2162
   499    338      0   2162
   500    338      0   2162
   501    338      0   2162
   502    338      0   2162
   503    338      0   2162
   504    338      0   2162
   505    338      0   2162
   506    338      0   2162
   507    338      0   2162
   508    338      0   2162
   509    338      0   2162
   510    338      0   2162
   511    338      0   2162
   512    338      0   2162
   513    338      0   2162
   514    338      0   2162
   515    338      0   2162
   516    338      0   2162
   517    338      0   2162
   518    338      0   2162
   519    338      0   2162
   520    338      0   2162
   521    338      0   2162
   522    338      0   2162
   523    338      0   2162
   524    338      0   2162
   525    338      0   2162
   526    338      0   2162
   527    338      0   2162
   528    338      0   2162
   529    338      0   2162
   530    338      0   2162
   531    338      0   2162
   532    338      0   2162
   533    338      0   2162
   534    338      0   2162
   535    338      0   2162
   536    338      0   2162
   537    338      0   2162
   538    338      0   2162
   539    338      0   2162
   540    338      0   2162
   541    338      0   2162
   542    338      0   2162
   543    338      0   2162
   544    338      0   2162
   545    338      0   2162
   546    338      0   2162
   547    338      0   2162
   548    338      0   2162
   549    338      0   2162
   550    338      0   2162
   551    338      0   2162
   552    338      0   2162
   553    338      0   2162
   554    338      0   2162
   555    338      0   2162
   556    338      0   2162
   557    338      0   2162
   558    338      0   2162
   559    338      0   2162
   560    338      0   2162
   561    338      0   2162
   562    338      0   2162
   563    338      0   2162
   564    338      0   2162
   565    338      0   2162
   566    338      0   2162
   567    338      0   2162
   568    338      0   2162
   569    338      0   2162
   570    338      0   2162
   571    338      0   2162
   572    338      0   2162
   573    338      0   2162
   574    338      0   2162
   575    338      0   2162
   576    338      0   2162
   577    338      0   2162
   578    338      0   2162
   579    338      0   2162
   580    338      0   2162
   581    338      0   2162
   582    338      0   2162
   583    338      0   2162
   584    338      0   2162
   585    338      0   2162
   586    338      0   2162
   587    338      0   2162
   588    338      0   2162
   589    338      0   2162
   590    338      0   2162
   591    338      0   2162
   592    338      0   2162
   593    338      0   2162
   594    338      0   2162
   595    338      0   2162
   596    338      0   2162
   597    338      0   2162
   598    338      0   2162
   599    338      0   2162
   600    338      0   2162
   601    338      0   2162
   602    338      0   2162
   603    338      0   2162
   604    338      0   2162
   605    338      0   2162
   606    338      0   2162
   607    338      0   2162
   608    338      0   2162
   609    338      0   2162
   610    338      0   2162
   611    338      0   2162
   612    338      0   2162
   613    338      0   2162
   614    338      0   2162
   615    338      0   2162
   616    338      0   2162
   617    338      0   2162
   618    338      0   2162
   619    338      0   2162
   620    338      0   2162
   621    338      0   2162
   622    338      0   2162
   623    338      0   2162
   624    338      0   2162
   625    338      0   2162
   626    338      0   2162
   627    338      0   2162
   628    338      0   2162
   629    338      0   2162
   630    338      0   2162
   631    338      0   2162
   632    338      0   2162
   633    338      0   2162
   634    338      0   2162
   635    338      0   2162
   636    338      0   2162
   637    338      0   2162
   638    338      0   2162
   639    338      0   2162
   640    338      0   2162
   641    338      0   2162
   642    338      0   2162
   643    338      0   2162
   644    338      0   2162
   645    338      0   2162
   646    338      0   2162
   647    338      0   2162
   648    338      0   2162
   649    338      0   2162
   650    338      0   2162
   651    338      0   2162
   652    338      0   2162
   653    338      0   2162
   654    338      0   2162
   655    338      0   2162
   656    338      0   2162
   657    338      0   2162
   658    338      0   2162
   659    338      0   2162
   660    338      0   2162
   661    338      0   2162
   662    338      0   2162
   663    338      0   2162
   664    338      0   2162
   665    338      0   2162
   666    338      0   2162
   667    338      0   2162
   668    338      0   2162
   669    338      0   2162
   670    338      0   2162
   671    338      0   2162
   672    338      0   2162
   673    338      0   2162
   674    338      0   2162
   675    338      0   2162
   676    338      0   2162
   677    338      0   2162
   678    338      0   2162
   679    338      0   2162
   680    338      0   2162
   681    338      0   2162
   682    338      0   2162
   683    338      0   2162
   684    338      0   2162
   685    338      0   2162
   686    338      0   2162
   687    338      0   2162
   688    338      0   2162
   689    338      0   2162
   690    338      0   2162
   691    338      0   2162
   692    338      0   2162
   693    338      0   2162
   694    338      0   2162
   695    338      0   2162
   696    338      0   2162
   697    338      0   2162
   698    338      0   2162
   699    338      0   2162
   700    338      0   2162
   701    338      0   2162
   702    338      0   2162
   703    338      0   2162
   704    338      0   2162
   705    338      0   2162
   706    338      0   2162
   707    338      0   2162
   708    338      0   2162
   709    338      0   2162
   710    338      0   2162
   711    338      0   2162
   712    338      0   2162
   713    338      0   2162
   714    338      0   2162
   715    338      0   2162
   716    338      0   2162
   717    338      0   2162
   718    338      0   2162
   719    338      0   2162
   720    338      0   2162
   721    338      0   2162
   722    338      0   2162
   723    338      0   2162
   724    338      0   2162
   725    338      0   2162
   726    338      0   2162
   727    338      0   2162
   728    338      0   2162
   729    338      0   2162
   730    338      0   2162
   731    338      0   2162
   732    338      0   2162
   733    338      0   2162
   734    338      0   2162
   735    338      0   2162
   736    338      0   2162
   737    338      0   2162
   738    338      0   2162
   739    338      0   2162
   740    338      0   2162
   741    338      0   2162
   742    338      0   2162
   743    338      0   2162
   744    338      0   2162
   745    338      0   2162
   746    338      0   2162
   747    338      0   2162
   748    338      0   2162
   749    338      0   2162
   750    338      0   2162
   751    338      0   2162
   752    338      0   2162
   753    338      0   2162
   754    338      0   2162
   755    338      0   2162
   756    338      0   2162
   757    338      0   2162
   758    338      0   2162
   759    338      0   2162
   760    338      0   2162
   761    338      0   2162
   762    338      0   2162
   763    338      0   2162
   764    338      0   2162
   765    338      0   2162
   766    338      0   2162
   767    338      0   2162
   768    338      0   2162
   769    338      0   2162
   770    338      0   2162
   771    338      0   2162
   772    338      0   2162
   773    338      0   2162
   774    338      0   2162
   775    338      0   2162
   776    338      0   2162
   777    338      0   2162
   778    338      0   2162
   779    338      0   2162
   780    338      0   2162
   781    338      0   2162
   782    338      0   2162
   783    338      0   2162
   784    338      0   2162
   785    338      0   2162
   786    338      0   2162
   787    338      0   2162
   788    338      0   2162
   789    338      0   2162
   790    338      0   2162
   791    338      0   2162
   792    338      0   2162
   793    338      0   2162
   794    338      0   2162
   795    338      0   2162
   796    338      0   2162
   797    338      0   2162
   798    338      0   2162
   799    338      0   2162
   800    338      0   2162
   801    338      0   2162
   802    338      0   2162
   803    338      0   2162
   804    338      0   2162
   805    338      0   2162
   806    338      0   2162
   807    338      0   2162
   808    338      0   2162
   809    338      0   2162
   810    338      0   2162
   811    338      0   2162
   812    338      0   2162
   813    338      0   2162
   814    338      0   2162
   815    338      0   2162
   816    338      0   2162
   817    338      0   2162
   818    338      0   2162
   819    338      0   2162
   820    338      0   2162
   821    338      0   2162
   822    338      0   2162
   823    338      0   2162
   824    338      0   2162
   825    338      0   2162
   826    338      0   2162
   827    338      0   2162
   828    338      0   2162
   829    338      0   2162
   830    338      0   2162
   831    338      0   2162
   832    338      0   2162
   833    338      0   2162
   834    338      0   2162
   835    338      0   2162
   836    338      0   2162
   837    338      0   2162
   838    338      0   2162
   839    338      0   2162
   840    338      0   2162
   841    338      0   2162
   842    338      0   2162
   843    338      0   2162
   844    338      0   2162
   845    338      0   2162
   846    338      0   2162
   847    338      0   2162
   848    338      0   2162
   849    338      0   2162
   850    338      0   2162
   851    338      0   2162
   852    338      0   2162
   853    338      0   2162
   854    338      0   2162
   855    338      0   2162
   856    338      0   2162
   857    338      0   2162
   858    338      0   2162
   859    338      0   2162
   860    338      0   2162
   861    338      0   2162
   862    338      0   2162
   863    338      0   2162
   864    338      0   2162
   865    338      0   2162
   866    338      0   2162
   867    338      0   2162
   868    338      0   2162
   869    338      0   2162
   870    338      0   2162
   871    338      0   2162
   872    338      0   2162
   873    338      0   2162
   874    338      0   2162
   875    338      0   2162
   876    338      0   2162
   877    338      0   2162
   878    338      0   2162
   879    338      0   2162
   880    338      0   2162
   881    338      0   2162
   882    338      0   2162
   883    338      0   2162
   884    338      0   2162
   885    338      0   2162
   886    338      0   2162
   887    338      0   2162
   888    338      0   2162
   889    338      0   2162
   890    338      0   2162
   891    338      0   2162
   892    338      0   2162
   893    338      0   2162
   894    338      0   2162
   895    338      0   2162
   896    338      0   2162
   897    338      0   2162
   898    338      0   2162
   899    338      0   2162
   900    338      0   2162
   901    338      0   2162
   902    338      0   2162
   903    338      0   2162
   904    338      0   2162
   905    338      0   2162
   906    338      0   2162
   907    338      0   2162
   908    338      0   2162
   909    338      0   2162
   910    338      0   2162
   911    338      0   2162
   912    338      0   2162
   913    338      0   2162
   914    338      0   2162
   915    338      0   2162
   916    338      0   2162
   917    338      0   2162
   918    338      0   2162
   919    338      0   2162
   920    338      0   2162
   921    338      0   2162
   922    338      0   2162
   923    338      0   2162
   924    338      0   2162
   925    338      0   2162
   926    338      0   2162
   927    338      0   2162
   928    338      0   2162
   929    338      0   2162
   930    338      0   2162
   931    338      0   2162
   932    338      0   2162
   933    338      0   2162
   934    338      0   2162
   935    338      0   2162
   936    338      0   2162
   937    338      0   2162
   938    338      0   2162
   939    338      0   2162
   940    338      0   2162
   941    338      0   2162
   942    338      0   2162
   943    338      0   2162
   944    338      0   2162
   945    338      0   2162
   946    338      0   2162
   947    338      0   2162
   948    338      0   2162
   949    338      0   2162
   950    338      0   2162
   951    338      0   2162
   952    338      0   2162
   953    338      0   2162
   954    338      0   2162
   955    338      0   2162
   956    338      0   2162
   957    338      0   2162
   958    338      0   2162
   959    338      0   2162
   960    338      0   2162
   961    338      0   2162
   962    338      0   2162
   963    338      0   2162
   964    338      0   2162
   965    338      0   2162
   966    338      0   2162
   967    338      0   2162
   968    338      0   2162
   969    338      0   2162
   970    338      0   2162
   971    338      0   2162
   972    338      0   2162
   973    338      0   2162
   974    338      0   2162
   975    338      0   2162
   976    338      0   2162
   977    338      0   2162
   978    338      0   2162
   979    338      0   2162
   980    338      0   2162
   981    338      0   2162
   982    338      0   2162
   983    338      0   2162
   984    338      0   2162
   985    338      0   2162
   986    338      0   2162
   987    338      0   2162
   988    338      0   2162
   989    338      0   2162
   990    338      0   2162
   991    338      0   2162
   992    338      0   2162
   993    338      0   2162
   994    338      0   2162
   995    338      0   2162
   996    338      0   2162
   997    338      0   2162
   998    338      0   2162
   999    338      0   2162
  1000    338      0   2162
