# time (sweeps) | Susceptible | Infected | Recovered
     0     63      0   2437
     1     63      0   2437
     2     63      0   2437
     3     63      0   2437
     4     63      0   2437
     5     63      0   2437
     6     63      0   2437
     7     63      0   2437
     8     63      0   2437
     9     63      0   2437
    10     63      0   2437
    11     63      0   2437
    12     63      0   2437
    13     63      0   2437
    14     63      0   2437
    15     63      0   2437
    16     63      0   2437
    17     63      0   2437
    18     63      0   2437
    19     63      0   2437
    20     63      0   2437
    21     63      0   2437
    22     63      0   2437
    23     63      0   2437
    24     63      0   2437
    25     63      0   2437
    26     63      0   2437
    27     63      0   2437
    28     63      0   2437
    29     63      0   2437
    30     63      0   2437
    31     63      0   2437
    32     63      0   2437
    33     63      0   2437
    34     63      0   2437
    35     63      0   2437
    36     63      0   2437
    37     63      0   2437
    38     63      0   2437
    39     63      0   2437
    40     63      0   2437
    41     63      0   2437
    42     63      0   2437
    43     63      0   2437
    44     63      0   2437
    45     63      0   2437
    46     63      0   2437
    47     63      0   2437
    48     63      0   2437
    49     63      0   2437
    50     63      0   2437
    51     63      0   2437
    52     63      0   2437
    53     63      0   2437
    54     63      0   2437
    55     63      0   2437
    56     63      0   2437
    57     63      0   2437
    58     63      0   2437
    59     63      0   2437
    60     63      0   2437
    61     63      0   2437
    62     63      0   2437
    63     63      0   2437
    64     63      0   2437
    65     63      0   2437
    66     63      0   2437
    67     63      0   2437
    68     63      0   2437
    69     63      0   2437
    70     63      0   2437
    71     63      0   2437
    72     63      0   2437
    73     63      0   2437
    74     63      0   2437
    75     63      0   2437
    76     63      0   2437
    77     63      0   2437
    78     63      0   2437
    79     63      0   2437
    80     63      0   2437
    81     63      0   2437
    82     63      0   2437
    83     63      0   2437
    84     63      0   2437
    85     63      0   2437
    86     63      0   2437
    87     63      0   2437
    88     63      0   2437
    89     63      0   2437
    90     63      0   2437
    91     63      0   2437
    92     63      0   2437
    93     63      0   2437
    94     63      0   2437
    95     63      0   2437
    96     63      0   2437
    97     63      0   2437
    98     63      0   2437
    99     63      0   2437
   100     63      0   2437
   101     63      0   2437
   102     63      0   2437
   103     63      0   2437
   104     63      0   2437
   105     63      0   2437
   106     63      0   2437
   107     63      0   2437
   108     63      0   2437
   109     63      0   2437
   110     63      0   2437
   111     63      0   2437
   112     63      0   2437
   113     63      0   2437
   114     63      0   2437
   115     63      0   2437
   116     63      0   2437
   117     63      0   2437
   118     63      0   2437
   119     63      0   2437
   120     63      0   2437
   121     63      0   2437
   122     63      0   2437
   123     63      0   2437
   124     63      0   2437
   125     63      0   2437
   126     63      0   2437
   127     63      0   2437
   128     63      0   2437
   129     63      0   2437
   130     63      0   2437
   131     63      0   2437
   132     63      0   2437
   133     63      0   2437
   134     63      0   2437
   135     63      0   2437
   136     63      0   2437
   137     63      0   2437
   138     63      0   2437
   139     63      0   2437
   140     63      0   2437
   141     63      0   2437
   142     63      0   2437
   143     63      0   2437
   144     63      0   2437
   145     63      0   2437
   146     63      0   2437
   147     63      0   2437
   148     63      0   2437
   149     63      0   2437
   150     63      0   2437
   151     63      0   2437
   152     63      0   2437
   153     63      0   2437
   154     63      0   2437
   155     63      0   2437
   156     63      0   2437
   157     63      0   2437
   158     63      0   2437
   159     63      0   2437
   160     63      0   2437
   161     63      0   2437
   162     63      0   2437
   163     63      0   2437
   164     63      0   2437
   165     63      0   2437
   166     63      0   2437
   167     63      0   2437
   168     63      0   2437
   169     63      0   2437
   170     63      0   2437
   171     63      0   2437
   172     63      0   2437
   173     63      0   2437
   174     63      0   2437
   175     63      0   2437
   176     63      0   2437
   177     63      0   2437
   178     63      0   2437
   179     63      0   2437
   180     63      0   2437
   181     63      0   2437
   182     63      0   2437
   183     63      0   2437
   184     63      0   2437
   185     63      0   2437
   186     63      0   2437
   187     63      0   2437
   188     63      0   2437
   189     63      0   2437
   190     63      0   2437
   191     63      0   2437
   192     63      0   2437
   193     63      0   2437
   194     63      0   2437
   195     63      0   2437
   196     63      0   2437
   197     63      0   2437
   198     63      0   2437
   199     63      0   2437
   200     63      0   2437
   201     63      0   2437
   202     63      0   2437
   203     63      0   2437
   204     63      0   2437
   205     63      0   2437
   206     63      0   2437
   207     63      0   2437
   208     63      0   2437
   209     63      0   2437
   210     63      0   2437
   211     63      0   2437
   212     63      0   2437
   213     63      0   2437
   214     63      0   2437
   215     63      0   2437
   216     63      0   2437
   217     63      0   2437
   218     63      0   2437
   219     63      0   2437
   220     63      0   2437
   221     63      0   2437
   222     63      0   2437
   223     63      0   2437
   224     63      0   2437
   225     63      0   2437
   226     63      0   2437
   227     63      0   2437
   228     63      0   2437
   229     63      0   2437
   230     63      0   2437
   231     63      0   2437
   232     63      0   2437
   233     63      0   2437
   234     63      0   2437
   235     63      0   2437
   236     63      0   2437
   237     63      0   2437
   238     63      0   2437
   239     63      0   2437
   240     63      0   2437
   241     63      0   2437
   242     63      0   2437
   243     63      0   2437
   244     63      0   2437
   245     63      0   2437
   246     63      0   2437
   247     63      0   2437
   248     63      0   2437
   249     63      0   2437
   250     63      0   2437
   251     63      0   2437
   252     63      0   2437
   253     63      0   2437
   254     63      0   2437
   255     63      0   2437
   256     63      0   2437
   257     63      0   2437
   258     63      0   2437
   259     63      0   2437
   260     63      0   2437
   261     63      0   2437
   262     63      0   2437
   263     63      0   2437
   264     63      0   2437
   265     63      0   2437
   266     63      0   2437
   267     63      0   2437
   268     63      0   2437
   269     63      0   2437
   270     63      0   2437
   271     63      0   2437
   272     63      0   2437
   273     63      0   2437
   274     63      0   2437
   275     63      0   2437
   276     63      0   2437
   277     63      0   2437
   278     63      0   2437
   279     63      0   2437
   280     63      0   2437
   281     63      0   2437
   282     63      0   2437
   283     63      0   2437
   284     63      0   2437
   285     63      0   2437
   286     63      0   2437
   287     63      0   2437
   288     63      0   2437
   289     63      0   2437
   290     63      0   2437
   291     63      0   2437
   292     63      0   2437
   293     63      0   2437
   294     63      0   2437
   295     63      0   2437
   296     63      0   2437
   297     63      0   2437
   298     63      0   2437
   299     63      0   2437
   300     63      0   2437
   301     63      0   2437
   302     63      0   2437
   303     63      0   2437
   304     63      0   2437
   305     63      0   2437
   306     63      0   2437
   307     63      0   2437
   308     63      0   2437
   309     63      0   2437
   310     63      0   2437
   311     63      0   2437
   312     63      0   2437
   313     63      0   2437
   314     63      0   2437
   315     63      0   2437
   316     63      0   2437
   317     63      0   2437
   318     63      0   2437
   319     63      0   2437
   320     63      0   2437
   321     63      0   2437
   322     63      0   2437
   323     63      0   2437
   324     63      0   2437
   325     63      0   2437
   326     63      0   2437
   327     63      0   2437
   328     63      0   2437
   329     63      0   2437
   330     63      0   2437
   331     63      0   2437
   332     63      0   2437
   333     63      0   2437
   334     63      0   2437
   335     63      0   2437
   336     63      0   2437
   337     63      0   2437
   338     63      0   2437
   339     63      0   2437
   340     63      0   2437
   341     63      0   2437
   342     63      0   2437
   343     63      0   2437
   344     63      0   2437
   345     63      0   2437
   346     63      0   2437
   347     63      0   2437
   348     63      0   2437
   349     63      0   2437
   350     63      0   2437
   351     63      0   2437
   352     63      0   2437
   353     63      0   2437
   354     63      0   2437
   355     63      0   2437
   356     63      0   2437
   357     63      0   2437
   358     63      0   2437
   359     63      0   2437
   360     63      0   2437
   361     63      0   2437
   362     63      0   2437
   363     63      0   2437
   364     63      0   2437
   365     63      0   2437
   366     63      0   2437
   367     63      0   2437
   368     63      0   2437
   369     63      0   2437
   370     63      0   2437
   371     63      0   2437
   372     63      0   2437
   373     63      0   2437
   374     63      0   2437
   375     63      0   2437
   376     63      0   2437
   377     63      0   2437
   378     63      0   2437
   379     63      0   2437
   380     63      0   2437
   381     63      0   2437
   382     63      0   2437
   383     63      0   2437
   384     63      0   2437
   385     63      0   2437
   386     63      0   2437
   387     63      0   2437
   388     63      0   2437
   389     63      0   2437
   390     63      0   2437
   391     63      0   2437
   392     63      0   2437
   393     63      0   2437
   394     63      0   2437
   395     63      0   2437
   396     63      0   2437
   397     63      0   2437
   398     63      0   2437
   399     63      0   2437
   400     63      0   2437
   401     63      0   2437
   402     63      0   2437
   403     63      0   2437
   404     63      0   2437
   405     63      0   2437
   406     63      0   2437
   407     63      0   2437
   408     63      0   2437
   409     63      0   2437
   410     63      0   2437
   411     63      0   2437
   412     63      0   2437
   413     63      0   2437
   414     63      0   2437
   415     63      0   2437
   416     63      0   2437
   417     63      0   2437
   418     63      0   2437
   419     63      0   2437
   420     63      0   2437
   421     63      0   2437
   422     63      0   2437
   423     63      0   2437
   424     63      0   2437
   425     63      0   2437
   426     63      0   2437
   427     63      0   2437
   428     63      0   2437
   429     63      0   2437
   430     63      0   2437
   431     63      0   2437
   432     63      0   2437
   433     63      0   2437
   434     63      0   2437
   435     63      0   2437
   436     63      0   2437
   437     63      0   2437
   438     63      0   2437
   439     63      0   2437
   440     63      0   2437
   441     63      0   2437
   442     63      0   2437
   443     63      0   2437
   444     63      0   2437
   445     63      0   2437
   446     63      0   2437
   447     63      0   2437
   448     63      0   2437
   449     63      0   2437
   450     63      0   2437
   451     63      0   2437
   452     63      0   2437
   453     63      0   2437
   454     63      0   2437
   455     63      0   2437
   456     63      0   2437
   457     63      0   2437
   458     63      0   2437
   459     63      0   2437
   460     63      0   2437
   461     63      0   2437
   462     63      0   2437
   463     63      0   2437
   464     63      0   2437
   465     63      0   2437
   466     63      0   2437
   467     63      0   2437
   468     63      0   2437
   469     63      0   2437
   470     63      0   2437
   471     63      0   2437
   472     63      0   2437
   473     63      0   2437
   474     63      0   2437
   475     63      0   2437
   476     63      0   2437
   477     63      0   2437
   478     63      0   2437
   479     63      0   2437
   480     63      0   2437
   481     63      0   2437
   482     63      0   2437
   483     63      0   2437
   484     63      0   2437
   485     63      0   2437
   486     63      0   2437
   487     63      0   2437
   488     63      0   2437
   489     63      0   2437
   490     63      0   2437
   491     63      0   2437
   492     63      0   2437
   493     63      0   2437
   494     63      0   2437
   495     63      0   2437
   496     63      0   2437
   497     63      0   2437
   498     63      0   2437
   499     63      0   2437
   500     63      0   2437
   501     63      0   2437
   502     63      0   2437
   503     63      0   2437
   504     63      0   2437
   505     63      0   2437
   506     63      0   2437
   507     63      0   2437
   508     63      0   2437
   509     63      0   2437
   510     63      0   2437
   511     63      0   2437
   512     63      0   2437
   513     63      0   2437
   514     63      0   2437
   515     63      0   2437
   516     63      0   2437
   517     63      0   2437
   518     63      0   2437
   519     63      0   2437
   520     63      0   2437
   521     63      0   2437
   522     63      0   2437
   523     63      0   2437
   524     63      0   2437
   525     63      0   2437
   526     63      0   2437
   527     63      0   2437
   528     63      0   2437
   529     63      0   2437
   530     63      0   2437
   531     63      0   2437
   532     63      0   2437
   533     63      0   2437
   534     63      0   2437
   535     63      0   2437
   536     63      0   2437
   537     63      0   2437
   538     63      0   2437
   539     63      0   2437
   540     63      0   2437
   541     63      0   2437
   542     63      0   2437
   543     63      0   2437
   544     63      0   2437
   545     63      0   2437
   546     63      0   2437
   547     63      0   2437
   548     63      0   2437
   549     63      0   2437
   550     63      0   2437
   551     63      0   2437
   552     63      0   2437
   553     63      0   2437
   554     63      0   2437
   555     63      0   2437
   556     63      0   2437
   557     63      0   2437
   558     63      0   2437
   559     63      0   2437
   560     63      0   2437
   561     63      0   2437
   562     63      0   2437
   563     63      0   2437
   564     63      0   2437
   565     63      0   2437
   566     63      0   2437
   567     63      0   2437
   568     63      0   2437
   569     63      0   2437
   570     63      0   2437
   571     63      0   2437
   572     63      0   2437
   573     63      0   2437
   574     63      0   2437
   575     63      0   2437
   576     63      0   2437
   577     63      0   2437
   578     63      0   2437
   579     63      0   2437
   580     63      0   2437
   581     63      0   2437
   582     63      0   2437
   583     63      0   2437
   584     63      0   2437
   585     63      0   2437
   586     63      0   2437
   587     63      0   2437
   588     63      0   2437
   589     63      0   2437
   590     63      0   2437
   591     63      0   2437
   592     63      0   2437
   593     63      0   2437
   594     63      0   2437
   595     63      0   2437
   596     63      0   2437
   597     63      0   2437
   598     63      0   2437
   599     63      0   2437
   600     63      0   2437
   601     63      0   2437
   602     63      0   2437
   603     63      0   2437
   604     63      0   2437
   605     63      0   2437
   606     63      0   2437
   607     63      0   2437
   608     63      0   2437
   609     63      0   2437
   610     63      0   2437
   611     63      0   2437
   612     63      0   2437
   613     63      0   2437
   614     63      0   2437
   615     63      0   2437
   616     63      0   2437
   617     63      0   2437
   618     63      0   2437
   619     63      0   2437
   620     63      0   2437
   621     63      0   2437
   622     63      0   2437
   623     63      0   2437
   624     63      0   2437
   625     63      0   2437
   626     63      0   2437
   627     63      0   2437
   628     63      0   2437
   629     63      0   2437
   630     63      0   2437
   631     63      0   2437
   632     63      0   2437
   633     63      0   2437
   634     63      0   2437
   635     63      0   2437
   636     63      0   2437
   637     63      0   2437
   638     63      0   2437
   639     63      0   2437
   640     63      0   2437
   641     63      0   2437
   642     63      0   2437
   643     63      0   2437
   644     63      0   2437
   645     63      0   2437
   646     63      0   2437
   647     63      0   2437
   648     63      0   2437
   649     63      0   2437
   650     63      0   2437
   651     63      0   2437
   652     63      0   2437
   653     63      0   2437
   654     63      0   2437
   655     63      0   2437
   656     63      0   2437
   657     63      0   2437
   658     63      0   2437
   659     63      0   2437
   660     63      0   2437
   661     63      0   2437
   662     63      0   2437
   663     63      0   2437
   664     63      0   2437
   665     63      0   2437
   666     63      0   2437
   667     63      0   2437
   668     63      0   2437
   669     63      0   2437
   670     63      0   2437
   671     63      0   2437
   672     63      0   2437
   673     63      0   2437
   674     63      0   2437
   675     63      0   2437
   676     63      0   2437
   677     63      0   2437
   678     63      0   2437
   679     63      0   2437
   680     63      0   2437
   681     63      0   2437
   682     63      0   2437
   683     63      0   2437
   684     63      0   2437
   685     63      0   2437
   686     63      0   2437
   687     63      0   2437
   688     63      0   2437
   689     63      0   2437
   690     63      0   2437
   691     63      0   2437
   692     63      0   2437
   693     63      0   2437
   694     63      0   2437
   695     63      0   2437
   696     63      0   2437
   697     63      0   2437
   698     63      0   2437
   699     63      0   2437
   700     63      0   2437
   701     63      0   2437
   702     63      0   2437
   703     63      0   2437
   704     63      0   2437
   705     63      0   2437
   706     63      0   2437
   707     63      0   2437
   708     63      0   2437
   709     63      0   2437
   710     63      0   2437
   711     63      0   2437
   712     63      0   2437
   713     63      0   2437
   714     63      0   2437
   715     63      0   2437
   716     63      0   2437
   717     63      0   2437
   718     63      0   2437
   719     63      0   2437
   720     63      0   2437
   721     63      0   2437
   722     63      0   2437
   723     63      0   2437
   724     63      0   2437
   725     63      0   2437
   726     63      0   2437
   727     63      0   2437
   728     63      0   2437
   729     63      0   2437
   730     63      0   2437
   731     63      0   2437
   732     63      0   2437
   733     63      0   2437
   734     63      0   2437
   735     63      0   2437
   736     63      0   2437
   737     63      0   2437
   738     63      0   2437
   739     63      0   2437
   740     63      0   2437
   741     63      0   2437
   742     63      0   2437
   743     63      0   2437
   744     63      0   2437
   745     63      0   2437
   746     63      0   2437
   747     63      0   2437
   748     63      0   2437
   749     63      0   2437
   750     63      0   2437
   751     63      0   2437
   752     63      0   2437
   753     63      0   2437
   754     63      0   2437
   755     63      0   2437
   756     63      0   2437
   757     63      0   2437
   758     63      0   2437
   759     63      0   2437
   760     63      0   2437
   761     63      0   2437
   762     63      0   2437
   763     63      0   2437
   764     63      0   2437
   765     63      0   2437
   766     63      0   2437
   767     63      0   2437
   768     63      0   2437
   769     63      0   2437
   770     63      0   2437
   771     63      0   2437
   772     63      0   2437
   773     63      0   2437
   774     63      0   2437
   775     63      0   2437
   776     63      0   2437
   777     63      0   2437
   778     63      0   2437
   779     63      0   2437
   780     63      0   2437
   781     63      0   2437
   782     63      0   2437
   783     63      0   2437
   784     63      0   2437
   785     63      0   2437
   786     63      0   2437
   787     63      0   2437
   788     63      0   2437
   789     63      0   2437
   790     63      0   2437
   791     63      0   2437
   792     63      0   2437
   793     63      0   2437
   794     63      0   2437
   795     63      0   2437
   796     63      0   2437
   797     63      0   2437
   798     63      0   2437
   799     63      0   2437
   800     63      0   2437
   801     63      0   2437
   802     63      0   2437
   803     63      0   2437
   804     63      0   2437
   805     63      0   2437
   806     63      0   2437
   807     63      0   2437
   808     63      0   2437
   809     63      0   2437
   810     63      0   2437
   811     63      0   2437
   812     63      0   2437
   813     63      0   2437
   814     63      0   2437
   815     63      0   2437
   816     63      0   2437
   817     63      0   2437
   818     63      0   2437
   819     63      0   2437
   820     63      0   2437
   821     63      0   2437
   822     63      0   2437
   823     63      0   2437
   824     63      0   2437
   825     63      0   2437
   826     63      0   2437
   827     63      0   2437
   828     63      0   2437
   829     63      0   2437
   830     63      0   2437
   831     63      0   2437
   832     63      0   2437
   833     63      0   2437
   834     63      0   2437
   835     63      0   2437
   836     63      0   2437
   837     63      0   2437
   838     63      0   2437
   839     63      0   2437
   840     63      0   2437
   841     63      0   2437
   842     63      0   2437
   843     63      0   2437
   844     63      0   2437
   845     63      0   2437
   846     63      0   2437
   847     63      0   2437
   848     63      0   2437
   849     63      0   2437
   850     63      0   2437
   851     63      0   2437
   852     63      0   2437
   853     63      0   2437
   854     63      0   2437
   855     63      0   2437
   856     63      0   2437
   857     63      0   2437
   858     63      0   2437
   859     63      0   2437
   860     63      0   2437
   861     63      0   2437
   862     63      0   2437
   863     63      0   2437
   864     63      0   2437
   865     63      0   2437
   866     63      0   2437
   867     63      0   2437
   868     63      0   2437
   869     63      0   2437
   870     63      0   2437
   871     63      0   2437
   872     63      0   2437
   873     63      0   2437
   874     63      0   2437
   875     63      0   2437
   876     63      0   2437
   877     63      0   2437
   878     63      0   2437
   879     63      0   2437
   880     63      0   2437
   881     63      0   2437
   882     63      0   2437
   883     63      0   2437
   884     63      0   2437
   885     63      0   2437
   886     63      0   2437
   887     63      0   2437
   888     63      0   2437
   889     63      0   2437
   890     63      0   2437
   891     63      0   2437
   892     63      0   2437
   893     63      0   2437
   894     63      0   2437
   895     63      0   2437
   896     63      0   2437
   897     63      0   2437
   898     63      0   2437
   899     63      0   2437
   900     63      0   2437
   901     63      0   2437
   902     63      0   2437
   903     63      0   2437
   904     63      0   2437
   905     63      0   2437
   906     63      0   2437
   907     63      0   2437
   908     63      0   2437
   909     63      0   2437
   910     63      0   2437
   911     63      0   2437
   912     63      0   2437
   913     63      0   2437
   914     63      0   2437
   915     63      0   2437
   916     63      0   2437
   917     63      0   2437
   918     63      0   2437
   919     63      0   2437
   920     63      0   2437
   921     63      0   2437
   922     63      0   2437
   923     63      0   2437
   924     63      0   2437
   925     63      0   2437
   926     63      0   2437
   927     63      0   2437
   928     63      0   2437
   929     63      0   2437
   930     63      0   2437
   931     63      0   2437
   932     63      0   2437
   933     63      0   2437
   934     63      0   2437
   935     63      0   2437
   936     63      0   2437
   937     63      0   2437
   938     63      0   2437
   939     63      0   2437
   940     63      0   2437
   941     63      0   2437
   942     63      0   2437
   943     63      0   2437
   944     63      0   2437
   945     63      0   2437
   946     63      0   2437
   947     63      0   2437
   948     63      0   2437
   949     63      0   2437
   950     63      0   2437
   951     63      0   2437
   952     63      0   2437
   953     63      0   2437
   954     63      0   2437
   955     63      0   2437
   956     63      0   2437
   957     63      0   2437
   958     63      0   2437
   959     63      0   2437
   960     63      0   2437
   961     63      0   2437
   962     63      0   2437
   963     63      0   2437
   964     63      0   2437
   965     63      0   2437
   966     63      0   2437
   967     63      0   2437
   968     63      0   2437
   969     63      0   2437
   970     63      0   2437
   971     63      0   2437
   972     63      0   2437
   973     63      0   2437
   974     63      0   2437
   975     63      0   2437
   976     63      0   2437
   977     63      0   2437
   978     63      0   2437
   979     63      0   2437
   980     63      0   2437
   981     63      0   2437
   982     63      0   2437
   983     63      0   2437
   984     63      0   2437
   985     63      0   2437
   986     63      0   2437
   987     63      0   2437
   988     63      0   2437
   989     63      0   2437
   990     63      0   2437
   991     63      0   2437
   992     63      0   2437
   993     63      0   2437
   994     63      0   2437
   995     63      0   2437
   996     63      0   2437
   997     63      0   2437
   998     63      0   2437
   999     63      0   2437
  1000     63      0   2437
