# time (sweeps) | Susceptible | Infected | Recovered
     0    866      0   1634
     1    866      0   1634
     2    866      0   1634
     3    866      0   1634
     4    866      0   1634
     5    866      0   1634
     6    866      0   1634
     7    866      0   1634
     8    866      0   1634
     9    866      0   1634
    10    866      0   1634
    11    866      0   1634
    12    866      0   1634
    13    866      0   1634
    14    866      0   1634
    15    866      0   1634
    16    866      0   1634
    17    866      0   1634
    18    866      0   1634
    19    866      0   1634
    20    866      0   1634
    21    866      0   1634
    22    866      0   1634
    23    866      0   1634
    24    866      0   1634
    25    866      0   1634
    26    866      0   1634
    27    866      0   1634
    28    866      0   1634
    29    866      0   1634
    30    866      0   1634
    31    866      0   1634
    32    866      0   1634
    33    866      0   1634
    34    866      0   1634
    35    866      0   1634
    36    866      0   1634
    37    866      0   1634
    38    866      0   1634
    39    866      0   1634
    40    866      0   1634
    41    866      0   1634
    42    866      0   1634
    43    866      0   1634
    44    866      0   1634
    45    866      0   1634
    46    866      0   1634
    47    866      0   1634
    48    866      0   1634
    49    866      0   1634
    50    866      0   1634
    51    866      0   1634
    52    866      0   1634
    53    866      0   1634
    54    866      0   1634
    55    866      0   1634
    56    866      0   1634
    57    866      0   1634
    58    866      0   1634
    59    866      0   1634
    60    866      0   1634
    61    866      0   1634
    62    866      0   1634
    63    866      0   1634
    64    866      0   1634
    65    866      0   1634
    66    866      0   1634
    67    866      0   1634
    68    866      0   1634
    69    866      0   1634
    70    866      0   1634
    71    866      0   1634
    72    866      0   1634
    73    866      0   1634
    74    866      0   1634
    75    866      0   1634
    76    866      0   1634
    77    866      0   1634
    78    866      0   1634
    79    866      0   1634
    80    866      0   1634
    81    866      0   1634
    82    866      0   1634
    83    866      0   1634
    84    866      0   1634
    85    866      0   1634
    86    866      0   1634
    87    866      0   1634
    88    866      0   1634
    89    866      0   1634
    90    866      0   1634
    91    866      0   1634
    92    866      0   1634
    93    866      0   1634
    94    866      0   1634
    95    866      0   1634
    96    866      0   1634
    97    866      0   1634
    98    866      0   1634
    99    866      0   1634
   100    866      0   1634
   101    866      0   1634
   102    866      0   1634
   103    866      0   1634
   104    866      0   1634
   105    866      0   1634
   106    866      0   1634
   107    866      0   1634
   108    866      0   1634
   109    866      0   1634
   110    866      0   1634
   111    866      0   1634
   112    866      0   1634
   113    866      0   1634
   114    866      0   1634
   115    866      0   1634
   116    866      0   1634
   117    866      0   1634
   118    866      0   1634
   119    866      0   1634
   120    866      0   1634
   121    866      0   1634
   122    866      0   1634
   123    866      0   1634
   124    866      0   1634
   125    866      0   1634
   126    866      0   1634
   127    866      0   1634
   128    866      0   1634
   129    866      0   1634
   130    866      0   1634
   131    866      0   1634
   132    866      0   1634
   133    866      0   1634
   134    866      0   1634
   135    866      0   1634
   136    866      0   1634
   137    866      0   1634
   138    866      0   1634
   139    866      0   1634
   140    866      0   1634
   141    866      0   1634
   142    866      0   1634
   143    866      0   1634
   144    866      0   1634
   145    866      0   1634
   146    866      0   1634
   147    866      0   1634
   148    866      0   1634
   149    866      0   1634
   150    866      0   1634
   151    866      0   1634
   152    866      0   1634
   153    866      0   1634
   154    866      0   1634
   155    866      0   1634
   156    866      0   1634
   157    866      0   1634
   158    866      0   1634
   159    866      0   1634
   160    866      0   1634
   161    866      0   1634
   162    866      0   1634
   163    866      0   1634
   164    866      0   1634
   165    866      0   1634
   166    866      0   1634
   167    866      0   1634
   168    866      0   1634
   169    866      0   1634
   170    866      0   1634
   171    866      0   1634
   172    866      0   1634
   173    866      0   1634
   174    866      0   1634
   175    866      0   1634
   176    866      0   1634
   177    866      0   1634
   178    866      0   1634
   179    866      0   1634
   180    866      0   1634
   181    866      0   1634
   182    866      0   1634
   183    866      0   1634
   184    866      0   1634
   185    866      0   1634
   186    866      0   1634
   187    866      0   1634
   188    866      0   1634
   189    866      0   1634
   190    866      0   1634
   191    866      0   1634
   192    866      0   1634
   193    866      0   1634
   194    866      0   1634
   195    866      0   1634
   196    866      0   1634
   197    866      0   1634
   198    866      0   1634
   199    866      0   1634
   200    866      0   1634
   201    866      0   1634
   202    866      0   1634
   203    866      0   1634
   204    866      0   1634
   205    866      0   1634
   206    866      0   1634
   207    866      0   1634
   208    866      0   1634
   209    866      0   1634
   210    866      0   1634
   211    866      0   1634
   212    866      0   1634
   213    866      0   1634
   214    866      0   1634
   215    866      0   1634
   216    866      0   1634
   217    866      0   1634
   218    866      0   1634
   219    866      0   1634
   220    866      0   1634
   221    866      0   1634
   222    866      0   1634
   223    866      0   1634
   224    866      0   1634
   225    866      0   1634
   226    866      0   1634
   227    866      0   1634
   228    866      0   1634
   229    866      0   1634
   230    866      0   1634
   231    866      0   1634
   232    866      0   1634
   233    866      0   1634
   234    866      0   1634
   235    866      0   1634
   236    866      0   1634
   237    866      0   1634
   238    866      0   1634
   239    866      0   1634
   240    866      0   1634
   241    866      0   1634
   242    866      0   1634
   243    866      0   1634
   244    866      0   1634
   245    866      0   1634
   246    866      0   1634
   247    866      0   1634
   248    866      0   1634
   249    866      0   1634
   250    866      0   1634
   251    866      0   1634
   252    866      0   1634
   253    866      0   1634
   254    866      0   1634
   255    866      0   1634
   256    866      0   1634
   257    866      0   1634
   258    866      0   1634
   259    866      0   1634
   260    866      0   1634
   261    866      0   1634
   262    866      0   1634
   263    866      0   1634
   264    866      0   1634
   265    866      0   1634
   266    866      0   1634
   267    866      0   1634
   268    866      0   1634
   269    866      0   1634
   270    866      0   1634
   271    866      0   1634
   272    866      0   1634
   273    866      0   1634
   274    866      0   1634
   275    866      0   1634
   276    866      0   1634
   277    866      0   1634
   278    866      0   1634
   279    866      0   1634
   280    866      0   1634
   281    866      0   1634
   282    866      0   1634
   283    866      0   1634
   284    866      0   1634
   285    866      0   1634
   286    866      0   1634
   287    866      0   1634
   288    866      0   1634
   289    866      0   1634
   290    866      0   1634
   291    866      0   1634
   292    866      0   1634
   293    866      0   1634
   294    866      0   1634
   295    866      0   1634
   296    866      0   1634
   297    866      0   1634
   298    866      0   1634
   299    866      0   1634
   300    866      0   1634
   301    866      0   1634
   302    866      0   1634
   303    866      0   1634
   304    866      0   1634
   305    866      0   1634
   306    866      0   1634
   307    866      0   1634
   308    866      0   1634
   309    866      0   1634
   310    866      0   1634
   311    866      0   1634
   312    866      0   1634
   313    866      0   1634
   314    866      0   1634
   315    866      0   1634
   316    866      0   1634
   317    866      0   1634
   318    866      0   1634
   319    866      0   1634
   320    866      0   1634
   321    866      0   1634
   322    866      0   1634
   323    866      0   1634
   324    866      0   1634
   325    866      0   1634
   326    866      0   1634
   327    866      0   1634
   328    866      0   1634
   329    866      0   1634
   330    866      0   1634
   331    866      0   1634
   332    866      0   1634
   333    866      0   1634
   334    866      0   1634
   335    866      0   1634
   336    866      0   1634
   337    866      0   1634
   338    866      0   1634
   339    866      0   1634
   340    866      0   1634
   341    866      0   1634
   342    866      0   1634
   343    866      0   1634
   344    866      0   1634
   345    866      0   1634
   346    866      0   1634
   347    866      0   1634
   348    866      0   1634
   349    866      0   1634
   350    866      0   1634
   351    866      0   1634
   352    866      0   1634
   353    866      0   1634
   354    866      0   1634
   355    866      0   1634
   356    866      0   1634
   357    866      0   1634
   358    866      0   1634
   359    866      0   1634
   360    866      0   1634
   361    866      0   1634
   362    866      0   1634
   363    866      0   1634
   364    866      0   1634
   365    866      0   1634
   366    866      0   1634
   367    866      0   1634
   368    866      0   1634
   369    866      0   1634
   370    866      0   1634
   371    866      0   1634
   372    866      0   1634
   373    866      0   1634
   374    866      0   1634
   375    866      0   1634
   376    866      0   1634
   377    866      0   1634
   378    866      0   1634
   379    866      0   1634
   380    866      0   1634
   381    866      0   1634
   382    866      0   1634
   383    866      0   1634
   384    866      0   1634
   385    866      0   1634
   386    866      0   1634
   387    866      0   1634
   388    866      0   1634
   389    866      0   1634
   390    866      0   1634
   391    866      0   1634
   392    866      0   1634
   393    866      0   1634
   394    866      0   1634
   395    866      0   1634
   396    866      0   1634
   397    866      0   1634
   398    866      0   1634
   399    866      0   1634
   400    866      0   1634
   401    866      0   1634
   402    866      0   1634
   403    866      0   1634
   404    866      0   1634
   405    866      0   1634
   406    866      0   1634
   407    866      0   1634
   408    866      0   1634
   409    866      0   1634
   410    866      0   1634
   411    866      0   1634
   412    866      0   1634
   413    866      0   1634
   414    866      0   1634
   415    866      0   1634
   416    866      0   1634
   417    866      0   1634
   418    866      0   1634
   419    866      0   1634
   420    866      0   1634
   421    866      0   1634
   422    866      0   1634
   423    866      0   1634
   424    866      0   1634
   425    866      0   1634
   426    866      0   1634
   427    866      0   1634
   428    866      0   1634
   429    866      0   1634
   430    866      0   1634
   431    866      0   1634
   432    866      0   1634
   433    866      0   1634
   434    866      0   1634
   435    866      0   1634
   436    866      0   1634
   437    866      0   1634
   438    866      0   1634
   439    866      0   1634
   440    866      0   1634
   441    866      0   1634
   442    866      0   1634
   443    866      0   1634
   444    866      0   1634
   445    866      0   1634
   446    866      0   1634
   447    866      0   1634
   448    866      0   1634
   449    866      0   1634
   450    866      0   1634
   451    866      0   1634
   452    866      0   1634
   453    866      0   1634
   454    866      0   1634
   455    866      0   1634
   456    866      0   1634
   457    866      0   1634
   458    866      0   1634
   459    866      0   1634
   460    866      0   1634
   461    866      0   1634
   462    866      0   1634
   463    866      0   1634
   464    866      0   1634
   465    866      0   1634
   466    866      0   1634
   467    866      0   1634
   468    866      0   1634
   469    866      0   1634
   470    866      0   1634
   471    866      0   1634
   472    866      0   1634
   473    866      0   1634
   474    866      0   1634
   475    866      0   1634
   476    866      0   1634
   477    866      0   1634
   478    866      0   1634
   479    866      0   1634
   480    866      0   1634
   481    866      0   1634
   482    866      0   1634
   483    866      0   1634
   484    866      0   1634
   485    866      0   1634
   486    866      0   1634
   487    866      0   1634
   488    866      0   1634
   489    866      0   1634
   490    866      0   1634
   491    866      0   1634
   492    866      0   1634
   493    866      0   1634
   494    866      0   1634
   495    866      0   1634
   496    866      0   1634
   497    866      0   1634
   498    866      0   1634
   499    866      0   1634
   500    866      0   1634
   501    866      0   1634
   502    866      0   1634
   503    866      0   1634
   504    866      0   1634
   505    866      0   1634
   506    866      0   1634
   507    866      0   1634
   508    866      0   1634
   509    866      0   1634
   510    866      0   1634
   511    866      0   1634
   512    866      0   1634
   513    866      0   1634
   514    866      0   1634
   515    866      0   1634
   516    866      0   1634
   517    866      0   1634
   518    866      0   1634
   519    866      0   1634
   520    866      0   1634
   521    866      0   1634
   522    866      0   1634
   523    866      0   1634
   524    866      0   1634
   525    866      0   1634
   526    866      0   1634
   527    866      0   1634
   528    866      0   1634
   529    866      0   1634
   530    866      0   1634
   531    866      0   1634
   532    866      0   1634
   533    866      0   1634
   534    866      0   1634
   535    866      0   1634
   536    866      0   1634
   537    866      0   1634
   538    866      0   1634
   539    866      0   1634
   540    866      0   1634
   541    866      0   1634
   542    866      0   1634
   543    866      0   1634
   544    866      0   1634
   545    866      0   1634
   546    866      0   1634
   547    866      0   1634
   548    866      0   1634
   549    866      0   1634
   550    866      0   1634
   551    866      0   1634
   552    866      0   1634
   553    866      0   1634
   554    866      0   1634
   555    866      0   1634
   556    866      0   1634
   557    866      0   1634
   558    866      0   1634
   559    866      0   1634
   560    866      0   1634
   561    866      0   1634
   562    866      0   1634
   563    866      0   1634
   564    866      0   1634
   565    866      0   1634
   566    866      0   1634
   567    866      0   1634
   568    866      0   1634
   569    866      0   1634
   570    866      0   1634
   571    866      0   1634
   572    866      0   1634
   573    866      0   1634
   574    866      0   1634
   575    866      0   1634
   576    866      0   1634
   577    866      0   1634
   578    866      0   1634
   579    866      0   1634
   580    866      0   1634
   581    866      0   1634
   582    866      0   1634
   583    866      0   1634
   584    866      0   1634
   585    866      0   1634
   586    866      0   1634
   587    866      0   1634
   588    866      0   1634
   589    866      0   1634
   590    866      0   1634
   591    866      0   1634
   592    866      0   1634
   593    866      0   1634
   594    866      0   1634
   595    866      0   1634
   596    866      0   1634
   597    866      0   1634
   598    866      0   1634
   599    866      0   1634
   600    866      0   1634
   601    866      0   1634
   602    866      0   1634
   603    866      0   1634
   604    866      0   1634
   605    866      0   1634
   606    866      0   1634
   607    866      0   1634
   608    866      0   1634
   609    866      0   1634
   610    866      0   1634
   611    866      0   1634
   612    866      0   1634
   613    866      0   1634
   614    866      0   1634
   615    866      0   1634
   616    866      0   1634
   617    866      0   1634
   618    866      0   1634
   619    866      0   1634
   620    866      0   1634
   621    866      0   1634
   622    866      0   1634
   623    866      0   1634
   624    866      0   1634
   625    866      0   1634
   626    866      0   1634
   627    866      0   1634
   628    866      0   1634
   629    866      0   1634
   630    866      0   1634
   631    866      0   1634
   632    866      0   1634
   633    866      0   1634
   634    866      0   1634
   635    866      0   1634
   636    866      0   1634
   637    866      0   1634
   638    866      0   1634
   639    866      0   1634
   640    866      0   1634
   641    866      0   1634
   642    866      0   1634
   643    866      0   1634
   644    866      0   1634
   645    866      0   1634
   646    866      0   1634
   647    866      0   1634
   648    866      0   1634
   649    866      0   1634
   650    866      0   1634
   651    866      0   1634
   652    866      0   1634
   653    866      0   1634
   654    866      0   1634
   655    866      0   1634
   656    866      0   1634
   657    866      0   1634
   658    866      0   1634
   659    866      0   1634
   660    866      0   1634
   661    866      0   1634
   662    866      0   1634
   663    866      0   1634
   664    866      0   1634
   665    866      0   1634
   666    866      0   1634
   667    866      0   1634
   668    866      0   1634
   669    866      0   1634
   670    866      0   1634
   671    866      0   1634
   672    866      0   1634
   673    866      0   1634
   674    866      0   1634
   675    866      0   1634
   676    866      0   1634
   677    866      0   1634
   678    866      0   1634
   679    866      0   1634
   680    866      0   1634
   681    866      0   1634
   682    866      0   1634
   683    866      0   1634
   684    866      0   1634
   685    866      0   1634
   686    866      0   1634
   687    866      0   1634
   688    866      0   1634
   689    866      0   1634
   690    866      0   1634
   691    866      0   1634
   692    866      0   1634
   693    866      0   1634
   694    866      0   1634
   695    866      0   1634
   696    866      0   1634
   697    866      0   1634
   698    866      0   1634
   699    866      0   1634
   700    866      0   1634
   701    866      0   1634
   702    866      0   1634
   703    866      0   1634
   704    866      0   1634
   705    866      0   1634
   706    866      0   1634
   707    866      0   1634
   708    866      0   1634
   709    866      0   1634
   710    866      0   1634
   711    866      0   1634
   712    866      0   1634
   713    866      0   1634
   714    866      0   1634
   715    866      0   1634
   716    866      0   1634
   717    866      0   1634
   718    866      0   1634
   719    866      0   1634
   720    866      0   1634
   721    866      0   1634
   722    866      0   1634
   723    866      0   1634
   724    866      0   1634
   725    866      0   1634
   726    866      0   1634
   727    866      0   1634
   728    866      0   1634
   729    866      0   1634
   730    866      0   1634
   731    866      0   1634
   732    866      0   1634
   733    866      0   1634
   734    866      0   1634
   735    866      0   1634
   736    866      0   1634
   737    866      0   1634
   738    866      0   1634
   739    866      0   1634
   740    866      0   1634
   741    866      0   1634
   742    866      0   1634
   743    866      0   1634
   744    866      0   1634
   745    866      0   1634
   746    866      0   1634
   747    866      0   1634
   748    866      0   1634
   749    866      0   1634
   750    866      0   1634
   751    866      0   1634
   752    866      0   1634
   753    866      0   1634
   754    866      0   1634
   755    866      0   1634
   756    866      0   1634
   757    866      0   1634
   758    866      0   1634
   759    866      0   1634
   760    866      0   1634
   761    866      0   1634
   762    866      0   1634
   763    866      0   1634
   764    866      0   1634
   765    866      0   1634
   766    866      0   1634
   767    866      0   1634
   768    866      0   1634
   769    866      0   1634
   770    866      0   1634
   771    866      0   1634
   772    866      0   1634
   773    866      0   1634
   774    866      0   1634
   775    866      0   1634
   776    866      0   1634
   777    866      0   1634
   778    866      0   1634
   779    866      0   1634
   780    866      0   1634
   781    866      0   1634
   782    866      0   1634
   783    866      0   1634
   784    866      0   1634
   785    866      0   1634
   786    866      0   1634
   787    866      0   1634
   788    866      0   1634
   789    866      0   1634
   790    866      0   1634
   791    866      0   1634
   792    866      0   1634
   793    866      0   1634
   794    866      0   1634
   795    866      0   1634
   796    866      0   1634
   797    866      0   1634
   798    866      0   1634
   799    866      0   1634
   800    866      0   1634
   801    866      0   1634
   802    866      0   1634
   803    866      0   1634
   804    866      0   1634
   805    866      0   1634
   806    866      0   1634
   807    866      0   1634
   808    866      0   1634
   809    866      0   1634
   810    866      0   1634
   811    866      0   1634
   812    866      0   1634
   813    866      0   1634
   814    866      0   1634
   815    866      0   1634
   816    866      0   1634
   817    866      0   1634
   818    866      0   1634
   819    866      0   1634
   820    866      0   1634
   821    866      0   1634
   822    866      0   1634
   823    866      0   1634
   824    866      0   1634
   825    866      0   1634
   826    866      0   1634
   827    866      0   1634
   828    866      0   1634
   829    866      0   1634
   830    866      0   1634
   831    866      0   1634
   832    866      0   1634
   833    866      0   1634
   834    866      0   1634
   835    866      0   1634
   836    866      0   1634
   837    866      0   1634
   838    866      0   1634
   839    866      0   1634
   840    866      0   1634
   841    866      0   1634
   842    866      0   1634
   843    866      0   1634
   844    866      0   1634
   845    866      0   1634
   846    866      0   1634
   847    866      0   1634
   848    866      0   1634
   849    866      0   1634
   850    866      0   1634
   851    866      0   1634
   852    866      0   1634
   853    866      0   1634
   854    866      0   1634
   855    866      0   1634
   856    866      0   1634
   857    866      0   1634
   858    866      0   1634
   859    866      0   1634
   860    866      0   1634
   861    866      0   1634
   862    866      0   1634
   863    866      0   1634
   864    866      0   1634
   865    866      0   1634
   866    866      0   1634
   867    866      0   1634
   868    866      0   1634
   869    866      0   1634
   870    866      0   1634
   871    866      0   1634
   872    866      0   1634
   873    866      0   1634
   874    866      0   1634
   875    866      0   1634
   876    866      0   1634
   877    866      0   1634
   878    866      0   1634
   879    866      0   1634
   880    866      0   1634
   881    866      0   1634
   882    866      0   1634
   883    866      0   1634
   884    866      0   1634
   885    866      0   1634
   886    866      0   1634
   887    866      0   1634
   888    866      0   1634
   889    866      0   1634
   890    866      0   1634
   891    866      0   1634
   892    866      0   1634
   893    866      0   1634
   894    866      0   1634
   895    866      0   1634
   896    866      0   1634
   897    866      0   1634
   898    866      0   1634
   899    866      0   1634
   900    866      0   1634
   901    866      0   1634
   902    866      0   1634
   903    866      0   1634
   904    866      0   1634
   905    866      0   1634
   906    866      0   1634
   907    866      0   1634
   908    866      0   1634
   909    866      0   1634
   910    866      0   1634
   911    866      0   1634
   912    866      0   1634
   913    866      0   1634
   914    866      0   1634
   915    866      0   1634
   916    866      0   1634
   917    866      0   1634
   918    866      0   1634
   919    866      0   1634
   920    866      0   1634
   921    866      0   1634
   922    866      0   1634
   923    866      0   1634
   924    866      0   1634
   925    866      0   1634
   926    866      0   1634
   927    866      0   1634
   928    866      0   1634
   929    866      0   1634
   930    866      0   1634
   931    866      0   1634
   932    866      0   1634
   933    866      0   1634
   934    866      0   1634
   935    866      0   1634
   936    866      0   1634
   937    866      0   1634
   938    866      0   1634
   939    866      0   1634
   940    866      0   1634
   941    866      0   1634
   942    866      0   1634
   943    866      0   1634
   944    866      0   1634
   945    866      0   1634
   946    866      0   1634
   947    866      0   1634
   948    866      0   1634
   949    866      0   1634
   950    866      0   1634
   951    866      0   1634
   952    866      0   1634
   953    866      0   1634
   954    866      0   1634
   955    866      0   1634
   956    866      0   1634
   957    866      0   1634
   958    866      0   1634
   959    866      0   1634
   960    866      0   1634
   961    866      0   1634
   962    866      0   1634
   963    866      0   1634
   964    866      0   1634
   965    866      0   1634
   966    866      0   1634
   967    866      0   1634
   968    866      0   1634
   969    866      0   1634
   970    866      0   1634
   971    866      0   1634
   972    866      0   1634
   973    866      0   1634
   974    866      0   1634
   975    866      0   1634
   976    866      0   1634
   977    866      0   1634
   978    866      0   1634
   979    866      0   1634
   980    866      0   1634
   981    866      0   1634
   982    866      0   1634
   983    866      0   1634
   984    866      0   1634
   985    866      0   1634
   986    866      0   1634
   987    866      0   1634
   988    866      0   1634
   989    866      0   1634
   990    866      0   1634
   991    866      0   1634
   992    866      0   1634
   993    866      0   1634
   994    866      0   1634
   995    866      0   1634
   996    866      0   1634
   997    866      0   1634
   998    866      0   1634
   999    866      0   1634
  1000    866      0   1634
