# time (sweeps) | Susceptible | Infected | Recovered
     0   1520      0    980
     1   1520      0    980
     2   1520      0    980
     3   1520      0    980
     4   1520      0    980
     5   1520      0    980
     6   1520      0    980
     7   1520      0    980
     8   1520      0    980
     9   1520      0    980
    10   1520      0    980
    11   1520      0    980
    12   1520      0    980
    13   1520      0    980
    14   1520      0    980
    15   1520      0    980
    16   1520      0    980
    17   1520      0    980
    18   1520      0    980
    19   1520      0    980
    20   1520      0    980
    21   1520      0    980
    22   1520      0    980
    23   1520      0    980
    24   1520      0    980
    25   1520      0    980
    26   1520      0    980
    27   1520      0    980
    28   1520      0    980
    29   1520      0    980
    30   1520      0    980
    31   1520      0    980
    32   1520      0    980
    33   1520      0    980
    34   1520      0    980
    35   1520      0    980
    36   1520      0    980
    37   1520      0    980
    38   1520      0    980
    39   1520      0    980
    40   1520      0    980
    41   1520      0    980
    42   1520      0    980
    43   1520      0    980
    44   1520      0    980
    45   1520      0    980
    46   1520      0    980
    47   1520      0    980
    48   1520      0    980
    49   1520      0    980
    50   1520      0    980
    51   1520      0    980
    52   1520      0    980
    53   1520      0    980
    54   1520      0    980
    55   1520      0    980
    56   1520      0    980
    57   1520      0    980
    58   1520      0    980
    59   1520      0    980
    60   1520      0    980
    61   1520      0    980
    62   1520      0    980
    63   1520      0    980
    64   1520      0    980
    65   1520      0    980
    66   1520      0    980
    67   1520      0    980
    68   1520      0    980
    69   1520      0    980
    70   1520      0    980
    71   1520      0    980
    72   1520      0    980
    73   1520      0    980
    74   1520      0    980
    75   1520      0    980
    76   1520      0    980
    77   1520      0    980
    78   1520      0    980
    79   1520      0    980
    80   1520      0    980
    81   1520      0    980
    82   1520      0    980
    83   1520      0    980
    84   1520      0    980
    85   1520      0    980
    86   1520      0    980
    87   1520      0    980
    88   1520      0    980
    89   1520      0    980
    90   1520      0    980
    91   1520      0    980
    92   1520      0    980
    93   1520      0    980
    94   1520      0    980
    95   1520      0    980
    96   1520      0    980
    97   1520      0    980
    98   1520      0    980
    99   1520      0    980
   100   1520      0    980
   101   1520      0    980
   102   1520      0    980
   103   1520      0    980
   104   1520      0    980
   105   1520      0    980
   106   1520      0    980
   107   1520      0    980
   108   1520      0    980
   109   1520      0    980
   110   1520      0    980
   111   1520      0    980
   112   1520      0    980
   113   1520      0    980
   114   1520      0    980
   115   1520      0    980
   116   1520      0    980
   117   1520      0    980
   118   1520      0    980
   119   1520      0    980
   120   1520      0    980
   121   1520      0    980
   122   1520      0    980
   123   1520      0    980
   124   1520      0    980
   125   1520      0    980
   126   1520      0    980
   127   1520      0    980
   128   1520      0    980
   129   1520      0    980
   130   1520      0    980
   131   1520      0    980
   132   1520      0    980
   133   1520      0    980
   134   1520      0    980
   135   1520      0    980
   136   1520      0    980
   137   1520      0    980
   138   1520      0    980
   139   1520      0    980
   140   1520      0    980
   141   1520      0    980
   142   1520      0    980
   143   1520      0    980
   144   1520      0    980
   145   1520      0    980
   146   1520      0    980
   147   1520      0    980
   148   1520      0    980
   149   1520      0    980
   150   1520      0    980
   151   1520      0    980
   152   1520      0    980
   153   1520      0    980
   154   1520      0    980
   155   1520      0    980
   156   1520      0    980
   157   1520      0    980
   158   1520      0    980
   159   1520      0    980
   160   1520      0    980
   161   1520      0    980
   162   1520      0    980
   163   1520      0    980
   164   1520      0    980
   165   1520      0    980
   166   1520      0    980
   167   1520      0    980
   168   1520      0    980
   169   1520      0    980
   170   1520      0    980
   171   1520      0    980
   172   1520      0    980
   173   1520      0    980
   174   1520      0    980
   175   1520      0    980
   176   1520      0    980
   177   1520      0    980
   178   1520      0    980
   179   1520      0    980
   180   1520      0    980
   181   1520      0    980
   182   1520      0    980
   183   1520      0    980
   184   1520      0    980
   185   1520      0    980
   186   1520      0    980
   187   1520      0    980
   188   1520      0    980
   189   1520      0    980
   190   1520      0    980
   191   1520      0    980
   192   1520      0    980
   193   1520      0    980
   194   1520      0    980
   195   1520      0    980
   196   1520      0    980
   197   1520      0    980
   198   1520      0    980
   199   1520      0    980
   200   1520      0    980
   201   1520      0    980
   202   1520      0    980
   203   1520      0    980
   204   1520      0    980
   205   1520      0    980
   206   1520      0    980
   207   1520      0    980
   208   1520      0    980
   209   1520      0    980
   210   1520      0    980
   211   1520      0    980
   212   1520      0    980
   213   1520      0    980
   214   1520      0    980
   215   1520      0    980
   216   1520      0    980
   217   1520      0    980
   218   1520      0    980
   219   1520      0    980
   220   1520      0    980
   221   1520      0    980
   222   1520      0    980
   223   1520      0    980
   224   1520      0    980
   225   1520      0    980
   226   1520      0    980
   227   1520      0    980
   228   1520      0    980
   229   1520      0    980
   230   1520      0    980
   231   1520      0    980
   232   1520      0    980
   233   1520      0    980
   234   1520      0    980
   235   1520      0    980
   236   1520      0    980
   237   1520      0    980
   238   1520      0    980
   239   1520      0    980
   240   1520      0    980
   241   1520      0    980
   242   1520      0    980
   243   1520      0    980
   244   1520      0    980
   245   1520      0    980
   246   1520      0    980
   247   1520      0    980
   248   1520      0    980
   249   1520      0    980
   250   1520      0    980
   251   1520      0    980
   252   1520      0    980
   253   1520      0    980
   254   1520      0    980
   255   1520      0    980
   256   1520      0    980
   257   1520      0    980
   258   1520      0    980
   259   1520      0    980
   260   1520      0    980
   261   1520      0    980
   262   1520      0    980
   263   1520      0    980
   264   1520      0    980
   265   1520      0    980
   266   1520      0    980
   267   1520      0    980
   268   1520      0    980
   269   1520      0    980
   270   1520      0    980
   271   1520      0    980
   272   1520      0    980
   273   1520      0    980
   274   1520      0    980
   275   1520      0    980
   276   1520      0    980
   277   1520      0    980
   278   1520      0    980
   279   1520      0    980
   280   1520      0    980
   281   1520      0    980
   282   1520      0    980
   283   1520      0    980
   284   1520      0    980
   285   1520      0    980
   286   1520      0    980
   287   1520      0    980
   288   1520      0    980
   289   1520      0    980
   290   1520      0    980
   291   1520      0    980
   292   1520      0    980
   293   1520      0    980
   294   1520      0    980
   295   1520      0    980
   296   1520      0    980
   297   1520      0    980
   298   1520      0    980
   299   1520      0    980
   300   1520      0    980
   301   1520      0    980
   302   1520      0    980
   303   1520      0    980
   304   1520      0    980
   305   1520      0    980
   306   1520      0    980
   307   1520      0    980
   308   1520      0    980
   309   1520      0    980
   310   1520      0    980
   311   1520      0    980
   312   1520      0    980
   313   1520      0    980
   314   1520      0    980
   315   1520      0    980
   316   1520      0    980
   317   1520      0    980
   318   1520      0    980
   319   1520      0    980
   320   1520      0    980
   321   1520      0    980
   322   1520      0    980
   323   1520      0    980
   324   1520      0    980
   325   1520      0    980
   326   1520      0    980
   327   1520      0    980
   328   1520      0    980
   329   1520      0    980
   330   1520      0    980
   331   1520      0    980
   332   1520      0    980
   333   1520      0    980
   334   1520      0    980
   335   1520      0    980
   336   1520      0    980
   337   1520      0    980
   338   1520      0    980
   339   1520      0    980
   340   1520      0    980
   341   1520      0    980
   342   1520      0    980
   343   1520      0    980
   344   1520      0    980
   345   1520      0    980
   346   1520      0    980
   347   1520      0    980
   348   1520      0    980
   349   1520      0    980
   350   1520      0    980
   351   1520      0    980
   352   1520      0    980
   353   1520      0    980
   354   1520      0    980
   355   1520      0    980
   356   1520      0    980
   357   1520      0    980
   358   1520      0    980
   359   1520      0    980
   360   1520      0    980
   361   1520      0    980
   362   1520      0    980
   363   1520      0    980
   364   1520      0    980
   365   1520      0    980
   366   1520      0    980
   367   1520      0    980
   368   1520      0    980
   369   1520      0    980
   370   1520      0    980
   371   1520      0    980
   372   1520      0    980
   373   1520      0    980
   374   1520      0    980
   375   1520      0    980
   376   1520      0    980
   377   1520      0    980
   378   1520      0    980
   379   1520      0    980
   380   1520      0    980
   381   1520      0    980
   382   1520      0    980
   383   1520      0    980
   384   1520      0    980
   385   1520      0    980
   386   1520      0    980
   387   1520      0    980
   388   1520      0    980
   389   1520      0    980
   390   1520      0    980
   391   1520      0    980
   392   1520      0    980
   393   1520      0    980
   394   1520      0    980
   395   1520      0    980
   396   1520      0    980
   397   1520      0    980
   398   1520      0    980
   399   1520      0    980
   400   1520      0    980
   401   1520      0    980
   402   1520      0    980
   403   1520      0    980
   404   1520      0    980
   405   1520      0    980
   406   1520      0    980
   407   1520      0    980
   408   1520      0    980
   409   1520      0    980
   410   1520      0    980
   411   1520      0    980
   412   1520      0    980
   413   1520      0    980
   414   1520      0    980
   415   1520      0    980
   416   1520      0    980
   417   1520      0    980
   418   1520      0    980
   419   1520      0    980
   420   1520      0    980
   421   1520      0    980
   422   1520      0    980
   423   1520      0    980
   424   1520      0    980
   425   1520      0    980
   426   1520      0    980
   427   1520      0    980
   428   1520      0    980
   429   1520      0    980
   430   1520      0    980
   431   1520      0    980
   432   1520      0    980
   433   1520      0    980
   434   1520      0    980
   435   1520      0    980
   436   1520      0    980
   437   1520      0    980
   438   1520      0    980
   439   1520      0    980
   440   1520      0    980
   441   1520      0    980
   442   1520      0    980
   443   1520      0    980
   444   1520      0    980
   445   1520      0    980
   446   1520      0    980
   447   1520      0    980
   448   1520      0    980
   449   1520      0    980
   450   1520      0    980
   451   1520      0    980
   452   1520      0    980
   453   1520      0    980
   454   1520      0    980
   455   1520      0    980
   456   1520      0    980
   457   1520      0    980
   458   1520      0    980
   459   1520      0    980
   460   1520      0    980
   461   1520      0    980
   462   1520      0    980
   463   1520      0    980
   464   1520      0    980
   465   1520      0    980
   466   1520      0    980
   467   1520      0    980
   468   1520      0    980
   469   1520      0    980
   470   1520      0    980
   471   1520      0    980
   472   1520      0    980
   473   1520      0    980
   474   1520      0    980
   475   1520      0    980
   476   1520      0    980
   477   1520      0    980
   478   1520      0    980
   479   1520      0    980
   480   1520      0    980
   481   1520      0    980
   482   1520      0    980
   483   1520      0    980
   484   1520      0    980
   485   1520      0    980
   486   1520      0    980
   487   1520      0    980
   488   1520      0    980
   489   1520      0    980
   490   1520      0    980
   491   1520      0    980
   492   1520      0    980
   493   1520      0    980
   494   1520      0    980
   495   1520      0    980
   496   1520      0    980
   497   1520      0    980
   498   1520      0    980
   499   1520      0    980
   500   1520      0    980
   501   1520      0    980
   502   1520      0    980
   503   1520      0    980
   504   1520      0    980
   505   1520      0    980
   506   1520      0    980
   507   1520      0    980
   508   1520      0    980
   509   1520      0    980
   510   1520      0    980
   511   1520      0    980
   512   1520      0    980
   513   1520      0    980
   514   1520      0    980
   515   1520      0    980
   516   1520      0    980
   517   1520      0    980
   518   1520      0    980
   519   1520      0    980
   520   1520      0    980
   521   1520      0    980
   522   1520      0    980
   523   1520      0    980
   524   1520      0    980
   525   1520      0    980
   526   1520      0    980
   527   1520      0    980
   528   1520      0    980
   529   1520      0    980
   530   1520      0    980
   531   1520      0    980
   532   1520      0    980
   533   1520      0    980
   534   1520      0    980
   535   1520      0    980
   536   1520      0    980
   537   1520      0    980
   538   1520      0    980
   539   1520      0    980
   540   1520      0    980
   541   1520      0    980
   542   1520      0    980
   543   1520      0    980
   544   1520      0    980
   545   1520      0    980
   546   1520      0    980
   547   1520      0    980
   548   1520      0    980
   549   1520      0    980
   550   1520      0    980
   551   1520      0    980
   552   1520      0    980
   553   1520      0    980
   554   1520      0    980
   555   1520      0    980
   556   1520      0    980
   557   1520      0    980
   558   1520      0    980
   559   1520      0    980
   560   1520      0    980
   561   1520      0    980
   562   1520      0    980
   563   1520      0    980
   564   1520      0    980
   565   1520      0    980
   566   1520      0    980
   567   1520      0    980
   568   1520      0    980
   569   1520      0    980
   570   1520      0    980
   571   1520      0    980
   572   1520      0    980
   573   1520      0    980
   574   1520      0    980
   575   1520      0    980
   576   1520      0    980
   577   1520      0    980
   578   1520      0    980
   579   1520      0    980
   580   1520      0    980
   581   1520      0    980
   582   1520      0    980
   583   1520      0    980
   584   1520      0    980
   585   1520      0    980
   586   1520      0    980
   587   1520      0    980
   588   1520      0    980
   589   1520      0    980
   590   1520      0    980
   591   1520      0    980
   592   1520      0    980
   593   1520      0    980
   594   1520      0    980
   595   1520      0    980
   596   1520      0    980
   597   1520      0    980
   598   1520      0    980
   599   1520      0    980
   600   1520      0    980
   601   1520      0    980
   602   1520      0    980
   603   1520      0    980
   604   1520      0    980
   605   1520      0    980
   606   1520      0    980
   607   1520      0    980
   608   1520      0    980
   609   1520      0    980
   610   1520      0    980
   611   1520      0    980
   612   1520      0    980
   613   1520      0    980
   614   1520      0    980
   615   1520      0    980
   616   1520      0    980
   617   1520      0    980
   618   1520      0    980
   619   1520      0    980
   620   1520      0    980
   621   1520      0    980
   622   1520      0    980
   623   1520      0    980
   624   1520      0    980
   625   1520      0    980
   626   1520      0    980
   627   1520      0    980
   628   1520      0    980
   629   1520      0    980
   630   1520      0    980
   631   1520      0    980
   632   1520      0    980
   633   1520      0    980
   634   1520      0    980
   635   1520      0    980
   636   1520      0    980
   637   1520      0    980
   638   1520      0    980
   639   1520      0    980
   640   1520      0    980
   641   1520      0    980
   642   1520      0    980
   643   1520      0    980
   644   1520      0    980
   645   1520      0    980
   646   1520      0    980
   647   1520      0    980
   648   1520      0    980
   649   1520      0    980
   650   1520      0    980
   651   1520      0    980
   652   1520      0    980
   653   1520      0    980
   654   1520      0    980
   655   1520      0    980
   656   1520      0    980
   657   1520      0    980
   658   1520      0    980
   659   1520      0    980
   660   1520      0    980
   661   1520      0    980
   662   1520      0    980
   663   1520      0    980
   664   1520      0    980
   665   1520      0    980
   666   1520      0    980
   667   1520      0    980
   668   1520      0    980
   669   1520      0    980
   670   1520      0    980
   671   1520      0    980
   672   1520      0    980
   673   1520      0    980
   674   1520      0    980
   675   1520      0    980
   676   1520      0    980
   677   1520      0    980
   678   1520      0    980
   679   1520      0    980
   680   1520      0    980
   681   1520      0    980
   682   1520      0    980
   683   1520      0    980
   684   1520      0    980
   685   1520      0    980
   686   1520      0    980
   687   1520      0    980
   688   1520      0    980
   689   1520      0    980
   690   1520      0    980
   691   1520      0    980
   692   1520      0    980
   693   1520      0    980
   694   1520      0    980
   695   1520      0    980
   696   1520      0    980
   697   1520      0    980
   698   1520      0    980
   699   1520      0    980
   700   1520      0    980
   701   1520      0    980
   702   1520      0    980
   703   1520      0    980
   704   1520      0    980
   705   1520      0    980
   706   1520      0    980
   707   1520      0    980
   708   1520      0    980
   709   1520      0    980
   710   1520      0    980
   711   1520      0    980
   712   1520      0    980
   713   1520      0    980
   714   1520      0    980
   715   1520      0    980
   716   1520      0    980
   717   1520      0    980
   718   1520      0    980
   719   1520      0    980
   720   1520      0    980
   721   1520      0    980
   722   1520      0    980
   723   1520      0    980
   724   1520      0    980
   725   1520      0    980
   726   1520      0    980
   727   1520      0    980
   728   1520      0    980
   729   1520      0    980
   730   1520      0    980
   731   1520      0    980
   732   1520      0    980
   733   1520      0    980
   734   1520      0    980
   735   1520      0    980
   736   1520      0    980
   737   1520      0    980
   738   1520      0    980
   739   1520      0    980
   740   1520      0    980
   741   1520      0    980
   742   1520      0    980
   743   1520      0    980
   744   1520      0    980
   745   1520      0    980
   746   1520      0    980
   747   1520      0    980
   748   1520      0    980
   749   1520      0    980
   750   1520      0    980
   751   1520      0    980
   752   1520      0    980
   753   1520      0    980
   754   1520      0    980
   755   1520      0    980
   756   1520      0    980
   757   1520      0    980
   758   1520      0    980
   759   1520      0    980
   760   1520      0    980
   761   1520      0    980
   762   1520      0    980
   763   1520      0    980
   764   1520      0    980
   765   1520      0    980
   766   1520      0    980
   767   1520      0    980
   768   1520      0    980
   769   1520      0    980
   770   1520      0    980
   771   1520      0    980
   772   1520      0    980
   773   1520      0    980
   774   1520      0    980
   775   1520      0    980
   776   1520      0    980
   777   1520      0    980
   778   1520      0    980
   779   1520      0    980
   780   1520      0    980
   781   1520      0    980
   782   1520      0    980
   783   1520      0    980
   784   1520      0    980
   785   1520      0    980
   786   1520      0    980
   787   1520      0    980
   788   1520      0    980
   789   1520      0    980
   790   1520      0    980
   791   1520      0    980
   792   1520      0    980
   793   1520      0    980
   794   1520      0    980
   795   1520      0    980
   796   1520      0    980
   797   1520      0    980
   798   1520      0    980
   799   1520      0    980
   800   1520      0    980
   801   1520      0    980
   802   1520      0    980
   803   1520      0    980
   804   1520      0    980
   805   1520      0    980
   806   1520      0    980
   807   1520      0    980
   808   1520      0    980
   809   1520      0    980
   810   1520      0    980
   811   1520      0    980
   812   1520      0    980
   813   1520      0    980
   814   1520      0    980
   815   1520      0    980
   816   1520      0    980
   817   1520      0    980
   818   1520      0    980
   819   1520      0    980
   820   1520      0    980
   821   1520      0    980
   822   1520      0    980
   823   1520      0    980
   824   1520      0    980
   825   1520      0    980
   826   1520      0    980
   827   1520      0    980
   828   1520      0    980
   829   1520      0    980
   830   1520      0    980
   831   1520      0    980
   832   1520      0    980
   833   1520      0    980
   834   1520      0    980
   835   1520      0    980
   836   1520      0    980
   837   1520      0    980
   838   1520      0    980
   839   1520      0    980
   840   1520      0    980
   841   1520      0    980
   842   1520      0    980
   843   1520      0    980
   844   1520      0    980
   845   1520      0    980
   846   1520      0    980
   847   1520      0    980
   848   1520      0    980
   849   1520      0    980
   850   1520      0    980
   851   1520      0    980
   852   1520      0    980
   853   1520      0    980
   854   1520      0    980
   855   1520      0    980
   856   1520      0    980
   857   1520      0    980
   858   1520      0    980
   859   1520      0    980
   860   1520      0    980
   861   1520      0    980
   862   1520      0    980
   863   1520      0    980
   864   1520      0    980
   865   1520      0    980
   866   1520      0    980
   867   1520      0    980
   868   1520      0    980
   869   1520      0    980
   870   1520      0    980
   871   1520      0    980
   872   1520      0    980
   873   1520      0    980
   874   1520      0    980
   875   1520      0    980
   876   1520      0    980
   877   1520      0    980
   878   1520      0    980
   879   1520      0    980
   880   1520      0    980
   881   1520      0    980
   882   1520      0    980
   883   1520      0    980
   884   1520      0    980
   885   1520      0    980
   886   1520      0    980
   887   1520      0    980
   888   1520      0    980
   889   1520      0    980
   890   1520      0    980
   891   1520      0    980
   892   1520      0    980
   893   1520      0    980
   894   1520      0    980
   895   1520      0    980
   896   1520      0    980
   897   1520      0    980
   898   1520      0    980
   899   1520      0    980
   900   1520      0    980
   901   1520      0    980
   902   1520      0    980
   903   1520      0    980
   904   1520      0    980
   905   1520      0    980
   906   1520      0    980
   907   1520      0    980
   908   1520      0    980
   909   1520      0    980
   910   1520      0    980
   911   1520      0    980
   912   1520      0    980
   913   1520      0    980
   914   1520      0    980
   915   1520      0    980
   916   1520      0    980
   917   1520      0    980
   918   1520      0    980
   919   1520      0    980
   920   1520      0    980
   921   1520      0    980
   922   1520      0    980
   923   1520      0    980
   924   1520      0    980
   925   1520      0    980
   926   1520      0    980
   927   1520      0    980
   928   1520      0    980
   929   1520      0    980
   930   1520      0    980
   931   1520      0    980
   932   1520      0    980
   933   1520      0    980
   934   1520      0    980
   935   1520      0    980
   936   1520      0    980
   937   1520      0    980
   938   1520      0    980
   939   1520      0    980
   940   1520      0    980
   941   1520      0    980
   942   1520      0    980
   943   1520      0    980
   944   1520      0    980
   945   1520      0    980
   946   1520      0    980
   947   1520      0    980
   948   1520      0    980
   949   1520      0    980
   950   1520      0    980
   951   1520      0    980
   952   1520      0    980
   953   1520      0    980
   954   1520      0    980
   955   1520      0    980
   956   1520      0    980
   957   1520      0    980
   958   1520      0    980
   959   1520      0    980
   960   1520      0    980
   961   1520      0    980
   962   1520      0    980
   963   1520      0    980
   964   1520      0    980
   965   1520      0    980
   966   1520      0    980
   967   1520      0    980
   968   1520      0    980
   969   1520      0    980
   970   1520      0    980
   971   1520      0    980
   972   1520      0    980
   973   1520      0    980
   974   1520      0    980
   975   1520      0    980
   976   1520      0    980
   977   1520      0    980
   978   1520      0    980
   979   1520      0    980
   980   1520      0    980
   981   1520      0    980
   982   1520      0    980
   983   1520      0    980
   984   1520      0    980
   985   1520      0    980
   986   1520      0    980
   987   1520      0    980
   988   1520      0    980
   989   1520      0    980
   990   1520      0    980
   991   1520      0    980
   992   1520      0    980
   993   1520      0    980
   994   1520      0    980
   995   1520      0    980
   996   1520      0    980
   997   1520      0    980
   998   1520      0    980
   999   1520      0    980
  1000   1520      0    980
