# time (sweeps) | Susceptible | Infected | Recovered
     0   1582     19    899
     1   1592      9    899
     2   1594     11    895
     3   1589     13    898
     4   1590     11    899
     5   1597      5    898
     6   1600      4    896
     7   1605      4    891
     8   1608      3    889
     9   1610      2    888
    10   1610      1    889
    11   1611      0    889
    12   1614      0    886
    13   1614      0    886
    14   1614      0    886
    15   1614      0    886
    16   1614      0    886
    17   1614      0    886
    18   1614      0    886
    19   1614      0    886
    20   1614      0    886
    21   1614      0    886
    22   1614      0    886
    23   1614      0    886
    24   1614      0    886
    25   1614      0    886
    26   1614      0    886
    27   1614      0    886
    28   1614      0    886
    29   1614      0    886
    30   1614      0    886
    31   1614      0    886
    32   1614      0    886
    33   1614      0    886
    34   1614      0    886
    35   1614      0    886
    36   1614      0    886
    37   1614      0    886
    38   1614      0    886
    39   1614      0    886
    40   1614      0    886
    41   1614      0    886
    42   1614      0    886
    43   1614      0    886
    44   1614      0    886
    45   1614      0    886
    46   1614      0    886
    47   1614      0    886
    48   1614      0    886
    49   1614      0    886
    50   1614      0    886
    51   1614      0    886
    52   1614      0    886
    53   1614      0    886
    54   1614      0    886
    55   1614      0    886
    56   1614      0    886
    57   1614      0    886
    58   1614      0    886
    59   1614      0    886
    60   1614      0    886
    61   1614      0    886
    62   1614      0    886
    63   1614      0    886
    64   1614      0    886
    65   1614      0    886
    66   1614      0    886
    67   1614      0    886
    68   1614      0    886
    69   1614      0    886
    70   1614      0    886
    71   1614      0    886
    72   1614      0    886
    73   1614      0    886
    74   1614      0    886
    75   1614      0    886
    76   1614      0    886
    77   1614      0    886
    78   1614      0    886
    79   1614      0    886
    80   1614      0    886
    81   1614      0    886
    82   1614      0    886
    83   1614      0    886
    84   1614      0    886
    85   1614      0    886
    86   1614      0    886
    87   1614      0    886
    88   1614      0    886
    89   1614      0    886
    90   1614      0    886
    91   1614      0    886
    92   1614      0    886
    93   1614      0    886
    94   1614      0    886
    95   1614      0    886
    96   1614      0    886
    97   1614      0    886
    98   1614      0    886
    99   1614      0    886
   100   1614      0    886
   101   1614      0    886
   102   1614      0    886
   103   1614      0    886
   104   1614      0    886
   105   1614      0    886
   106   1614      0    886
   107   1614      0    886
   108   1614      0    886
   109   1614      0    886
   110   1614      0    886
   111   1614      0    886
   112   1614      0    886
   113   1614      0    886
   114   1614      0    886
   115   1614      0    886
   116   1614      0    886
   117   1614      0    886
   118   1614      0    886
   119   1614      0    886
   120   1614      0    886
   121   1614      0    886
   122   1614      0    886
   123   1614      0    886
   124   1614      0    886
   125   1614      0    886
   126   1614      0    886
   127   1614      0    886
   128   1614      0    886
   129   1614      0    886
   130   1614      0    886
   131   1614      0    886
   132   1614      0    886
   133   1614      0    886
   134   1614      0    886
   135   1614      0    886
   136   1614      0    886
   137   1614      0    886
   138   1614      0    886
   139   1614      0    886
   140   1614      0    886
   141   1614      0    886
   142   1614      0    886
   143   1614      0    886
   144   1614      0    886
   145   1614      0    886
   146   1614      0    886
   147   1614      0    886
   148   1614      0    886
   149   1614      0    886
   150   1614      0    886
   151   1614      0    886
   152   1614      0    886
   153   1614      0    886
   154   1614      0    886
   155   1614      0    886
   156   1614      0    886
   157   1614      0    886
   158   1614      0    886
   159   1614      0    886
   160   1614      0    886
   161   1614      0    886
   162   1614      0    886
   163   1614      0    886
   164   1614      0    886
   165   1614      0    886
   166   1614      0    886
   167   1614      0    886
   168   1614      0    886
   169   1614      0    886
   170   1614      0    886
   171   1614      0    886
   172   1614      0    886
   173   1614      0    886
   174   1614      0    886
   175   1614      0    886
   176   1614      0    886
   177   1614      0    886
   178   1614      0    886
   179   1614      0    886
   180   1614      0    886
   181   1614      0    886
   182   1614      0    886
   183   1614      0    886
   184   1614      0    886
   185   1614      0    886
   186   1614      0    886
   187   1614      0    886
   188   1614      0    886
   189   1614      0    886
   190   1614      0    886
   191   1614      0    886
   192   1614      0    886
   193   1614      0    886
   194   1614      0    886
   195   1614      0    886
   196   1614      0    886
   197   1614      0    886
   198   1614      0    886
   199   1614      0    886
   200   1614      0    886
   201   1614      0    886
   202   1614      0    886
   203   1614      0    886
   204   1614      0    886
   205   1614      0    886
   206   1614      0    886
   207   1614      0    886
   208   1614      0    886
   209   1614      0    886
   210   1614      0    886
   211   1614      0    886
   212   1614      0    886
   213   1614      0    886
   214   1614      0    886
   215   1614      0    886
   216   1614      0    886
   217   1614      0    886
   218   1614      0    886
   219   1614      0    886
   220   1614      0    886
   221   1614      0    886
   222   1614      0    886
   223   1614      0    886
   224   1614      0    886
   225   1614      0    886
   226   1614      0    886
   227   1614      0    886
   228   1614      0    886
   229   1614      0    886
   230   1614      0    886
   231   1614      0    886
   232   1614      0    886
   233   1614      0    886
   234   1614      0    886
   235   1614      0    886
   236   1614      0    886
   237   1614      0    886
   238   1614      0    886
   239   1614      0    886
   240   1614      0    886
   241   1614      0    886
   242   1614      0    886
   243   1614      0    886
   244   1614      0    886
   245   1614      0    886
   246   1614      0    886
   247   1614      0    886
   248   1614      0    886
   249   1614      0    886
   250   1614      0    886
   251   1614      0    886
   252   1614      0    886
   253   1614      0    886
   254   1614      0    886
   255   1614      0    886
   256   1614      0    886
   257   1614      0    886
   258   1614      0    886
   259   1614      0    886
   260   1614      0    886
   261   1614      0    886
   262   1614      0    886
   263   1614      0    886
   264   1614      0    886
   265   1614      0    886
   266   1614      0    886
   267   1614      0    886
   268   1614      0    886
   269   1614      0    886
   270   1614      0    886
   271   1614      0    886
   272   1614      0    886
   273   1614      0    886
   274   1614      0    886
   275   1614      0    886
   276   1614      0    886
   277   1614      0    886
   278   1614      0    886
   279   1614      0    886
   280   1614      0    886
   281   1614      0    886
   282   1614      0    886
   283   1614      0    886
   284   1614      0    886
   285   1614      0    886
   286   1614      0    886
   287   1614      0    886
   288   1614      0    886
   289   1614      0    886
   290   1614      0    886
   291   1614      0    886
   292   1614      0    886
   293   1614      0    886
   294   1614      0    886
   295   1614      0    886
   296   1614      0    886
   297   1614      0    886
   298   1614      0    886
   299   1614      0    886
   300   1614      0    886
   301   1614      0    886
   302   1614      0    886
   303   1614      0    886
   304   1614      0    886
   305   1614      0    886
   306   1614      0    886
   307   1614      0    886
   308   1614      0    886
   309   1614      0    886
   310   1614      0    886
   311   1614      0    886
   312   1614      0    886
   313   1614      0    886
   314   1614      0    886
   315   1614      0    886
   316   1614      0    886
   317   1614      0    886
   318   1614      0    886
   319   1614      0    886
   320   1614      0    886
   321   1614      0    886
   322   1614      0    886
   323   1614      0    886
   324   1614      0    886
   325   1614      0    886
   326   1614      0    886
   327   1614      0    886
   328   1614      0    886
   329   1614      0    886
   330   1614      0    886
   331   1614      0    886
   332   1614      0    886
   333   1614      0    886
   334   1614      0    886
   335   1614      0    886
   336   1614      0    886
   337   1614      0    886
   338   1614      0    886
   339   1614      0    886
   340   1614      0    886
   341   1614      0    886
   342   1614      0    886
   343   1614      0    886
   344   1614      0    886
   345   1614      0    886
   346   1614      0    886
   347   1614      0    886
   348   1614      0    886
   349   1614      0    886
   350   1614      0    886
   351   1614      0    886
   352   1614      0    886
   353   1614      0    886
   354   1614      0    886
   355   1614      0    886
   356   1614      0    886
   357   1614      0    886
   358   1614      0    886
   359   1614      0    886
   360   1614      0    886
   361   1614      0    886
   362   1614      0    886
   363   1614      0    886
   364   1614      0    886
   365   1614      0    886
   366   1614      0    886
   367   1614      0    886
   368   1614      0    886
   369   1614      0    886
   370   1614      0    886
   371   1614      0    886
   372   1614      0    886
   373   1614      0    886
   374   1614      0    886
   375   1614      0    886
   376   1614      0    886
   377   1614      0    886
   378   1614      0    886
   379   1614      0    886
   380   1614      0    886
   381   1614      0    886
   382   1614      0    886
   383   1614      0    886
   384   1614      0    886
   385   1614      0    886
   386   1614      0    886
   387   1614      0    886
   388   1614      0    886
   389   1614      0    886
   390   1614      0    886
   391   1614      0    886
   392   1614      0    886
   393   1614      0    886
   394   1614      0    886
   395   1614      0    886
   396   1614      0    886
   397   1614      0    886
   398   1614      0    886
   399   1614      0    886
   400   1614      0    886
   401   1614      0    886
   402   1614      0    886
   403   1614      0    886
   404   1614      0    886
   405   1614      0    886
   406   1614      0    886
   407   1614      0    886
   408   1614      0    886
   409   1614      0    886
   410   1614      0    886
   411   1614      0    886
   412   1614      0    886
   413   1614      0    886
   414   1614      0    886
   415   1614      0    886
   416   1614      0    886
   417   1614      0    886
   418   1614      0    886
   419   1614      0    886
   420   1614      0    886
   421   1614      0    886
   422   1614      0    886
   423   1614      0    886
   424   1614      0    886
   425   1614      0    886
   426   1614      0    886
   427   1614      0    886
   428   1614      0    886
   429   1614      0    886
   430   1614      0    886
   431   1614      0    886
   432   1614      0    886
   433   1614      0    886
   434   1614      0    886
   435   1614      0    886
   436   1614      0    886
   437   1614      0    886
   438   1614      0    886
   439   1614      0    886
   440   1614      0    886
   441   1614      0    886
   442   1614      0    886
   443   1614      0    886
   444   1614      0    886
   445   1614      0    886
   446   1614      0    886
   447   1614      0    886
   448   1614      0    886
   449   1614      0    886
   450   1614      0    886
   451   1614      0    886
   452   1614      0    886
   453   1614      0    886
   454   1614      0    886
   455   1614      0    886
   456   1614      0    886
   457   1614      0    886
   458   1614      0    886
   459   1614      0    886
   460   1614      0    886
   461   1614      0    886
   462   1614      0    886
   463   1614      0    886
   464   1614      0    886
   465   1614      0    886
   466   1614      0    886
   467   1614      0    886
   468   1614      0    886
   469   1614      0    886
   470   1614      0    886
   471   1614      0    886
   472   1614      0    886
   473   1614      0    886
   474   1614      0    886
   475   1614      0    886
   476   1614      0    886
   477   1614      0    886
   478   1614      0    886
   479   1614      0    886
   480   1614      0    886
   481   1614      0    886
   482   1614      0    886
   483   1614      0    886
   484   1614      0    886
   485   1614      0    886
   486   1614      0    886
   487   1614      0    886
   488   1614      0    886
   489   1614      0    886
   490   1614      0    886
   491   1614      0    886
   492   1614      0    886
   493   1614      0    886
   494   1614      0    886
   495   1614      0    886
   496   1614      0    886
   497   1614      0    886
   498   1614      0    886
   499   1614      0    886
   500   1614      0    886
   501   1614      0    886
   502   1614      0    886
   503   1614      0    886
   504   1614      0    886
   505   1614      0    886
   506   1614      0    886
   507   1614      0    886
   508   1614      0    886
   509   1614      0    886
   510   1614      0    886
   511   1614      0    886
   512   1614      0    886
   513   1614      0    886
   514   1614      0    886
   515   1614      0    886
   516   1614      0    886
   517   1614      0    886
   518   1614      0    886
   519   1614      0    886
   520   1614      0    886
   521   1614      0    886
   522   1614      0    886
   523   1614      0    886
   524   1614      0    886
   525   1614      0    886
   526   1614      0    886
   527   1614      0    886
   528   1614      0    886
   529   1614      0    886
   530   1614      0    886
   531   1614      0    886
   532   1614      0    886
   533   1614      0    886
   534   1614      0    886
   535   1614      0    886
   536   1614      0    886
   537   1614      0    886
   538   1614      0    886
   539   1614      0    886
   540   1614      0    886
   541   1614      0    886
   542   1614      0    886
   543   1614      0    886
   544   1614      0    886
   545   1614      0    886
   546   1614      0    886
   547   1614      0    886
   548   1614      0    886
   549   1614      0    886
   550   1614      0    886
   551   1614      0    886
   552   1614      0    886
   553   1614      0    886
   554   1614      0    886
   555   1614      0    886
   556   1614      0    886
   557   1614      0    886
   558   1614      0    886
   559   1614      0    886
   560   1614      0    886
   561   1614      0    886
   562   1614      0    886
   563   1614      0    886
   564   1614      0    886
   565   1614      0    886
   566   1614      0    886
   567   1614      0    886
   568   1614      0    886
   569   1614      0    886
   570   1614      0    886
   571   1614      0    886
   572   1614      0    886
   573   1614      0    886
   574   1614      0    886
   575   1614      0    886
   576   1614      0    886
   577   1614      0    886
   578   1614      0    886
   579   1614      0    886
   580   1614      0    886
   581   1614      0    886
   582   1614      0    886
   583   1614      0    886
   584   1614      0    886
   585   1614      0    886
   586   1614      0    886
   587   1614      0    886
   588   1614      0    886
   589   1614      0    886
   590   1614      0    886
   591   1614      0    886
   592   1614      0    886
   593   1614      0    886
   594   1614      0    886
   595   1614      0    886
   596   1614      0    886
   597   1614      0    886
   598   1614      0    886
   599   1614      0    886
   600   1614      0    886
   601   1614      0    886
   602   1614      0    886
   603   1614      0    886
   604   1614      0    886
   605   1614      0    886
   606   1614      0    886
   607   1614      0    886
   608   1614      0    886
   609   1614      0    886
   610   1614      0    886
   611   1614      0    886
   612   1614      0    886
   613   1614      0    886
   614   1614      0    886
   615   1614      0    886
   616   1614      0    886
   617   1614      0    886
   618   1614      0    886
   619   1614      0    886
   620   1614      0    886
   621   1614      0    886
   622   1614      0    886
   623   1614      0    886
   624   1614      0    886
   625   1614      0    886
   626   1614      0    886
   627   1614      0    886
   628   1614      0    886
   629   1614      0    886
   630   1614      0    886
   631   1614      0    886
   632   1614      0    886
   633   1614      0    886
   634   1614      0    886
   635   1614      0    886
   636   1614      0    886
   637   1614      0    886
   638   1614      0    886
   639   1614      0    886
   640   1614      0    886
   641   1614      0    886
   642   1614      0    886
   643   1614      0    886
   644   1614      0    886
   645   1614      0    886
   646   1614      0    886
   647   1614      0    886
   648   1614      0    886
   649   1614      0    886
   650   1614      0    886
   651   1614      0    886
   652   1614      0    886
   653   1614      0    886
   654   1614      0    886
   655   1614      0    886
   656   1614      0    886
   657   1614      0    886
   658   1614      0    886
   659   1614      0    886
   660   1614      0    886
   661   1614      0    886
   662   1614      0    886
   663   1614      0    886
   664   1614      0    886
   665   1614      0    886
   666   1614      0    886
   667   1614      0    886
   668   1614      0    886
   669   1614      0    886
   670   1614      0    886
   671   1614      0    886
   672   1614      0    886
   673   1614      0    886
   674   1614      0    886
   675   1614      0    886
   676   1614      0    886
   677   1614      0    886
   678   1614      0    886
   679   1614      0    886
   680   1614      0    886
   681   1614      0    886
   682   1614      0    886
   683   1614      0    886
   684   1614      0    886
   685   1614      0    886
   686   1614      0    886
   687   1614      0    886
   688   1614      0    886
   689   1614      0    886
   690   1614      0    886
   691   1614      0    886
   692   1614      0    886
   693   1614      0    886
   694   1614      0    886
   695   1614      0    886
   696   1614      0    886
   697   1614      0    886
   698   1614      0    886
   699   1614      0    886
   700   1614      0    886
   701   1614      0    886
   702   1614      0    886
   703   1614      0    886
   704   1614      0    886
   705   1614      0    886
   706   1614      0    886
   707   1614      0    886
   708   1614      0    886
   709   1614      0    886
   710   1614      0    886
   711   1614      0    886
   712   1614      0    886
   713   1614      0    886
   714   1614      0    886
   715   1614      0    886
   716   1614      0    886
   717   1614      0    886
   718   1614      0    886
   719   1614      0    886
   720   1614      0    886
   721   1614      0    886
   722   1614      0    886
   723   1614      0    886
   724   1614      0    886
   725   1614      0    886
   726   1614      0    886
   727   1614      0    886
   728   1614      0    886
   729   1614      0    886
   730   1614      0    886
   731   1614      0    886
   732   1614      0    886
   733   1614      0    886
   734   1614      0    886
   735   1614      0    886
   736   1614      0    886
   737   1614      0    886
   738   1614      0    886
   739   1614      0    886
   740   1614      0    886
   741   1614      0    886
   742   1614      0    886
   743   1614      0    886
   744   1614      0    886
   745   1614      0    886
   746   1614      0    886
   747   1614      0    886
   748   1614      0    886
   749   1614      0    886
   750   1614      0    886
   751   1614      0    886
   752   1614      0    886
   753   1614      0    886
   754   1614      0    886
   755   1614      0    886
   756   1614      0    886
   757   1614      0    886
   758   1614      0    886
   759   1614      0    886
   760   1614      0    886
   761   1614      0    886
   762   1614      0    886
   763   1614      0    886
   764   1614      0    886
   765   1614      0    886
   766   1614      0    886
   767   1614      0    886
   768   1614      0    886
   769   1614      0    886
   770   1614      0    886
   771   1614      0    886
   772   1614      0    886
   773   1614      0    886
   774   1614      0    886
   775   1614      0    886
   776   1614      0    886
   777   1614      0    886
   778   1614      0    886
   779   1614      0    886
   780   1614      0    886
   781   1614      0    886
   782   1614      0    886
   783   1614      0    886
   784   1614      0    886
   785   1614      0    886
   786   1614      0    886
   787   1614      0    886
   788   1614      0    886
   789   1614      0    886
   790   1614      0    886
   791   1614      0    886
   792   1614      0    886
   793   1614      0    886
   794   1614      0    886
   795   1614      0    886
   796   1614      0    886
   797   1614      0    886
   798   1614      0    886
   799   1614      0    886
   800   1614      0    886
   801   1614      0    886
   802   1614      0    886
   803   1614      0    886
   804   1614      0    886
   805   1614      0    886
   806   1614      0    886
   807   1614      0    886
   808   1614      0    886
   809   1614      0    886
   810   1614      0    886
   811   1614      0    886
   812   1614      0    886
   813   1614      0    886
   814   1614      0    886
   815   1614      0    886
   816   1614      0    886
   817   1614      0    886
   818   1614      0    886
   819   1614      0    886
   820   1614      0    886
   821   1614      0    886
   822   1614      0    886
   823   1614      0    886
   824   1614      0    886
   825   1614      0    886
   826   1614      0    886
   827   1614      0    886
   828   1614      0    886
   829   1614      0    886
   830   1614      0    886
   831   1614      0    886
   832   1614      0    886
   833   1614      0    886
   834   1614      0    886
   835   1614      0    886
   836   1614      0    886
   837   1614      0    886
   838   1614      0    886
   839   1614      0    886
   840   1614      0    886
   841   1614      0    886
   842   1614      0    886
   843   1614      0    886
   844   1614      0    886
   845   1614      0    886
   846   1614      0    886
   847   1614      0    886
   848   1614      0    886
   849   1614      0    886
   850   1614      0    886
   851   1614      0    886
   852   1614      0    886
   853   1614      0    886
   854   1614      0    886
   855   1614      0    886
   856   1614      0    886
   857   1614      0    886
   858   1614      0    886
   859   1614      0    886
   860   1614      0    886
   861   1614      0    886
   862   1614      0    886
   863   1614      0    886
   864   1614      0    886
   865   1614      0    886
   866   1614      0    886
   867   1614      0    886
   868   1614      0    886
   869   1614      0    886
   870   1614      0    886
   871   1614      0    886
   872   1614      0    886
   873   1614      0    886
   874   1614      0    886
   875   1614      0    886
   876   1614      0    886
   877   1614      0    886
   878   1614      0    886
   879   1614      0    886
   880   1614      0    886
   881   1614      0    886
   882   1614      0    886
   883   1614      0    886
   884   1614      0    886
   885   1614      0    886
   886   1614      0    886
   887   1614      0    886
   888   1614      0    886
   889   1614      0    886
   890   1614      0    886
   891   1614      0    886
   892   1614      0    886
   893   1614      0    886
   894   1614      0    886
   895   1614      0    886
   896   1614      0    886
   897   1614      0    886
   898   1614      0    886
   899   1614      0    886
   900   1614      0    886
   901   1614      0    886
   902   1614      0    886
   903   1614      0    886
   904   1614      0    886
   905   1614      0    886
   906   1614      0    886
   907   1614      0    886
   908   1614      0    886
   909   1614      0    886
   910   1614      0    886
   911   1614      0    886
   912   1614      0    886
   913   1614      0    886
   914   1614      0    886
   915   1614      0    886
   916   1614      0    886
   917   1614      0    886
   918   1614      0    886
   919   1614      0    886
   920   1614      0    886
   921   1614      0    886
   922   1614      0    886
   923   1614      0    886
   924   1614      0    886
   925   1614      0    886
   926   1614      0    886
   927   1614      0    886
   928   1614      0    886
   929   1614      0    886
   930   1614      0    886
   931   1614      0    886
   932   1614      0    886
   933   1614      0    886
   934   1614      0    886
   935   1614      0    886
   936   1614      0    886
   937   1614      0    886
   938   1614      0    886
   939   1614      0    886
   940   1614      0    886
   941   1614      0    886
   942   1614      0    886
   943   1614      0    886
   944   1614      0    886
   945   1614      0    886
   946   1614      0    886
   947   1614      0    886
   948   1614      0    886
   949   1614      0    886
   950   1614      0    886
   951   1614      0    886
   952   1614      0    886
   953   1614      0    886
   954   1614      0    886
   955   1614      0    886
   956   1614      0    886
   957   1614      0    886
   958   1614      0    886
   959   1614      0    886
   960   1614      0    886
   961   1614      0    886
   962   1614      0    886
   963   1614      0    886
   964   1614      0    886
   965   1614      0    886
   966   1614      0    886
   967   1614      0    886
   968   1614      0    886
   969   1614      0    886
   970   1614      0    886
   971   1614      0    886
   972   1614      0    886
   973   1614      0    886
   974   1614      0    886
   975   1614      0    886
   976   1614      0    886
   977   1614      0    886
   978   1614      0    886
   979   1614      0    886
   980   1614      0    886
   981   1614      0    886
   982   1614      0    886
   983   1614      0    886
   984   1614      0    886
   985   1614      0    886
   986   1614      0    886
   987   1614      0    886
   988   1614      0    886
   989   1614      0    886
   990   1614      0    886
   991   1614      0    886
   992   1614      0    886
   993   1614      0    886
   994   1614      0    886
   995   1614      0    886
   996   1614      0    886
   997   1614      0    886
   998   1614      0    886
   999   1614      0    886
  1000   1614      0    886
