# time (sweeps) | Susceptible | Infected | Recovered
     0   1495    224    781
     1   1502    223    775
     2   1493    229    778
     3   1498    230    772
     4   1510    212    778
     5   1513    207    780
     6   1551    182    767
     7   1547    167    786
     8   1559    168    773
     9   1565    185    750
    10   1560    202    738
    11   1534    200    766
    12   1575    176    749
    13   1569    190    741
    14   1594    185    721
    15   1590    192    718
    16   1597    179    724
    17   1574    187    739
    18   1580    182    738
    19   1565    201    734
    20   1582    165    753
    21   1594    169    737
    22   1601    159    740
    23   1606    162    732
    24   1611    152    737
    25   1608    169    723
    26   1632    157    711
    27   1621    165    714
    28   1635    166    699
    29   1623    166    711
    30   1621    160    719
    31   1637    153    710
    32   1630    158    712
    33   1632    170    698
    34   1633    175    692
    35   1610    176    714
    36   1593    185    722
    37   1583    178    739
    38   1576    193    731
    39   1569    190    741
    40   1556    186    758
    41   1560    186    754
    42   1548    201    751
    43   1558    202    740
    44   1539    212    749
    45   1511    233    756
    46   1509    235    756
    47   1519    214    767
    48   1528    224    748
    49   1521    224    755
    50   1504    234    762
    51   1510    227    763
    52   1502    215    783
    53   1511    197    792
    54   1541    187    772
    55   1566    190    744
    56   1569    196    735
    57   1574    204    722
    58   1565    193    742
    59   1538    209    753
    60   1566    192    742
    61   1565    187    748
    62   1561    186    753
    63   1549    196    755
    64   1551    210    739
    65   1549    214    737
    66   1558    190    752
    67   1569    189    742
    68   1547    200    753
    69   1560    197    743
    70   1550    211    739
    71   1541    219    740
    72   1544    203    753
    73   1558    198    744
    74   1559    184    757
    75   1561    205    734
    76   1553    211    736
    77   1546    199    755
    78   1550    185    765
    79   1577    165    758
    80   1582    167    751
    81   1592    186    722
    82   1574    192    734
    83   1566    196    738
    84   1544    197    759
    85   1563    201    736
    86   1567    193    740
    87   1568    185    747
    88   1560    206    734
    89   1524    219    757
    90   1539    214    747
    91   1528    206    766
    92   1536    216    748
    93   1509    229    762
    94   1510    231    759
    95   1513    211    776
    96   1500    220    780
    97   1516    222    762
    98   1522    199    779
    99   1550    204    746
   100   1545    215    740
   101   1511    238    751
   102   1474    263    763
   103   1438    263    799
   104   1449    251    800
   105   1479    238    783
   106   1488    245    767
   107   1453    258    789
   108   1448    255    797
   109   1460    235    805
   110   1477    218    805
   111   1496    222    782
   112   1506    221    773
   113   1533    194    773
   114   1533    212    755
   115   1533    212    755
   116   1533    212    755
   117   1533    212    755
   118   1533    212    755
   119   1533    212    755
   120   1533    212    755
   121   1533    212    755
   122   1533    212    755
   123   1533    212    755
   124   1533    212    755
   125   1533    212    755
   126   1533    212    755
   127   1533    212    755
   128   1533    212    755
   129   1533    212    755
   130   1533    212    755
   131   1533    212    755
   132   1533    212    755
   133   1533    212    755
   134   1533    212    755
   135   1533    212    755
   136   1533    212    755
   137   1533    212    755
   138   1533    212    755
   139   1533    212    755
   140   1533    212    755
   141   1533    212    755
   142   1533    212    755
   143   1533    212    755
   144   1533    212    755
   145   1533    212    755
   146   1533    212    755
   147   1533    212    755
   148   1533    212    755
   149   1533    212    755
   150   1533    212    755
   151   1533    212    755
   152   1533    212    755
   153   1533    212    755
   154   1533    212    755
   155   1533    212    755
   156   1533    212    755
   157   1533    212    755
   158   1533    212    755
   159   1533    212    755
   160   1533    212    755
   161   1533    212    755
   162   1533    212    755
   163   1533    212    755
   164   1533    212    755
   165   1533    212    755
   166   1533    212    755
   167   1533    212    755
   168   1533    212    755
   169   1533    212    755
   170   1533    212    755
   171   1533    212    755
   172   1533    212    755
   173   1533    212    755
   174   1533    212    755
   175   1533    212    755
   176   1533    212    755
   177   1533    212    755
   178   1533    212    755
   179   1533    212    755
   180   1533    212    755
   181   1533    212    755
   182   1533    212    755
   183   1533    212    755
   184   1533    212    755
   185   1533    212    755
   186   1533    212    755
   187   1533    212    755
   188   1533    212    755
   189   1533    212    755
   190   1533    212    755
   191   1533    212    755
   192   1533    212    755
   193   1533    212    755
   194   1533    212    755
   195   1533    212    755
   196   1533    212    755
   197   1533    212    755
   198   1533    212    755
   199   1533    212    755
   200   1533    212    755
   201   1533    212    755
   202   1533    212    755
   203   1533    212    755
   204   1533    212    755
   205   1533    212    755
   206   1533    212    755
   207   1533    212    755
   208   1533    212    755
   209   1533    212    755
   210   1533    212    755
   211   1533    212    755
   212   1533    212    755
   213   1533    212    755
   214   1533    212    755
   215   1533    212    755
   216   1533    212    755
   217   1533    212    755
   218   1533    212    755
   219   1533    212    755
   220   1533    212    755
   221   1533    212    755
   222   1533    212    755
   223   1533    212    755
   224   1533    212    755
   225   1533    212    755
   226   1533    212    755
   227   1533    212    755
   228   1533    212    755
   229   1533    212    755
   230   1533    212    755
   231   1533    212    755
   232   1533    212    755
   233   1533    212    755
   234   1533    212    755
   235   1533    212    755
   236   1533    212    755
   237   1533    212    755
   238   1533    212    755
   239   1533    212    755
   240   1533    212    755
   241   1533    212    755
   242   1533    212    755
   243   1533    212    755
   244   1533    212    755
   245   1533    212    755
   246   1533    212    755
   247   1533    212    755
   248   1533    212    755
   249   1533    212    755
   250   1533    212    755
   251   1533    212    755
   252   1533    212    755
   253   1533    212    755
   254   1533    212    755
   255   1533    212    755
   256   1533    212    755
   257   1533    212    755
   258   1533    212    755
   259   1533    212    755
   260   1533    212    755
   261   1533    212    755
   262   1533    212    755
   263   1533    212    755
   264   1533    212    755
   265   1533    212    755
   266   1533    212    755
   267   1533    212    755
   268   1533    212    755
   269   1533    212    755
   270   1533    212    755
   271   1533    212    755
   272   1533    212    755
   273   1533    212    755
   274   1533    212    755
   275   1533    212    755
   276   1533    212    755
   277   1533    212    755
   278   1533    212    755
   279   1533    212    755
   280   1533    212    755
   281   1533    212    755
   282   1533    212    755
   283   1533    212    755
   284   1533    212    755
   285   1533    212    755
   286   1533    212    755
   287   1533    212    755
   288   1533    212    755
   289   1533    212    755
   290   1533    212    755
   291   1533    212    755
   292   1533    212    755
   293   1533    212    755
   294   1533    212    755
   295   1533    212    755
   296   1533    212    755
   297   1533    212    755
   298   1533    212    755
   299   1533    212    755
   300   1533    212    755
   301   1533    212    755
   302   1533    212    755
   303   1533    212    755
   304   1533    212    755
   305   1533    212    755
   306   1533    212    755
   307   1533    212    755
   308   1533    212    755
   309   1533    212    755
   310   1533    212    755
   311   1533    212    755
   312   1533    212    755
   313   1533    212    755
   314   1533    212    755
   315   1533    212    755
   316   1533    212    755
   317   1533    212    755
   318   1533    212    755
   319   1533    212    755
   320   1533    212    755
   321   1533    212    755
   322   1533    212    755
   323   1533    212    755
   324   1533    212    755
   325   1533    212    755
   326   1533    212    755
   327   1533    212    755
   328   1533    212    755
   329   1533    212    755
   330   1533    212    755
   331   1533    212    755
   332   1533    212    755
   333   1533    212    755
   334   1533    212    755
   335   1533    212    755
   336   1533    212    755
   337   1533    212    755
   338   1533    212    755
   339   1533    212    755
   340   1533    212    755
   341   1533    212    755
   342   1533    212    755
   343   1533    212    755
   344   1533    212    755
   345   1533    212    755
   346   1533    212    755
   347   1533    212    755
   348   1533    212    755
   349   1533    212    755
   350   1533    212    755
   351   1533    212    755
   352   1533    212    755
   353   1533    212    755
   354   1533    212    755
   355   1533    212    755
   356   1533    212    755
   357   1533    212    755
   358   1533    212    755
   359   1533    212    755
   360   1533    212    755
   361   1533    212    755
   362   1533    212    755
   363   1533    212    755
   364   1533    212    755
   365   1533    212    755
   366   1533    212    755
   367   1533    212    755
   368   1533    212    755
   369   1533    212    755
   370   1533    212    755
   371   1533    212    755
   372   1533    212    755
   373   1533    212    755
   374   1533    212    755
   375   1533    212    755
   376   1533    212    755
   377   1533    212    755
   378   1533    212    755
   379   1533    212    755
   380   1533    212    755
   381   1533    212    755
   382   1533    212    755
   383   1533    212    755
   384   1533    212    755
   385   1533    212    755
   386   1533    212    755
   387   1533    212    755
   388   1533    212    755
   389   1533    212    755
   390   1533    212    755
   391   1533    212    755
   392   1533    212    755
   393   1533    212    755
   394   1533    212    755
   395   1533    212    755
   396   1533    212    755
   397   1533    212    755
   398   1533    212    755
   399   1533    212    755
   400   1533    212    755
   401   1533    212    755
   402   1533    212    755
   403   1533    212    755
   404   1533    212    755
   405   1533    212    755
   406   1533    212    755
   407   1533    212    755
   408   1533    212    755
   409   1533    212    755
   410   1533    212    755
   411   1533    212    755
   412   1533    212    755
   413   1533    212    755
   414   1533    212    755
   415   1533    212    755
   416   1533    212    755
   417   1533    212    755
   418   1533    212    755
   419   1533    212    755
   420   1533    212    755
   421   1533    212    755
   422   1533    212    755
   423   1533    212    755
   424   1533    212    755
   425   1533    212    755
   426   1533    212    755
   427   1533    212    755
   428   1533    212    755
   429   1533    212    755
   430   1533    212    755
   431   1533    212    755
   432   1533    212    755
   433   1533    212    755
   434   1533    212    755
   435   1533    212    755
   436   1533    212    755
   437   1533    212    755
   438   1533    212    755
   439   1533    212    755
   440   1533    212    755
   441   1533    212    755
   442   1533    212    755
   443   1533    212    755
   444   1533    212    755
   445   1533    212    755
   446   1533    212    755
   447   1533    212    755
   448   1533    212    755
   449   1533    212    755
   450   1533    212    755
   451   1533    212    755
   452   1533    212    755
   453   1533    212    755
   454   1533    212    755
   455   1533    212    755
   456   1533    212    755
   457   1533    212    755
   458   1533    212    755
   459   1533    212    755
   460   1533    212    755
   461   1533    212    755
   462   1533    212    755
   463   1533    212    755
   464   1533    212    755
   465   1533    212    755
   466   1533    212    755
   467   1533    212    755
   468   1533    212    755
   469   1533    212    755
   470   1533    212    755
   471   1533    212    755
   472   1533    212    755
   473   1533    212    755
   474   1533    212    755
   475   1533    212    755
   476   1533    212    755
   477   1533    212    755
   478   1533    212    755
   479   1533    212    755
   480   1533    212    755
   481   1533    212    755
   482   1533    212    755
   483   1533    212    755
   484   1533    212    755
   485   1533    212    755
   486   1533    212    755
   487   1533    212    755
   488   1533    212    755
   489   1533    212    755
   490   1533    212    755
   491   1533    212    755
   492   1533    212    755
   493   1533    212    755
   494   1533    212    755
   495   1533    212    755
   496   1533    212    755
   497   1533    212    755
   498   1533    212    755
   499   1533    212    755
   500   1533    212    755
   501   1533    212    755
   502   1533    212    755
   503   1533    212    755
   504   1533    212    755
   505   1533    212    755
   506   1533    212    755
   507   1533    212    755
   508   1533    212    755
   509   1533    212    755
   510   1533    212    755
   511   1533    212    755
   512   1533    212    755
   513   1533    212    755
   514   1533    212    755
   515   1533    212    755
   516   1533    212    755
   517   1533    212    755
   518   1533    212    755
   519   1533    212    755
   520   1533    212    755
   521   1533    212    755
   522   1533    212    755
   523   1533    212    755
   524   1533    212    755
   525   1533    212    755
   526   1533    212    755
   527   1533    212    755
   528   1533    212    755
   529   1533    212    755
   530   1533    212    755
   531   1533    212    755
   532   1533    212    755
   533   1533    212    755
   534   1533    212    755
   535   1533    212    755
   536   1533    212    755
   537   1533    212    755
   538   1533    212    755
   539   1533    212    755
   540   1533    212    755
   541   1533    212    755
   542   1533    212    755
   543   1533    212    755
   544   1533    212    755
   545   1533    212    755
   546   1533    212    755
   547   1533    212    755
   548   1533    212    755
   549   1533    212    755
   550   1533    212    755
   551   1533    212    755
   552   1533    212    755
   553   1533    212    755
   554   1533    212    755
   555   1533    212    755
   556   1533    212    755
   557   1533    212    755
   558   1533    212    755
   559   1533    212    755
   560   1533    212    755
   561   1533    212    755
   562   1533    212    755
   563   1533    212    755
   564   1533    212    755
   565   1533    212    755
   566   1533    212    755
   567   1533    212    755
   568   1533    212    755
   569   1533    212    755
   570   1533    212    755
   571   1533    212    755
   572   1533    212    755
   573   1533    212    755
   574   1533    212    755
   575   1533    212    755
   576   1533    212    755
   577   1533    212    755
   578   1533    212    755
   579   1533    212    755
   580   1533    212    755
   581   1533    212    755
   582   1533    212    755
   583   1533    212    755
   584   1533    212    755
   585   1533    212    755
   586   1533    212    755
   587   1533    212    755
   588   1533    212    755
   589   1533    212    755
   590   1533    212    755
   591   1533    212    755
   592   1533    212    755
   593   1533    212    755
   594   1533    212    755
   595   1533    212    755
   596   1533    212    755
   597   1533    212    755
   598   1533    212    755
   599   1533    212    755
   600   1533    212    755
   601   1533    212    755
   602   1533    212    755
   603   1533    212    755
   604   1533    212    755
   605   1533    212    755
   606   1533    212    755
   607   1533    212    755
   608   1533    212    755
   609   1533    212    755
   610   1533    212    755
   611   1533    212    755
   612   1533    212    755
   613   1533    212    755
   614   1533    212    755
   615   1533    212    755
   616   1533    212    755
   617   1533    212    755
   618   1533    212    755
   619   1533    212    755
   620   1533    212    755
   621   1533    212    755
   622   1533    212    755
   623   1533    212    755
   624   1533    212    755
   625   1533    212    755
   626   1533    212    755
   627   1533    212    755
   628   1533    212    755
   629   1533    212    755
   630   1533    212    755
   631   1533    212    755
   632   1533    212    755
   633   1533    212    755
   634   1533    212    755
   635   1533    212    755
   636   1533    212    755
   637   1533    212    755
   638   1533    212    755
   639   1533    212    755
   640   1533    212    755
   641   1533    212    755
   642   1533    212    755
   643   1533    212    755
   644   1533    212    755
   645   1533    212    755
   646   1533    212    755
   647   1533    212    755
   648   1533    212    755
   649   1533    212    755
   650   1533    212    755
   651   1533    212    755
   652   1533    212    755
   653   1533    212    755
   654   1533    212    755
   655   1533    212    755
   656   1533    212    755
   657   1533    212    755
   658   1533    212    755
   659   1533    212    755
   660   1533    212    755
   661   1533    212    755
   662   1533    212    755
   663   1533    212    755
   664   1533    212    755
   665   1533    212    755
   666   1533    212    755
   667   1533    212    755
   668   1533    212    755
   669   1533    212    755
   670   1533    212    755
   671   1533    212    755
   672   1533    212    755
   673   1533    212    755
   674   1533    212    755
   675   1533    212    755
   676   1533    212    755
   677   1533    212    755
   678   1533    212    755
   679   1533    212    755
   680   1533    212    755
   681   1533    212    755
   682   1533    212    755
   683   1533    212    755
   684   1533    212    755
   685   1533    212    755
   686   1533    212    755
   687   1533    212    755
   688   1533    212    755
   689   1533    212    755
   690   1533    212    755
   691   1533    212    755
   692   1533    212    755
   693   1533    212    755
   694   1533    212    755
   695   1533    212    755
   696   1533    212    755
   697   1533    212    755
   698   1533    212    755
   699   1533    212    755
   700   1533    212    755
   701   1533    212    755
   702   1533    212    755
   703   1533    212    755
   704   1533    212    755
   705   1533    212    755
   706   1533    212    755
   707   1533    212    755
   708   1533    212    755
   709   1533    212    755
   710   1533    212    755
   711   1533    212    755
   712   1533    212    755
   713   1533    212    755
   714   1533    212    755
   715   1533    212    755
   716   1533    212    755
   717   1533    212    755
   718   1533    212    755
   719   1533    212    755
   720   1533    212    755
   721   1533    212    755
   722   1533    212    755
   723   1533    212    755
   724   1533    212    755
   725   1533    212    755
   726   1533    212    755
   727   1533    212    755
   728   1533    212    755
   729   1533    212    755
   730   1533    212    755
   731   1533    212    755
   732   1533    212    755
   733   1533    212    755
   734   1533    212    755
   735   1533    212    755
   736   1533    212    755
   737   1533    212    755
   738   1533    212    755
   739   1533    212    755
   740   1533    212    755
   741   1533    212    755
   742   1533    212    755
   743   1533    212    755
   744   1533    212    755
   745   1533    212    755
   746   1533    212    755
   747   1533    212    755
   748   1533    212    755
   749   1533    212    755
   750   1533    212    755
   751   1533    212    755
   752   1533    212    755
   753   1533    212    755
   754   1533    212    755
   755   1533    212    755
   756   1533    212    755
   757   1533    212    755
   758   1533    212    755
   759   1533    212    755
   760   1533    212    755
   761   1533    212    755
   762   1533    212    755
   763   1533    212    755
   764   1533    212    755
   765   1533    212    755
   766   1533    212    755
   767   1533    212    755
   768   1533    212    755
   769   1533    212    755
   770   1533    212    755
   771   1533    212    755
   772   1533    212    755
   773   1533    212    755
   774   1533    212    755
   775   1533    212    755
   776   1533    212    755
   777   1533    212    755
   778   1533    212    755
   779   1533    212    755
   780   1533    212    755
   781   1533    212    755
   782   1533    212    755
   783   1533    212    755
   784   1533    212    755
   785   1533    212    755
   786   1533    212    755
   787   1533    212    755
   788   1533    212    755
   789   1533    212    755
   790   1533    212    755
   791   1533    212    755
   792   1533    212    755
   793   1533    212    755
   794   1533    212    755
   795   1533    212    755
   796   1533    212    755
   797   1533    212    755
   798   1533    212    755
   799   1533    212    755
   800   1533    212    755
   801   1533    212    755
   802   1533    212    755
   803   1533    212    755
   804   1533    212    755
   805   1533    212    755
   806   1533    212    755
   807   1533    212    755
   808   1533    212    755
   809   1533    212    755
   810   1533    212    755
   811   1533    212    755
   812   1533    212    755
   813   1533    212    755
   814   1533    212    755
   815   1533    212    755
   816   1533    212    755
   817   1533    212    755
   818   1533    212    755
   819   1533    212    755
   820   1533    212    755
   821   1533    212    755
   822   1533    212    755
   823   1533    212    755
   824   1533    212    755
   825   1533    212    755
   826   1533    212    755
   827   1533    212    755
   828   1533    212    755
   829   1533    212    755
   830   1533    212    755
   831   1533    212    755
   832   1533    212    755
   833   1533    212    755
   834   1533    212    755
   835   1533    212    755
   836   1533    212    755
   837   1533    212    755
   838   1533    212    755
   839   1533    212    755
   840   1533    212    755
   841   1533    212    755
   842   1533    212    755
   843   1533    212    755
   844   1533    212    755
   845   1533    212    755
   846   1533    212    755
   847   1533    212    755
   848   1533    212    755
   849   1533    212    755
   850   1533    212    755
   851   1533    212    755
   852   1533    212    755
   853   1533    212    755
   854   1533    212    755
   855   1533    212    755
   856   1533    212    755
   857   1533    212    755
   858   1533    212    755
   859   1533    212    755
   860   1533    212    755
   861   1533    212    755
   862   1533    212    755
   863   1533    212    755
   864   1533    212    755
   865   1533    212    755
   866   1533    212    755
   867   1533    212    755
   868   1533    212    755
   869   1533    212    755
   870   1533    212    755
   871   1533    212    755
   872   1533    212    755
   873   1533    212    755
   874   1533    212    755
   875   1533    212    755
   876   1533    212    755
   877   1533    212    755
   878   1533    212    755
   879   1533    212    755
   880   1533    212    755
   881   1533    212    755
   882   1533    212    755
   883   1533    212    755
   884   1533    212    755
   885   1533    212    755
   886   1533    212    755
   887   1533    212    755
   888   1533    212    755
   889   1533    212    755
   890   1533    212    755
   891   1533    212    755
   892   1533    212    755
   893   1533    212    755
   894   1533    212    755
   895   1533    212    755
   896   1533    212    755
   897   1533    212    755
   898   1533    212    755
   899   1533    212    755
   900   1533    212    755
   901   1533    212    755
   902   1533    212    755
   903   1533    212    755
   904   1533    212    755
   905   1533    212    755
   906   1533    212    755
   907   1533    212    755
   908   1533    212    755
   909   1533    212    755
   910   1533    212    755
   911   1533    212    755
   912   1533    212    755
   913   1533    212    755
   914   1533    212    755
   915   1533    212    755
   916   1533    212    755
   917   1533    212    755
   918   1533    212    755
   919   1533    212    755
   920   1533    212    755
   921   1533    212    755
   922   1533    212    755
   923   1533    212    755
   924   1533    212    755
   925   1533    212    755
   926   1533    212    755
   927   1533    212    755
   928   1533    212    755
   929   1533    212    755
   930   1533    212    755
   931   1533    212    755
   932   1533    212    755
   933   1533    212    755
   934   1533    212    755
   935   1533    212    755
   936   1533    212    755
   937   1533    212    755
   938   1533    212    755
   939   1533    212    755
   940   1533    212    755
   941   1533    212    755
   942   1533    212    755
   943   1533    212    755
   944   1533    212    755
   945   1533    212    755
   946   1533    212    755
   947   1533    212    755
   948   1533    212    755
   949   1533    212    755
   950   1533    212    755
   951   1533    212    755
   952   1533    212    755
   953   1533    212    755
   954   1533    212    755
   955   1533    212    755
   956   1533    212    755
   957   1533    212    755
   958   1533    212    755
   959   1533    212    755
   960   1533    212    755
   961   1533    212    755
   962   1533    212    755
   963   1533    212    755
   964   1533    212    755
   965   1533    212    755
   966   1533    212    755
   967   1533    212    755
   968   1533    212    755
   969   1533    212    755
   970   1533    212    755
   971   1533    212    755
   972   1533    212    755
   973   1533    212    755
   974   1533    212    755
   975   1533    212    755
   976   1533    212    755
   977   1533    212    755
   978   1533    212    755
   979   1533    212    755
   980   1533    212    755
   981   1533    212    755
   982   1533    212    755
   983   1533    212    755
   984   1533    212    755
   985   1533    212    755
   986   1533    212    755
   987   1533    212    755
   988   1533    212    755
   989   1533    212    755
   990   1533    212    755
   991   1533    212    755
   992   1533    212    755
   993   1533    212    755
   994   1533    212    755
   995   1533    212    755
   996   1533    212    755
   997   1533    212    755
   998   1533    212    755
   999   1533    212    755
  1000   1533    212    755
