# time (sweeps) | Susceptible | Infected | Recovered
     0   1524    160    816
     1   1509    158    833
     2   1496    164    840
     3   1491    164    845
     4   1490    150    860
     5   1501    151    848
     6   1492    165    843
     7   1498    145    857
     8   1518    127    855
     9   1531    121    848
    10   1551    107    842
    11   1564    111    825
    12   1563    131    806
    13   1540    139    821
    14   1559    122    819
    15   1557    135    808
    16   1549    131    820
    17   1534    130    836
    18   1529    131    840
    19   1527    141    832
    20   1539    133    828
    21   1553    132    815
    22   1552    110    838
    23   1579     87    834
    24   1598     93    809
    25   1602     89    809
    26   1610     88    802
    27   1622     95    783
    28   1613    104    783
    29   1602    114    784
    30   1596    118    786
    31   1608    102    790
    32   1613     96    791
    33   1610    109    781
    34   1593    105    802
    35   1608     95    797
    36   1619     80    801
    37   1632     80    788
    38   1634     80    786
    39   1648     80    772
    40   1648     72    780
    41   1655     70    775
    42   1660     76    764
    43   1646     90    764
    44   1622     94    784
    45   1609    105    786
    46   1626     95    779
    47   1625    100    775
    48   1632     86    782
    49   1640     75    785
    50   1652     77    771
    51   1656     86    758
    52   1652     84    764
    53   1648     84    768
    54   1646     84    770
    55   1662     82    756
    56   1644    105    751
    57   1624    105    771
    58   1626     89    785
    59   1633     83    784
    60   1638     85    777
    61   1635     85    780
    62   1649     65    786
    63   1673     57    770
    64   1684     53    763
    65   1694     59    747
    66   1695     54    751
    67   1691     66    743
    68   1680     78    742
    69   1682     73    745
    70   1685     64    751
    71   1688     72    740
    72   1677     74    749
    73   1664     73    763
    74   1670     71    759
    75   1682     62    756
    76   1698     60    742
    77   1707     58    735
    78   1705     52    743
    79   1710     52    738
    80   1692     64    744
    81   1692     62    746
    82   1684     74    742
    83   1666     75    759
    84   1662     82    756
    85   1660     75    765
    86   1657     83    760
    87   1653     84    763
    88   1653     79    768
    89   1663     60    777
    90   1683     59    758
    91   1675     65    760
    92   1676     75    749
    93   1663     89    748
    94   1662     82    756
    95   1669     80    751
    96   1673     87    740
    97   1670     83    747
    98   1665     82    753
    99   1679     71    750
   100   1680     73    747
   101   1676     73    751
   102   1679     70    751
   103   1664     78    758
   104   1666     80    754
   105   1658     76    766
   106   1661     76    763
   107   1663     66    771
   108   1668     73    759
   109   1674     73    753
   110   1677     71    752
   111   1683     72    745
   112   1687     62    751
   113   1684     62    754
   114   1693     58    749
   115   1698     44    758
   116   1711     48    741
   117   1722     40    738
   118   1723     53    724
   119   1715     52    733
   120   1715     50    735
   121   1707     55    738
   122   1704     50    746
   123   1707     61    732
   124   1689     74    737
   125   1674     82    744
   126   1668     88    744
   127   1656     88    756
   128   1661     85    754
   129   1658     77    765
   130   1664     85    751
   131   1651     86    763
   132   1658     78    764
   133   1663     79    758
   134   1659     82    759
   135   1675     65    760
   136   1667     73    760
   137   1671     62    767
   138   1678     63    759
   139   1681     64    755
   140   1685     60    755
   141   1689     60    751
   142   1693     55    752
   143   1699     59    742
   144   1695     56    749
   145   1699     45    756
   146   1707     40    753
   147   1706     63    731
   148   1715     51    734
   149   1720     52    728
   150   1705     64    731
   151   1695     66    739
   152   1694     63    743
   153   1693     69    738
   154   1687     71    742
   155   1687     56    757
   156   1702     57    741
   157   1707     53    740
   158   1704     59    737
   159   1712     49    739
   160   1708     48    744
   161   1721     44    735
   162   1716     51    733
   163   1711     57    732
   164   1692     72    736
   165   1687     73    740
   166   1689     64    747
   167   1700     55    745
   168   1696     67    737
   169   1694     57    749
   170   1711     57    732
   171   1701     56    743
   172   1700     66    734
   173   1695     77    728
   174   1684     77    739
   175   1681     72    747
   176   1679     77    744
   177   1662     95    743
   178   1656     88    756
   179   1659     72    769
   180   1672     70    758
   181   1667     72    761
   182   1671     82    747
   183   1669     76    755
   184   1645     97    758
   185   1640    108    752
   186   1614    111    775
   187   1595    108    797
   188   1612     92    796
   189   1612    101    787
   190   1593    110    797
   191   1572    126    802
   192   1567    130    803
   193   1574    126    800
   194   1569    129    802
   195   1571    136    793
   196   1588    128    784
   197   1584    126    790
   198   1593    124    783
   199   1577    123    800
   200   1584    114    802
   201   1583    117    800
   202   1579    126    795
   203   1586    121    793
   204   1576    121    803
   205   1592    111    797
   206   1594    114    792
   207   1581    110    809
   208   1595    107    798
   209   1587    115    798
   210   1585    116    799
   211   1573    113    814
   212   1575    117    808
   213   1564    143    793
   214   1551    158    791
   215   1540    145    815
   216   1533    140    827
   217   1559    126    815
   218   1563    134    803
   219   1558    133    809
   220   1554    129    817
   221   1577    126    797
   222   1561    137    802
   223   1559    134    807
   224   1562    134    804
   225   1572    116    812
   226   1577    126    797
   227   1575    125    800
   228   1598    112    790
   229   1588    114    798
   230   1596    116    788
   231   1602     98    800
   232   1594    107    799
   233   1603     90    807
   234   1602     95    803
   235   1598    103    799
   236   1594    113    793
   237   1606    104    790
   238   1595    100    805
   239   1616     82    802
   240   1627     88    785
   241   1622     91    787
   242   1623     89    788
   243   1620     96    784
   244   1642     90    768
   245   1641     94    765
   246   1646     86    768
   247   1656     82    762
   248   1634    104    762
   249   1636     92    772
   250   1624    105    771
   251   1633     95    772
   252   1616    105    779
   253   1614     93    793
   254   1609    110    781
   255   1624     96    780
   256   1620     88    792
   257   1632     75    793
   258   1647     76    777
   259   1657     75    768
   260   1664     75    761
   261   1672     64    764
   262   1666     71    763
   263   1680     62    758
   264   1681     76    743
   265   1675     67    758
   266   1676     71    753
   267   1666     92    742
   268   1669     74    757
   269   1685     59    756
   270   1693     58    749
   271   1694     61    745
   272   1700     50    750
   273   1715     40    745
   274   1717     45    738
   275   1731     37    732
   276   1729     40    731
   277   1728     36    736
   278   1726     43    731
   279   1732     36    732
   280   1728     41    731
   281   1734     36    730
   282   1730     48    722
   283   1733     41    726
   284   1739     35    726
   285   1747     31    722
   286   1744     31    725
   287   1745     28    727
   288   1747     29    724
   289   1742     35    723
   290   1749     26    725
   291   1755     26    719
   292   1764     19    717
   293   1772     16    712
   294   1777     24    699
   295   1771     20    709
   296   1772     17    711
   297   1776     17    707
   298   1769     23    708
   299   1767     25    708
   300   1767     25    708
   301   1767     25    708
   302   1767     25    708
   303   1767     25    708
   304   1767     25    708
   305   1767     25    708
   306   1767     25    708
   307   1767     25    708
   308   1767     25    708
   309   1767     25    708
   310   1767     25    708
   311   1767     25    708
   312   1767     25    708
   313   1767     25    708
   314   1767     25    708
   315   1767     25    708
   316   1767     25    708
   317   1767     25    708
   318   1767     25    708
   319   1767     25    708
   320   1767     25    708
   321   1767     25    708
   322   1767     25    708
   323   1767     25    708
   324   1767     25    708
   325   1767     25    708
   326   1767     25    708
   327   1767     25    708
   328   1767     25    708
   329   1767     25    708
   330   1767     25    708
   331   1767     25    708
   332   1767     25    708
   333   1767     25    708
   334   1767     25    708
   335   1767     25    708
   336   1767     25    708
   337   1767     25    708
   338   1767     25    708
   339   1767     25    708
   340   1767     25    708
   341   1767     25    708
   342   1767     25    708
   343   1767     25    708
   344   1767     25    708
   345   1767     25    708
   346   1767     25    708
   347   1767     25    708
   348   1767     25    708
   349   1767     25    708
   350   1767     25    708
   351   1767     25    708
   352   1767     25    708
   353   1767     25    708
   354   1767     25    708
   355   1767     25    708
   356   1767     25    708
   357   1767     25    708
   358   1767     25    708
   359   1767     25    708
   360   1767     25    708
   361   1767     25    708
   362   1767     25    708
   363   1767     25    708
   364   1767     25    708
   365   1767     25    708
   366   1767     25    708
   367   1767     25    708
   368   1767     25    708
   369   1767     25    708
   370   1767     25    708
   371   1767     25    708
   372   1767     25    708
   373   1767     25    708
   374   1767     25    708
   375   1767     25    708
   376   1767     25    708
   377   1767     25    708
   378   1767     25    708
   379   1767     25    708
   380   1767     25    708
   381   1767     25    708
   382   1767     25    708
   383   1767     25    708
   384   1767     25    708
   385   1767     25    708
   386   1767     25    708
   387   1767     25    708
   388   1767     25    708
   389   1767     25    708
   390   1767     25    708
   391   1767     25    708
   392   1767     25    708
   393   1767     25    708
   394   1767     25    708
   395   1767     25    708
   396   1767     25    708
   397   1767     25    708
   398   1767     25    708
   399   1767     25    708
   400   1767     25    708
   401   1767     25    708
   402   1767     25    708
   403   1767     25    708
   404   1767     25    708
   405   1767     25    708
   406   1767     25    708
   407   1767     25    708
   408   1767     25    708
   409   1767     25    708
   410   1767     25    708
   411   1767     25    708
   412   1767     25    708
   413   1767     25    708
   414   1767     25    708
   415   1767     25    708
   416   1767     25    708
   417   1767     25    708
   418   1767     25    708
   419   1767     25    708
   420   1767     25    708
   421   1767     25    708
   422   1767     25    708
   423   1767     25    708
   424   1767     25    708
   425   1767     25    708
   426   1767     25    708
   427   1767     25    708
   428   1767     25    708
   429   1767     25    708
   430   1767     25    708
   431   1767     25    708
   432   1767     25    708
   433   1767     25    708
   434   1767     25    708
   435   1767     25    708
   436   1767     25    708
   437   1767     25    708
   438   1767     25    708
   439   1767     25    708
   440   1767     25    708
   441   1767     25    708
   442   1767     25    708
   443   1767     25    708
   444   1767     25    708
   445   1767     25    708
   446   1767     25    708
   447   1767     25    708
   448   1767     25    708
   449   1767     25    708
   450   1767     25    708
   451   1767     25    708
   452   1767     25    708
   453   1767     25    708
   454   1767     25    708
   455   1767     25    708
   456   1767     25    708
   457   1767     25    708
   458   1767     25    708
   459   1767     25    708
   460   1767     25    708
   461   1767     25    708
   462   1767     25    708
   463   1767     25    708
   464   1767     25    708
   465   1767     25    708
   466   1767     25    708
   467   1767     25    708
   468   1767     25    708
   469   1767     25    708
   470   1767     25    708
   471   1767     25    708
   472   1767     25    708
   473   1767     25    708
   474   1767     25    708
   475   1767     25    708
   476   1767     25    708
   477   1767     25    708
   478   1767     25    708
   479   1767     25    708
   480   1767     25    708
   481   1767     25    708
   482   1767     25    708
   483   1767     25    708
   484   1767     25    708
   485   1767     25    708
   486   1767     25    708
   487   1767     25    708
   488   1767     25    708
   489   1767     25    708
   490   1767     25    708
   491   1767     25    708
   492   1767     25    708
   493   1767     25    708
   494   1767     25    708
   495   1767     25    708
   496   1767     25    708
   497   1767     25    708
   498   1767     25    708
   499   1767     25    708
   500   1767     25    708
   501   1767     25    708
   502   1767     25    708
   503   1767     25    708
   504   1767     25    708
   505   1767     25    708
   506   1767     25    708
   507   1767     25    708
   508   1767     25    708
   509   1767     25    708
   510   1767     25    708
   511   1767     25    708
   512   1767     25    708
   513   1767     25    708
   514   1767     25    708
   515   1767     25    708
   516   1767     25    708
   517   1767     25    708
   518   1767     25    708
   519   1767     25    708
   520   1767     25    708
   521   1767     25    708
   522   1767     25    708
   523   1767     25    708
   524   1767     25    708
   525   1767     25    708
   526   1767     25    708
   527   1767     25    708
   528   1767     25    708
   529   1767     25    708
   530   1767     25    708
   531   1767     25    708
   532   1767     25    708
   533   1767     25    708
   534   1767     25    708
   535   1767     25    708
   536   1767     25    708
   537   1767     25    708
   538   1767     25    708
   539   1767     25    708
   540   1767     25    708
   541   1767     25    708
   542   1767     25    708
   543   1767     25    708
   544   1767     25    708
   545   1767     25    708
   546   1767     25    708
   547   1767     25    708
   548   1767     25    708
   549   1767     25    708
   550   1767     25    708
   551   1767     25    708
   552   1767     25    708
   553   1767     25    708
   554   1767     25    708
   555   1767     25    708
   556   1767     25    708
   557   1767     25    708
   558   1767     25    708
   559   1767     25    708
   560   1767     25    708
   561   1767     25    708
   562   1767     25    708
   563   1767     25    708
   564   1767     25    708
   565   1767     25    708
   566   1767     25    708
   567   1767     25    708
   568   1767     25    708
   569   1767     25    708
   570   1767     25    708
   571   1767     25    708
   572   1767     25    708
   573   1767     25    708
   574   1767     25    708
   575   1767     25    708
   576   1767     25    708
   577   1767     25    708
   578   1767     25    708
   579   1767     25    708
   580   1767     25    708
   581   1767     25    708
   582   1767     25    708
   583   1767     25    708
   584   1767     25    708
   585   1767     25    708
   586   1767     25    708
   587   1767     25    708
   588   1767     25    708
   589   1767     25    708
   590   1767     25    708
   591   1767     25    708
   592   1767     25    708
   593   1767     25    708
   594   1767     25    708
   595   1767     25    708
   596   1767     25    708
   597   1767     25    708
   598   1767     25    708
   599   1767     25    708
   600   1767     25    708
   601   1767     25    708
   602   1767     25    708
   603   1767     25    708
   604   1767     25    708
   605   1767     25    708
   606   1767     25    708
   607   1767     25    708
   608   1767     25    708
   609   1767     25    708
   610   1767     25    708
   611   1767     25    708
   612   1767     25    708
   613   1767     25    708
   614   1767     25    708
   615   1767     25    708
   616   1767     25    708
   617   1767     25    708
   618   1767     25    708
   619   1767     25    708
   620   1767     25    708
   621   1767     25    708
   622   1767     25    708
   623   1767     25    708
   624   1767     25    708
   625   1767     25    708
   626   1767     25    708
   627   1767     25    708
   628   1767     25    708
   629   1767     25    708
   630   1767     25    708
   631   1767     25    708
   632   1767     25    708
   633   1767     25    708
   634   1767     25    708
   635   1767     25    708
   636   1767     25    708
   637   1767     25    708
   638   1767     25    708
   639   1767     25    708
   640   1767     25    708
   641   1767     25    708
   642   1767     25    708
   643   1767     25    708
   644   1767     25    708
   645   1767     25    708
   646   1767     25    708
   647   1767     25    708
   648   1767     25    708
   649   1767     25    708
   650   1767     25    708
   651   1767     25    708
   652   1767     25    708
   653   1767     25    708
   654   1767     25    708
   655   1767     25    708
   656   1767     25    708
   657   1767     25    708
   658   1767     25    708
   659   1767     25    708
   660   1767     25    708
   661   1767     25    708
   662   1767     25    708
   663   1767     25    708
   664   1767     25    708
   665   1767     25    708
   666   1767     25    708
   667   1767     25    708
   668   1767     25    708
   669   1767     25    708
   670   1767     25    708
   671   1767     25    708
   672   1767     25    708
   673   1767     25    708
   674   1767     25    708
   675   1767     25    708
   676   1767     25    708
   677   1767     25    708
   678   1767     25    708
   679   1767     25    708
   680   1767     25    708
   681   1767     25    708
   682   1767     25    708
   683   1767     25    708
   684   1767     25    708
   685   1767     25    708
   686   1767     25    708
   687   1767     25    708
   688   1767     25    708
   689   1767     25    708
   690   1767     25    708
   691   1767     25    708
   692   1767     25    708
   693   1767     25    708
   694   1767     25    708
   695   1767     25    708
   696   1767     25    708
   697   1767     25    708
   698   1767     25    708
   699   1767     25    708
   700   1767     25    708
   701   1767     25    708
   702   1767     25    708
   703   1767     25    708
   704   1767     25    708
   705   1767     25    708
   706   1767     25    708
   707   1767     25    708
   708   1767     25    708
   709   1767     25    708
   710   1767     25    708
   711   1767     25    708
   712   1767     25    708
   713   1767     25    708
   714   1767     25    708
   715   1767     25    708
   716   1767     25    708
   717   1767     25    708
   718   1767     25    708
   719   1767     25    708
   720   1767     25    708
   721   1767     25    708
   722   1767     25    708
   723   1767     25    708
   724   1767     25    708
   725   1767     25    708
   726   1767     25    708
   727   1767     25    708
   728   1767     25    708
   729   1767     25    708
   730   1767     25    708
   731   1767     25    708
   732   1767     25    708
   733   1767     25    708
   734   1767     25    708
   735   1767     25    708
   736   1767     25    708
   737   1767     25    708
   738   1767     25    708
   739   1767     25    708
   740   1767     25    708
   741   1767     25    708
   742   1767     25    708
   743   1767     25    708
   744   1767     25    708
   745   1767     25    708
   746   1767     25    708
   747   1767     25    708
   748   1767     25    708
   749   1767     25    708
   750   1767     25    708
   751   1767     25    708
   752   1767     25    708
   753   1767     25    708
   754   1767     25    708
   755   1767     25    708
   756   1767     25    708
   757   1767     25    708
   758   1767     25    708
   759   1767     25    708
   760   1767     25    708
   761   1767     25    708
   762   1767     25    708
   763   1767     25    708
   764   1767     25    708
   765   1767     25    708
   766   1767     25    708
   767   1767     25    708
   768   1767     25    708
   769   1767     25    708
   770   1767     25    708
   771   1767     25    708
   772   1767     25    708
   773   1767     25    708
   774   1767     25    708
   775   1767     25    708
   776   1767     25    708
   777   1767     25    708
   778   1767     25    708
   779   1767     25    708
   780   1767     25    708
   781   1767     25    708
   782   1767     25    708
   783   1767     25    708
   784   1767     25    708
   785   1767     25    708
   786   1767     25    708
   787   1767     25    708
   788   1767     25    708
   789   1767     25    708
   790   1767     25    708
   791   1767     25    708
   792   1767     25    708
   793   1767     25    708
   794   1767     25    708
   795   1767     25    708
   796   1767     25    708
   797   1767     25    708
   798   1767     25    708
   799   1767     25    708
   800   1767     25    708
   801   1767     25    708
   802   1767     25    708
   803   1767     25    708
   804   1767     25    708
   805   1767     25    708
   806   1767     25    708
   807   1767     25    708
   808   1767     25    708
   809   1767     25    708
   810   1767     25    708
   811   1767     25    708
   812   1767     25    708
   813   1767     25    708
   814   1767     25    708
   815   1767     25    708
   816   1767     25    708
   817   1767     25    708
   818   1767     25    708
   819   1767     25    708
   820   1767     25    708
   821   1767     25    708
   822   1767     25    708
   823   1767     25    708
   824   1767     25    708
   825   1767     25    708
   826   1767     25    708
   827   1767     25    708
   828   1767     25    708
   829   1767     25    708
   830   1767     25    708
   831   1767     25    708
   832   1767     25    708
   833   1767     25    708
   834   1767     25    708
   835   1767     25    708
   836   1767     25    708
   837   1767     25    708
   838   1767     25    708
   839   1767     25    708
   840   1767     25    708
   841   1767     25    708
   842   1767     25    708
   843   1767     25    708
   844   1767     25    708
   845   1767     25    708
   846   1767     25    708
   847   1767     25    708
   848   1767     25    708
   849   1767     25    708
   850   1767     25    708
   851   1767     25    708
   852   1767     25    708
   853   1767     25    708
   854   1767     25    708
   855   1767     25    708
   856   1767     25    708
   857   1767     25    708
   858   1767     25    708
   859   1767     25    708
   860   1767     25    708
   861   1767     25    708
   862   1767     25    708
   863   1767     25    708
   864   1767     25    708
   865   1767     25    708
   866   1767     25    708
   867   1767     25    708
   868   1767     25    708
   869   1767     25    708
   870   1767     25    708
   871   1767     25    708
   872   1767     25    708
   873   1767     25    708
   874   1767     25    708
   875   1767     25    708
   876   1767     25    708
   877   1767     25    708
   878   1767     25    708
   879   1767     25    708
   880   1767     25    708
   881   1767     25    708
   882   1767     25    708
   883   1767     25    708
   884   1767     25    708
   885   1767     25    708
   886   1767     25    708
   887   1767     25    708
   888   1767     25    708
   889   1767     25    708
   890   1767     25    708
   891   1767     25    708
   892   1767     25    708
   893   1767     25    708
   894   1767     25    708
   895   1767     25    708
   896   1767     25    708
   897   1767     25    708
   898   1767     25    708
   899   1767     25    708
   900   1767     25    708
   901   1767     25    708
   902   1767     25    708
   903   1767     25    708
   904   1767     25    708
   905   1767     25    708
   906   1767     25    708
   907   1767     25    708
   908   1767     25    708
   909   1767     25    708
   910   1767     25    708
   911   1767     25    708
   912   1767     25    708
   913   1767     25    708
   914   1767     25    708
   915   1767     25    708
   916   1767     25    708
   917   1767     25    708
   918   1767     25    708
   919   1767     25    708
   920   1767     25    708
   921   1767     25    708
   922   1767     25    708
   923   1767     25    708
   924   1767     25    708
   925   1767     25    708
   926   1767     25    708
   927   1767     25    708
   928   1767     25    708
   929   1767     25    708
   930   1767     25    708
   931   1767     25    708
   932   1767     25    708
   933   1767     25    708
   934   1767     25    708
   935   1767     25    708
   936   1767     25    708
   937   1767     25    708
   938   1767     25    708
   939   1767     25    708
   940   1767     25    708
   941   1767     25    708
   942   1767     25    708
   943   1767     25    708
   944   1767     25    708
   945   1767     25    708
   946   1767     25    708
   947   1767     25    708
   948   1767     25    708
   949   1767     25    708
   950   1767     25    708
   951   1767     25    708
   952   1767     25    708
   953   1767     25    708
   954   1767     25    708
   955   1767     25    708
   956   1767     25    708
   957   1767     25    708
   958   1767     25    708
   959   1767     25    708
   960   1767     25    708
   961   1767     25    708
   962   1767     25    708
   963   1767     25    708
   964   1767     25    708
   965   1767     25    708
   966   1767     25    708
   967   1767     25    708
   968   1767     25    708
   969   1767     25    708
   970   1767     25    708
   971   1767     25    708
   972   1767     25    708
   973   1767     25    708
   974   1767     25    708
   975   1767     25    708
   976   1767     25    708
   977   1767     25    708
   978   1767     25    708
   979   1767     25    708
   980   1767     25    708
   981   1767     25    708
   982   1767     25    708
   983   1767     25    708
   984   1767     25    708
   985   1767     25    708
   986   1767     25    708
   987   1767     25    708
   988   1767     25    708
   989   1767     25    708
   990   1767     25    708
   991   1767     25    708
   992   1767     25    708
   993   1767     25    708
   994   1767     25    708
   995   1767     25    708
   996   1767     25    708
   997   1767     25    708
   998   1767     25    708
   999   1767     25    708
  1000   1767     25    708
