# time (sweeps) | Susceptible | Infected | Recovered
     0   1459      0   1041
     1   1459      0   1041
     2   1459      0   1041
     3   1459      0   1041
     4   1459      0   1041
     5   1459      0   1041
     6   1459      0   1041
     7   1459      0   1041
     8   1459      0   1041
     9   1459      0   1041
    10   1459      0   1041
    11   1459      0   1041
    12   1459      0   1041
    13   1459      0   1041
    14   1459      0   1041
    15   1459      0   1041
    16   1459      0   1041
    17   1459      0   1041
    18   1459      0   1041
    19   1459      0   1041
    20   1459      0   1041
    21   1459      0   1041
    22   1459      0   1041
    23   1459      0   1041
    24   1459      0   1041
    25   1459      0   1041
    26   1459      0   1041
    27   1459      0   1041
    28   1459      0   1041
    29   1459      0   1041
    30   1459      0   1041
    31   1459      0   1041
    32   1459      0   1041
    33   1459      0   1041
    34   1459      0   1041
    35   1459      0   1041
    36   1459      0   1041
    37   1459      0   1041
    38   1459      0   1041
    39   1459      0   1041
    40   1459      0   1041
    41   1459      0   1041
    42   1459      0   1041
    43   1459      0   1041
    44   1459      0   1041
    45   1459      0   1041
    46   1459      0   1041
    47   1459      0   1041
    48   1459      0   1041
    49   1459      0   1041
    50   1459      0   1041
    51   1459      0   1041
    52   1459      0   1041
    53   1459      0   1041
    54   1459      0   1041
    55   1459      0   1041
    56   1459      0   1041
    57   1459      0   1041
    58   1459      0   1041
    59   1459      0   1041
    60   1459      0   1041
    61   1459      0   1041
    62   1459      0   1041
    63   1459      0   1041
    64   1459      0   1041
    65   1459      0   1041
    66   1459      0   1041
    67   1459      0   1041
    68   1459      0   1041
    69   1459      0   1041
    70   1459      0   1041
    71   1459      0   1041
    72   1459      0   1041
    73   1459      0   1041
    74   1459      0   1041
    75   1459      0   1041
    76   1459      0   1041
    77   1459      0   1041
    78   1459      0   1041
    79   1459      0   1041
    80   1459      0   1041
    81   1459      0   1041
    82   1459      0   1041
    83   1459      0   1041
    84   1459      0   1041
    85   1459      0   1041
    86   1459      0   1041
    87   1459      0   1041
    88   1459      0   1041
    89   1459      0   1041
    90   1459      0   1041
    91   1459      0   1041
    92   1459      0   1041
    93   1459      0   1041
    94   1459      0   1041
    95   1459      0   1041
    96   1459      0   1041
    97   1459      0   1041
    98   1459      0   1041
    99   1459      0   1041
   100   1459      0   1041
   101   1459      0   1041
   102   1459      0   1041
   103   1459      0   1041
   104   1459      0   1041
   105   1459      0   1041
   106   1459      0   1041
   107   1459      0   1041
   108   1459      0   1041
   109   1459      0   1041
   110   1459      0   1041
   111   1459      0   1041
   112   1459      0   1041
   113   1459      0   1041
   114   1459      0   1041
   115   1459      0   1041
   116   1459      0   1041
   117   1459      0   1041
   118   1459      0   1041
   119   1459      0   1041
   120   1459      0   1041
   121   1459      0   1041
   122   1459      0   1041
   123   1459      0   1041
   124   1459      0   1041
   125   1459      0   1041
   126   1459      0   1041
   127   1459      0   1041
   128   1459      0   1041
   129   1459      0   1041
   130   1459      0   1041
   131   1459      0   1041
   132   1459      0   1041
   133   1459      0   1041
   134   1459      0   1041
   135   1459      0   1041
   136   1459      0   1041
   137   1459      0   1041
   138   1459      0   1041
   139   1459      0   1041
   140   1459      0   1041
   141   1459      0   1041
   142   1459      0   1041
   143   1459      0   1041
   144   1459      0   1041
   145   1459      0   1041
   146   1459      0   1041
   147   1459      0   1041
   148   1459      0   1041
   149   1459      0   1041
   150   1459      0   1041
   151   1459      0   1041
   152   1459      0   1041
   153   1459      0   1041
   154   1459      0   1041
   155   1459      0   1041
   156   1459      0   1041
   157   1459      0   1041
   158   1459      0   1041
   159   1459      0   1041
   160   1459      0   1041
   161   1459      0   1041
   162   1459      0   1041
   163   1459      0   1041
   164   1459      0   1041
   165   1459      0   1041
   166   1459      0   1041
   167   1459      0   1041
   168   1459      0   1041
   169   1459      0   1041
   170   1459      0   1041
   171   1459      0   1041
   172   1459      0   1041
   173   1459      0   1041
   174   1459      0   1041
   175   1459      0   1041
   176   1459      0   1041
   177   1459      0   1041
   178   1459      0   1041
   179   1459      0   1041
   180   1459      0   1041
   181   1459      0   1041
   182   1459      0   1041
   183   1459      0   1041
   184   1459      0   1041
   185   1459      0   1041
   186   1459      0   1041
   187   1459      0   1041
   188   1459      0   1041
   189   1459      0   1041
   190   1459      0   1041
   191   1459      0   1041
   192   1459      0   1041
   193   1459      0   1041
   194   1459      0   1041
   195   1459      0   1041
   196   1459      0   1041
   197   1459      0   1041
   198   1459      0   1041
   199   1459      0   1041
   200   1459      0   1041
   201   1459      0   1041
   202   1459      0   1041
   203   1459      0   1041
   204   1459      0   1041
   205   1459      0   1041
   206   1459      0   1041
   207   1459      0   1041
   208   1459      0   1041
   209   1459      0   1041
   210   1459      0   1041
   211   1459      0   1041
   212   1459      0   1041
   213   1459      0   1041
   214   1459      0   1041
   215   1459      0   1041
   216   1459      0   1041
   217   1459      0   1041
   218   1459      0   1041
   219   1459      0   1041
   220   1459      0   1041
   221   1459      0   1041
   222   1459      0   1041
   223   1459      0   1041
   224   1459      0   1041
   225   1459      0   1041
   226   1459      0   1041
   227   1459      0   1041
   228   1459      0   1041
   229   1459      0   1041
   230   1459      0   1041
   231   1459      0   1041
   232   1459      0   1041
   233   1459      0   1041
   234   1459      0   1041
   235   1459      0   1041
   236   1459      0   1041
   237   1459      0   1041
   238   1459      0   1041
   239   1459      0   1041
   240   1459      0   1041
   241   1459      0   1041
   242   1459      0   1041
   243   1459      0   1041
   244   1459      0   1041
   245   1459      0   1041
   246   1459      0   1041
   247   1459      0   1041
   248   1459      0   1041
   249   1459      0   1041
   250   1459      0   1041
   251   1459      0   1041
   252   1459      0   1041
   253   1459      0   1041
   254   1459      0   1041
   255   1459      0   1041
   256   1459      0   1041
   257   1459      0   1041
   258   1459      0   1041
   259   1459      0   1041
   260   1459      0   1041
   261   1459      0   1041
   262   1459      0   1041
   263   1459      0   1041
   264   1459      0   1041
   265   1459      0   1041
   266   1459      0   1041
   267   1459      0   1041
   268   1459      0   1041
   269   1459      0   1041
   270   1459      0   1041
   271   1459      0   1041
   272   1459      0   1041
   273   1459      0   1041
   274   1459      0   1041
   275   1459      0   1041
   276   1459      0   1041
   277   1459      0   1041
   278   1459      0   1041
   279   1459      0   1041
   280   1459      0   1041
   281   1459      0   1041
   282   1459      0   1041
   283   1459      0   1041
   284   1459      0   1041
   285   1459      0   1041
   286   1459      0   1041
   287   1459      0   1041
   288   1459      0   1041
   289   1459      0   1041
   290   1459      0   1041
   291   1459      0   1041
   292   1459      0   1041
   293   1459      0   1041
   294   1459      0   1041
   295   1459      0   1041
   296   1459      0   1041
   297   1459      0   1041
   298   1459      0   1041
   299   1459      0   1041
   300   1459      0   1041
   301   1459      0   1041
   302   1459      0   1041
   303   1459      0   1041
   304   1459      0   1041
   305   1459      0   1041
   306   1459      0   1041
   307   1459      0   1041
   308   1459      0   1041
   309   1459      0   1041
   310   1459      0   1041
   311   1459      0   1041
   312   1459      0   1041
   313   1459      0   1041
   314   1459      0   1041
   315   1459      0   1041
   316   1459      0   1041
   317   1459      0   1041
   318   1459      0   1041
   319   1459      0   1041
   320   1459      0   1041
   321   1459      0   1041
   322   1459      0   1041
   323   1459      0   1041
   324   1459      0   1041
   325   1459      0   1041
   326   1459      0   1041
   327   1459      0   1041
   328   1459      0   1041
   329   1459      0   1041
   330   1459      0   1041
   331   1459      0   1041
   332   1459      0   1041
   333   1459      0   1041
   334   1459      0   1041
   335   1459      0   1041
   336   1459      0   1041
   337   1459      0   1041
   338   1459      0   1041
   339   1459      0   1041
   340   1459      0   1041
   341   1459      0   1041
   342   1459      0   1041
   343   1459      0   1041
   344   1459      0   1041
   345   1459      0   1041
   346   1459      0   1041
   347   1459      0   1041
   348   1459      0   1041
   349   1459      0   1041
   350   1459      0   1041
   351   1459      0   1041
   352   1459      0   1041
   353   1459      0   1041
   354   1459      0   1041
   355   1459      0   1041
   356   1459      0   1041
   357   1459      0   1041
   358   1459      0   1041
   359   1459      0   1041
   360   1459      0   1041
   361   1459      0   1041
   362   1459      0   1041
   363   1459      0   1041
   364   1459      0   1041
   365   1459      0   1041
   366   1459      0   1041
   367   1459      0   1041
   368   1459      0   1041
   369   1459      0   1041
   370   1459      0   1041
   371   1459      0   1041
   372   1459      0   1041
   373   1459      0   1041
   374   1459      0   1041
   375   1459      0   1041
   376   1459      0   1041
   377   1459      0   1041
   378   1459      0   1041
   379   1459      0   1041
   380   1459      0   1041
   381   1459      0   1041
   382   1459      0   1041
   383   1459      0   1041
   384   1459      0   1041
   385   1459      0   1041
   386   1459      0   1041
   387   1459      0   1041
   388   1459      0   1041
   389   1459      0   1041
   390   1459      0   1041
   391   1459      0   1041
   392   1459      0   1041
   393   1459      0   1041
   394   1459      0   1041
   395   1459      0   1041
   396   1459      0   1041
   397   1459      0   1041
   398   1459      0   1041
   399   1459      0   1041
   400   1459      0   1041
   401   1459      0   1041
   402   1459      0   1041
   403   1459      0   1041
   404   1459      0   1041
   405   1459      0   1041
   406   1459      0   1041
   407   1459      0   1041
   408   1459      0   1041
   409   1459      0   1041
   410   1459      0   1041
   411   1459      0   1041
   412   1459      0   1041
   413   1459      0   1041
   414   1459      0   1041
   415   1459      0   1041
   416   1459      0   1041
   417   1459      0   1041
   418   1459      0   1041
   419   1459      0   1041
   420   1459      0   1041
   421   1459      0   1041
   422   1459      0   1041
   423   1459      0   1041
   424   1459      0   1041
   425   1459      0   1041
   426   1459      0   1041
   427   1459      0   1041
   428   1459      0   1041
   429   1459      0   1041
   430   1459      0   1041
   431   1459      0   1041
   432   1459      0   1041
   433   1459      0   1041
   434   1459      0   1041
   435   1459      0   1041
   436   1459      0   1041
   437   1459      0   1041
   438   1459      0   1041
   439   1459      0   1041
   440   1459      0   1041
   441   1459      0   1041
   442   1459      0   1041
   443   1459      0   1041
   444   1459      0   1041
   445   1459      0   1041
   446   1459      0   1041
   447   1459      0   1041
   448   1459      0   1041
   449   1459      0   1041
   450   1459      0   1041
   451   1459      0   1041
   452   1459      0   1041
   453   1459      0   1041
   454   1459      0   1041
   455   1459      0   1041
   456   1459      0   1041
   457   1459      0   1041
   458   1459      0   1041
   459   1459      0   1041
   460   1459      0   1041
   461   1459      0   1041
   462   1459      0   1041
   463   1459      0   1041
   464   1459      0   1041
   465   1459      0   1041
   466   1459      0   1041
   467   1459      0   1041
   468   1459      0   1041
   469   1459      0   1041
   470   1459      0   1041
   471   1459      0   1041
   472   1459      0   1041
   473   1459      0   1041
   474   1459      0   1041
   475   1459      0   1041
   476   1459      0   1041
   477   1459      0   1041
   478   1459      0   1041
   479   1459      0   1041
   480   1459      0   1041
   481   1459      0   1041
   482   1459      0   1041
   483   1459      0   1041
   484   1459      0   1041
   485   1459      0   1041
   486   1459      0   1041
   487   1459      0   1041
   488   1459      0   1041
   489   1459      0   1041
   490   1459      0   1041
   491   1459      0   1041
   492   1459      0   1041
   493   1459      0   1041
   494   1459      0   1041
   495   1459      0   1041
   496   1459      0   1041
   497   1459      0   1041
   498   1459      0   1041
   499   1459      0   1041
   500   1459      0   1041
   501   1459      0   1041
   502   1459      0   1041
   503   1459      0   1041
   504   1459      0   1041
   505   1459      0   1041
   506   1459      0   1041
   507   1459      0   1041
   508   1459      0   1041
   509   1459      0   1041
   510   1459      0   1041
   511   1459      0   1041
   512   1459      0   1041
   513   1459      0   1041
   514   1459      0   1041
   515   1459      0   1041
   516   1459      0   1041
   517   1459      0   1041
   518   1459      0   1041
   519   1459      0   1041
   520   1459      0   1041
   521   1459      0   1041
   522   1459      0   1041
   523   1459      0   1041
   524   1459      0   1041
   525   1459      0   1041
   526   1459      0   1041
   527   1459      0   1041
   528   1459      0   1041
   529   1459      0   1041
   530   1459      0   1041
   531   1459      0   1041
   532   1459      0   1041
   533   1459      0   1041
   534   1459      0   1041
   535   1459      0   1041
   536   1459      0   1041
   537   1459      0   1041
   538   1459      0   1041
   539   1459      0   1041
   540   1459      0   1041
   541   1459      0   1041
   542   1459      0   1041
   543   1459      0   1041
   544   1459      0   1041
   545   1459      0   1041
   546   1459      0   1041
   547   1459      0   1041
   548   1459      0   1041
   549   1459      0   1041
   550   1459      0   1041
   551   1459      0   1041
   552   1459      0   1041
   553   1459      0   1041
   554   1459      0   1041
   555   1459      0   1041
   556   1459      0   1041
   557   1459      0   1041
   558   1459      0   1041
   559   1459      0   1041
   560   1459      0   1041
   561   1459      0   1041
   562   1459      0   1041
   563   1459      0   1041
   564   1459      0   1041
   565   1459      0   1041
   566   1459      0   1041
   567   1459      0   1041
   568   1459      0   1041
   569   1459      0   1041
   570   1459      0   1041
   571   1459      0   1041
   572   1459      0   1041
   573   1459      0   1041
   574   1459      0   1041
   575   1459      0   1041
   576   1459      0   1041
   577   1459      0   1041
   578   1459      0   1041
   579   1459      0   1041
   580   1459      0   1041
   581   1459      0   1041
   582   1459      0   1041
   583   1459      0   1041
   584   1459      0   1041
   585   1459      0   1041
   586   1459      0   1041
   587   1459      0   1041
   588   1459      0   1041
   589   1459      0   1041
   590   1459      0   1041
   591   1459      0   1041
   592   1459      0   1041
   593   1459      0   1041
   594   1459      0   1041
   595   1459      0   1041
   596   1459      0   1041
   597   1459      0   1041
   598   1459      0   1041
   599   1459      0   1041
   600   1459      0   1041
   601   1459      0   1041
   602   1459      0   1041
   603   1459      0   1041
   604   1459      0   1041
   605   1459      0   1041
   606   1459      0   1041
   607   1459      0   1041
   608   1459      0   1041
   609   1459      0   1041
   610   1459      0   1041
   611   1459      0   1041
   612   1459      0   1041
   613   1459      0   1041
   614   1459      0   1041
   615   1459      0   1041
   616   1459      0   1041
   617   1459      0   1041
   618   1459      0   1041
   619   1459      0   1041
   620   1459      0   1041
   621   1459      0   1041
   622   1459      0   1041
   623   1459      0   1041
   624   1459      0   1041
   625   1459      0   1041
   626   1459      0   1041
   627   1459      0   1041
   628   1459      0   1041
   629   1459      0   1041
   630   1459      0   1041
   631   1459      0   1041
   632   1459      0   1041
   633   1459      0   1041
   634   1459      0   1041
   635   1459      0   1041
   636   1459      0   1041
   637   1459      0   1041
   638   1459      0   1041
   639   1459      0   1041
   640   1459      0   1041
   641   1459      0   1041
   642   1459      0   1041
   643   1459      0   1041
   644   1459      0   1041
   645   1459      0   1041
   646   1459      0   1041
   647   1459      0   1041
   648   1459      0   1041
   649   1459      0   1041
   650   1459      0   1041
   651   1459      0   1041
   652   1459      0   1041
   653   1459      0   1041
   654   1459      0   1041
   655   1459      0   1041
   656   1459      0   1041
   657   1459      0   1041
   658   1459      0   1041
   659   1459      0   1041
   660   1459      0   1041
   661   1459      0   1041
   662   1459      0   1041
   663   1459      0   1041
   664   1459      0   1041
   665   1459      0   1041
   666   1459      0   1041
   667   1459      0   1041
   668   1459      0   1041
   669   1459      0   1041
   670   1459      0   1041
   671   1459      0   1041
   672   1459      0   1041
   673   1459      0   1041
   674   1459      0   1041
   675   1459      0   1041
   676   1459      0   1041
   677   1459      0   1041
   678   1459      0   1041
   679   1459      0   1041
   680   1459      0   1041
   681   1459      0   1041
   682   1459      0   1041
   683   1459      0   1041
   684   1459      0   1041
   685   1459      0   1041
   686   1459      0   1041
   687   1459      0   1041
   688   1459      0   1041
   689   1459      0   1041
   690   1459      0   1041
   691   1459      0   1041
   692   1459      0   1041
   693   1459      0   1041
   694   1459      0   1041
   695   1459      0   1041
   696   1459      0   1041
   697   1459      0   1041
   698   1459      0   1041
   699   1459      0   1041
   700   1459      0   1041
   701   1459      0   1041
   702   1459      0   1041
   703   1459      0   1041
   704   1459      0   1041
   705   1459      0   1041
   706   1459      0   1041
   707   1459      0   1041
   708   1459      0   1041
   709   1459      0   1041
   710   1459      0   1041
   711   1459      0   1041
   712   1459      0   1041
   713   1459      0   1041
   714   1459      0   1041
   715   1459      0   1041
   716   1459      0   1041
   717   1459      0   1041
   718   1459      0   1041
   719   1459      0   1041
   720   1459      0   1041
   721   1459      0   1041
   722   1459      0   1041
   723   1459      0   1041
   724   1459      0   1041
   725   1459      0   1041
   726   1459      0   1041
   727   1459      0   1041
   728   1459      0   1041
   729   1459      0   1041
   730   1459      0   1041
   731   1459      0   1041
   732   1459      0   1041
   733   1459      0   1041
   734   1459      0   1041
   735   1459      0   1041
   736   1459      0   1041
   737   1459      0   1041
   738   1459      0   1041
   739   1459      0   1041
   740   1459      0   1041
   741   1459      0   1041
   742   1459      0   1041
   743   1459      0   1041
   744   1459      0   1041
   745   1459      0   1041
   746   1459      0   1041
   747   1459      0   1041
   748   1459      0   1041
   749   1459      0   1041
   750   1459      0   1041
   751   1459      0   1041
   752   1459      0   1041
   753   1459      0   1041
   754   1459      0   1041
   755   1459      0   1041
   756   1459      0   1041
   757   1459      0   1041
   758   1459      0   1041
   759   1459      0   1041
   760   1459      0   1041
   761   1459      0   1041
   762   1459      0   1041
   763   1459      0   1041
   764   1459      0   1041
   765   1459      0   1041
   766   1459      0   1041
   767   1459      0   1041
   768   1459      0   1041
   769   1459      0   1041
   770   1459      0   1041
   771   1459      0   1041
   772   1459      0   1041
   773   1459      0   1041
   774   1459      0   1041
   775   1459      0   1041
   776   1459      0   1041
   777   1459      0   1041
   778   1459      0   1041
   779   1459      0   1041
   780   1459      0   1041
   781   1459      0   1041
   782   1459      0   1041
   783   1459      0   1041
   784   1459      0   1041
   785   1459      0   1041
   786   1459      0   1041
   787   1459      0   1041
   788   1459      0   1041
   789   1459      0   1041
   790   1459      0   1041
   791   1459      0   1041
   792   1459      0   1041
   793   1459      0   1041
   794   1459      0   1041
   795   1459      0   1041
   796   1459      0   1041
   797   1459      0   1041
   798   1459      0   1041
   799   1459      0   1041
   800   1459      0   1041
   801   1459      0   1041
   802   1459      0   1041
   803   1459      0   1041
   804   1459      0   1041
   805   1459      0   1041
   806   1459      0   1041
   807   1459      0   1041
   808   1459      0   1041
   809   1459      0   1041
   810   1459      0   1041
   811   1459      0   1041
   812   1459      0   1041
   813   1459      0   1041
   814   1459      0   1041
   815   1459      0   1041
   816   1459      0   1041
   817   1459      0   1041
   818   1459      0   1041
   819   1459      0   1041
   820   1459      0   1041
   821   1459      0   1041
   822   1459      0   1041
   823   1459      0   1041
   824   1459      0   1041
   825   1459      0   1041
   826   1459      0   1041
   827   1459      0   1041
   828   1459      0   1041
   829   1459      0   1041
   830   1459      0   1041
   831   1459      0   1041
   832   1459      0   1041
   833   1459      0   1041
   834   1459      0   1041
   835   1459      0   1041
   836   1459      0   1041
   837   1459      0   1041
   838   1459      0   1041
   839   1459      0   1041
   840   1459      0   1041
   841   1459      0   1041
   842   1459      0   1041
   843   1459      0   1041
   844   1459      0   1041
   845   1459      0   1041
   846   1459      0   1041
   847   1459      0   1041
   848   1459      0   1041
   849   1459      0   1041
   850   1459      0   1041
   851   1459      0   1041
   852   1459      0   1041
   853   1459      0   1041
   854   1459      0   1041
   855   1459      0   1041
   856   1459      0   1041
   857   1459      0   1041
   858   1459      0   1041
   859   1459      0   1041
   860   1459      0   1041
   861   1459      0   1041
   862   1459      0   1041
   863   1459      0   1041
   864   1459      0   1041
   865   1459      0   1041
   866   1459      0   1041
   867   1459      0   1041
   868   1459      0   1041
   869   1459      0   1041
   870   1459      0   1041
   871   1459      0   1041
   872   1459      0   1041
   873   1459      0   1041
   874   1459      0   1041
   875   1459      0   1041
   876   1459      0   1041
   877   1459      0   1041
   878   1459      0   1041
   879   1459      0   1041
   880   1459      0   1041
   881   1459      0   1041
   882   1459      0   1041
   883   1459      0   1041
   884   1459      0   1041
   885   1459      0   1041
   886   1459      0   1041
   887   1459      0   1041
   888   1459      0   1041
   889   1459      0   1041
   890   1459      0   1041
   891   1459      0   1041
   892   1459      0   1041
   893   1459      0   1041
   894   1459      0   1041
   895   1459      0   1041
   896   1459      0   1041
   897   1459      0   1041
   898   1459      0   1041
   899   1459      0   1041
   900   1459      0   1041
   901   1459      0   1041
   902   1459      0   1041
   903   1459      0   1041
   904   1459      0   1041
   905   1459      0   1041
   906   1459      0   1041
   907   1459      0   1041
   908   1459      0   1041
   909   1459      0   1041
   910   1459      0   1041
   911   1459      0   1041
   912   1459      0   1041
   913   1459      0   1041
   914   1459      0   1041
   915   1459      0   1041
   916   1459      0   1041
   917   1459      0   1041
   918   1459      0   1041
   919   1459      0   1041
   920   1459      0   1041
   921   1459      0   1041
   922   1459      0   1041
   923   1459      0   1041
   924   1459      0   1041
   925   1459      0   1041
   926   1459      0   1041
   927   1459      0   1041
   928   1459      0   1041
   929   1459      0   1041
   930   1459      0   1041
   931   1459      0   1041
   932   1459      0   1041
   933   1459      0   1041
   934   1459      0   1041
   935   1459      0   1041
   936   1459      0   1041
   937   1459      0   1041
   938   1459      0   1041
   939   1459      0   1041
   940   1459      0   1041
   941   1459      0   1041
   942   1459      0   1041
   943   1459      0   1041
   944   1459      0   1041
   945   1459      0   1041
   946   1459      0   1041
   947   1459      0   1041
   948   1459      0   1041
   949   1459      0   1041
   950   1459      0   1041
   951   1459      0   1041
   952   1459      0   1041
   953   1459      0   1041
   954   1459      0   1041
   955   1459      0   1041
   956   1459      0   1041
   957   1459      0   1041
   958   1459      0   1041
   959   1459      0   1041
   960   1459      0   1041
   961   1459      0   1041
   962   1459      0   1041
   963   1459      0   1041
   964   1459      0   1041
   965   1459      0   1041
   966   1459      0   1041
   967   1459      0   1041
   968   1459      0   1041
   969   1459      0   1041
   970   1459      0   1041
   971   1459      0   1041
   972   1459      0   1041
   973   1459      0   1041
   974   1459      0   1041
   975   1459      0   1041
   976   1459      0   1041
   977   1459      0   1041
   978   1459      0   1041
   979   1459      0   1041
   980   1459      0   1041
   981   1459      0   1041
   982   1459      0   1041
   983   1459      0   1041
   984   1459      0   1041
   985   1459      0   1041
   986   1459      0   1041
   987   1459      0   1041
   988   1459      0   1041
   989   1459      0   1041
   990   1459      0   1041
   991   1459      0   1041
   992   1459      0   1041
   993   1459      0   1041
   994   1459      0   1041
   995   1459      0   1041
   996   1459      0   1041
   997   1459      0   1041
   998   1459      0   1041
   999   1459      0   1041
  1000   1459      0   1041
