# time (sweeps) | Susceptible | Infected | Recovered
     0   1610      0    890
     1   1610      0    890
     2   1610      0    890
     3   1610      0    890
     4   1610      0    890
     5   1610      0    890
     6   1610      0    890
     7   1610      0    890
     8   1610      0    890
     9   1610      0    890
    10   1610      0    890
    11   1610      0    890
    12   1610      0    890
    13   1610      0    890
    14   1610      0    890
    15   1610      0    890
    16   1610      0    890
    17   1610      0    890
    18   1610      0    890
    19   1610      0    890
    20   1610      0    890
    21   1610      0    890
    22   1610      0    890
    23   1610      0    890
    24   1610      0    890
    25   1610      0    890
    26   1610      0    890
    27   1610      0    890
    28   1610      0    890
    29   1610      0    890
    30   1610      0    890
    31   1610      0    890
    32   1610      0    890
    33   1610      0    890
    34   1610      0    890
    35   1610      0    890
    36   1610      0    890
    37   1610      0    890
    38   1610      0    890
    39   1610      0    890
    40   1610      0    890
    41   1610      0    890
    42   1610      0    890
    43   1610      0    890
    44   1610      0    890
    45   1610      0    890
    46   1610      0    890
    47   1610      0    890
    48   1610      0    890
    49   1610      0    890
    50   1610      0    890
    51   1610      0    890
    52   1610      0    890
    53   1610      0    890
    54   1610      0    890
    55   1610      0    890
    56   1610      0    890
    57   1610      0    890
    58   1610      0    890
    59   1610      0    890
    60   1610      0    890
    61   1610      0    890
    62   1610      0    890
    63   1610      0    890
    64   1610      0    890
    65   1610      0    890
    66   1610      0    890
    67   1610      0    890
    68   1610      0    890
    69   1610      0    890
    70   1610      0    890
    71   1610      0    890
    72   1610      0    890
    73   1610      0    890
    74   1610      0    890
    75   1610      0    890
    76   1610      0    890
    77   1610      0    890
    78   1610      0    890
    79   1610      0    890
    80   1610      0    890
    81   1610      0    890
    82   1610      0    890
    83   1610      0    890
    84   1610      0    890
    85   1610      0    890
    86   1610      0    890
    87   1610      0    890
    88   1610      0    890
    89   1610      0    890
    90   1610      0    890
    91   1610      0    890
    92   1610      0    890
    93   1610      0    890
    94   1610      0    890
    95   1610      0    890
    96   1610      0    890
    97   1610      0    890
    98   1610      0    890
    99   1610      0    890
   100   1610      0    890
   101   1610      0    890
   102   1610      0    890
   103   1610      0    890
   104   1610      0    890
   105   1610      0    890
   106   1610      0    890
   107   1610      0    890
   108   1610      0    890
   109   1610      0    890
   110   1610      0    890
   111   1610      0    890
   112   1610      0    890
   113   1610      0    890
   114   1610      0    890
   115   1610      0    890
   116   1610      0    890
   117   1610      0    890
   118   1610      0    890
   119   1610      0    890
   120   1610      0    890
   121   1610      0    890
   122   1610      0    890
   123   1610      0    890
   124   1610      0    890
   125   1610      0    890
   126   1610      0    890
   127   1610      0    890
   128   1610      0    890
   129   1610      0    890
   130   1610      0    890
   131   1610      0    890
   132   1610      0    890
   133   1610      0    890
   134   1610      0    890
   135   1610      0    890
   136   1610      0    890
   137   1610      0    890
   138   1610      0    890
   139   1610      0    890
   140   1610      0    890
   141   1610      0    890
   142   1610      0    890
   143   1610      0    890
   144   1610      0    890
   145   1610      0    890
   146   1610      0    890
   147   1610      0    890
   148   1610      0    890
   149   1610      0    890
   150   1610      0    890
   151   1610      0    890
   152   1610      0    890
   153   1610      0    890
   154   1610      0    890
   155   1610      0    890
   156   1610      0    890
   157   1610      0    890
   158   1610      0    890
   159   1610      0    890
   160   1610      0    890
   161   1610      0    890
   162   1610      0    890
   163   1610      0    890
   164   1610      0    890
   165   1610      0    890
   166   1610      0    890
   167   1610      0    890
   168   1610      0    890
   169   1610      0    890
   170   1610      0    890
   171   1610      0    890
   172   1610      0    890
   173   1610      0    890
   174   1610      0    890
   175   1610      0    890
   176   1610      0    890
   177   1610      0    890
   178   1610      0    890
   179   1610      0    890
   180   1610      0    890
   181   1610      0    890
   182   1610      0    890
   183   1610      0    890
   184   1610      0    890
   185   1610      0    890
   186   1610      0    890
   187   1610      0    890
   188   1610      0    890
   189   1610      0    890
   190   1610      0    890
   191   1610      0    890
   192   1610      0    890
   193   1610      0    890
   194   1610      0    890
   195   1610      0    890
   196   1610      0    890
   197   1610      0    890
   198   1610      0    890
   199   1610      0    890
   200   1610      0    890
   201   1610      0    890
   202   1610      0    890
   203   1610      0    890
   204   1610      0    890
   205   1610      0    890
   206   1610      0    890
   207   1610      0    890
   208   1610      0    890
   209   1610      0    890
   210   1610      0    890
   211   1610      0    890
   212   1610      0    890
   213   1610      0    890
   214   1610      0    890
   215   1610      0    890
   216   1610      0    890
   217   1610      0    890
   218   1610      0    890
   219   1610      0    890
   220   1610      0    890
   221   1610      0    890
   222   1610      0    890
   223   1610      0    890
   224   1610      0    890
   225   1610      0    890
   226   1610      0    890
   227   1610      0    890
   228   1610      0    890
   229   1610      0    890
   230   1610      0    890
   231   1610      0    890
   232   1610      0    890
   233   1610      0    890
   234   1610      0    890
   235   1610      0    890
   236   1610      0    890
   237   1610      0    890
   238   1610      0    890
   239   1610      0    890
   240   1610      0    890
   241   1610      0    890
   242   1610      0    890
   243   1610      0    890
   244   1610      0    890
   245   1610      0    890
   246   1610      0    890
   247   1610      0    890
   248   1610      0    890
   249   1610      0    890
   250   1610      0    890
   251   1610      0    890
   252   1610      0    890
   253   1610      0    890
   254   1610      0    890
   255   1610      0    890
   256   1610      0    890
   257   1610      0    890
   258   1610      0    890
   259   1610      0    890
   260   1610      0    890
   261   1610      0    890
   262   1610      0    890
   263   1610      0    890
   264   1610      0    890
   265   1610      0    890
   266   1610      0    890
   267   1610      0    890
   268   1610      0    890
   269   1610      0    890
   270   1610      0    890
   271   1610      0    890
   272   1610      0    890
   273   1610      0    890
   274   1610      0    890
   275   1610      0    890
   276   1610      0    890
   277   1610      0    890
   278   1610      0    890
   279   1610      0    890
   280   1610      0    890
   281   1610      0    890
   282   1610      0    890
   283   1610      0    890
   284   1610      0    890
   285   1610      0    890
   286   1610      0    890
   287   1610      0    890
   288   1610      0    890
   289   1610      0    890
   290   1610      0    890
   291   1610      0    890
   292   1610      0    890
   293   1610      0    890
   294   1610      0    890
   295   1610      0    890
   296   1610      0    890
   297   1610      0    890
   298   1610      0    890
   299   1610      0    890
   300   1610      0    890
   301   1610      0    890
   302   1610      0    890
   303   1610      0    890
   304   1610      0    890
   305   1610      0    890
   306   1610      0    890
   307   1610      0    890
   308   1610      0    890
   309   1610      0    890
   310   1610      0    890
   311   1610      0    890
   312   1610      0    890
   313   1610      0    890
   314   1610      0    890
   315   1610      0    890
   316   1610      0    890
   317   1610      0    890
   318   1610      0    890
   319   1610      0    890
   320   1610      0    890
   321   1610      0    890
   322   1610      0    890
   323   1610      0    890
   324   1610      0    890
   325   1610      0    890
   326   1610      0    890
   327   1610      0    890
   328   1610      0    890
   329   1610      0    890
   330   1610      0    890
   331   1610      0    890
   332   1610      0    890
   333   1610      0    890
   334   1610      0    890
   335   1610      0    890
   336   1610      0    890
   337   1610      0    890
   338   1610      0    890
   339   1610      0    890
   340   1610      0    890
   341   1610      0    890
   342   1610      0    890
   343   1610      0    890
   344   1610      0    890
   345   1610      0    890
   346   1610      0    890
   347   1610      0    890
   348   1610      0    890
   349   1610      0    890
   350   1610      0    890
   351   1610      0    890
   352   1610      0    890
   353   1610      0    890
   354   1610      0    890
   355   1610      0    890
   356   1610      0    890
   357   1610      0    890
   358   1610      0    890
   359   1610      0    890
   360   1610      0    890
   361   1610      0    890
   362   1610      0    890
   363   1610      0    890
   364   1610      0    890
   365   1610      0    890
   366   1610      0    890
   367   1610      0    890
   368   1610      0    890
   369   1610      0    890
   370   1610      0    890
   371   1610      0    890
   372   1610      0    890
   373   1610      0    890
   374   1610      0    890
   375   1610      0    890
   376   1610      0    890
   377   1610      0    890
   378   1610      0    890
   379   1610      0    890
   380   1610      0    890
   381   1610      0    890
   382   1610      0    890
   383   1610      0    890
   384   1610      0    890
   385   1610      0    890
   386   1610      0    890
   387   1610      0    890
   388   1610      0    890
   389   1610      0    890
   390   1610      0    890
   391   1610      0    890
   392   1610      0    890
   393   1610      0    890
   394   1610      0    890
   395   1610      0    890
   396   1610      0    890
   397   1610      0    890
   398   1610      0    890
   399   1610      0    890
   400   1610      0    890
   401   1610      0    890
   402   1610      0    890
   403   1610      0    890
   404   1610      0    890
   405   1610      0    890
   406   1610      0    890
   407   1610      0    890
   408   1610      0    890
   409   1610      0    890
   410   1610      0    890
   411   1610      0    890
   412   1610      0    890
   413   1610      0    890
   414   1610      0    890
   415   1610      0    890
   416   1610      0    890
   417   1610      0    890
   418   1610      0    890
   419   1610      0    890
   420   1610      0    890
   421   1610      0    890
   422   1610      0    890
   423   1610      0    890
   424   1610      0    890
   425   1610      0    890
   426   1610      0    890
   427   1610      0    890
   428   1610      0    890
   429   1610      0    890
   430   1610      0    890
   431   1610      0    890
   432   1610      0    890
   433   1610      0    890
   434   1610      0    890
   435   1610      0    890
   436   1610      0    890
   437   1610      0    890
   438   1610      0    890
   439   1610      0    890
   440   1610      0    890
   441   1610      0    890
   442   1610      0    890
   443   1610      0    890
   444   1610      0    890
   445   1610      0    890
   446   1610      0    890
   447   1610      0    890
   448   1610      0    890
   449   1610      0    890
   450   1610      0    890
   451   1610      0    890
   452   1610      0    890
   453   1610      0    890
   454   1610      0    890
   455   1610      0    890
   456   1610      0    890
   457   1610      0    890
   458   1610      0    890
   459   1610      0    890
   460   1610      0    890
   461   1610      0    890
   462   1610      0    890
   463   1610      0    890
   464   1610      0    890
   465   1610      0    890
   466   1610      0    890
   467   1610      0    890
   468   1610      0    890
   469   1610      0    890
   470   1610      0    890
   471   1610      0    890
   472   1610      0    890
   473   1610      0    890
   474   1610      0    890
   475   1610      0    890
   476   1610      0    890
   477   1610      0    890
   478   1610      0    890
   479   1610      0    890
   480   1610      0    890
   481   1610      0    890
   482   1610      0    890
   483   1610      0    890
   484   1610      0    890
   485   1610      0    890
   486   1610      0    890
   487   1610      0    890
   488   1610      0    890
   489   1610      0    890
   490   1610      0    890
   491   1610      0    890
   492   1610      0    890
   493   1610      0    890
   494   1610      0    890
   495   1610      0    890
   496   1610      0    890
   497   1610      0    890
   498   1610      0    890
   499   1610      0    890
   500   1610      0    890
   501   1610      0    890
   502   1610      0    890
   503   1610      0    890
   504   1610      0    890
   505   1610      0    890
   506   1610      0    890
   507   1610      0    890
   508   1610      0    890
   509   1610      0    890
   510   1610      0    890
   511   1610      0    890
   512   1610      0    890
   513   1610      0    890
   514   1610      0    890
   515   1610      0    890
   516   1610      0    890
   517   1610      0    890
   518   1610      0    890
   519   1610      0    890
   520   1610      0    890
   521   1610      0    890
   522   1610      0    890
   523   1610      0    890
   524   1610      0    890
   525   1610      0    890
   526   1610      0    890
   527   1610      0    890
   528   1610      0    890
   529   1610      0    890
   530   1610      0    890
   531   1610      0    890
   532   1610      0    890
   533   1610      0    890
   534   1610      0    890
   535   1610      0    890
   536   1610      0    890
   537   1610      0    890
   538   1610      0    890
   539   1610      0    890
   540   1610      0    890
   541   1610      0    890
   542   1610      0    890
   543   1610      0    890
   544   1610      0    890
   545   1610      0    890
   546   1610      0    890
   547   1610      0    890
   548   1610      0    890
   549   1610      0    890
   550   1610      0    890
   551   1610      0    890
   552   1610      0    890
   553   1610      0    890
   554   1610      0    890
   555   1610      0    890
   556   1610      0    890
   557   1610      0    890
   558   1610      0    890
   559   1610      0    890
   560   1610      0    890
   561   1610      0    890
   562   1610      0    890
   563   1610      0    890
   564   1610      0    890
   565   1610      0    890
   566   1610      0    890
   567   1610      0    890
   568   1610      0    890
   569   1610      0    890
   570   1610      0    890
   571   1610      0    890
   572   1610      0    890
   573   1610      0    890
   574   1610      0    890
   575   1610      0    890
   576   1610      0    890
   577   1610      0    890
   578   1610      0    890
   579   1610      0    890
   580   1610      0    890
   581   1610      0    890
   582   1610      0    890
   583   1610      0    890
   584   1610      0    890
   585   1610      0    890
   586   1610      0    890
   587   1610      0    890
   588   1610      0    890
   589   1610      0    890
   590   1610      0    890
   591   1610      0    890
   592   1610      0    890
   593   1610      0    890
   594   1610      0    890
   595   1610      0    890
   596   1610      0    890
   597   1610      0    890
   598   1610      0    890
   599   1610      0    890
   600   1610      0    890
   601   1610      0    890
   602   1610      0    890
   603   1610      0    890
   604   1610      0    890
   605   1610      0    890
   606   1610      0    890
   607   1610      0    890
   608   1610      0    890
   609   1610      0    890
   610   1610      0    890
   611   1610      0    890
   612   1610      0    890
   613   1610      0    890
   614   1610      0    890
   615   1610      0    890
   616   1610      0    890
   617   1610      0    890
   618   1610      0    890
   619   1610      0    890
   620   1610      0    890
   621   1610      0    890
   622   1610      0    890
   623   1610      0    890
   624   1610      0    890
   625   1610      0    890
   626   1610      0    890
   627   1610      0    890
   628   1610      0    890
   629   1610      0    890
   630   1610      0    890
   631   1610      0    890
   632   1610      0    890
   633   1610      0    890
   634   1610      0    890
   635   1610      0    890
   636   1610      0    890
   637   1610      0    890
   638   1610      0    890
   639   1610      0    890
   640   1610      0    890
   641   1610      0    890
   642   1610      0    890
   643   1610      0    890
   644   1610      0    890
   645   1610      0    890
   646   1610      0    890
   647   1610      0    890
   648   1610      0    890
   649   1610      0    890
   650   1610      0    890
   651   1610      0    890
   652   1610      0    890
   653   1610      0    890
   654   1610      0    890
   655   1610      0    890
   656   1610      0    890
   657   1610      0    890
   658   1610      0    890
   659   1610      0    890
   660   1610      0    890
   661   1610      0    890
   662   1610      0    890
   663   1610      0    890
   664   1610      0    890
   665   1610      0    890
   666   1610      0    890
   667   1610      0    890
   668   1610      0    890
   669   1610      0    890
   670   1610      0    890
   671   1610      0    890
   672   1610      0    890
   673   1610      0    890
   674   1610      0    890
   675   1610      0    890
   676   1610      0    890
   677   1610      0    890
   678   1610      0    890
   679   1610      0    890
   680   1610      0    890
   681   1610      0    890
   682   1610      0    890
   683   1610      0    890
   684   1610      0    890
   685   1610      0    890
   686   1610      0    890
   687   1610      0    890
   688   1610      0    890
   689   1610      0    890
   690   1610      0    890
   691   1610      0    890
   692   1610      0    890
   693   1610      0    890
   694   1610      0    890
   695   1610      0    890
   696   1610      0    890
   697   1610      0    890
   698   1610      0    890
   699   1610      0    890
   700   1610      0    890
   701   1610      0    890
   702   1610      0    890
   703   1610      0    890
   704   1610      0    890
   705   1610      0    890
   706   1610      0    890
   707   1610      0    890
   708   1610      0    890
   709   1610      0    890
   710   1610      0    890
   711   1610      0    890
   712   1610      0    890
   713   1610      0    890
   714   1610      0    890
   715   1610      0    890
   716   1610      0    890
   717   1610      0    890
   718   1610      0    890
   719   1610      0    890
   720   1610      0    890
   721   1610      0    890
   722   1610      0    890
   723   1610      0    890
   724   1610      0    890
   725   1610      0    890
   726   1610      0    890
   727   1610      0    890
   728   1610      0    890
   729   1610      0    890
   730   1610      0    890
   731   1610      0    890
   732   1610      0    890
   733   1610      0    890
   734   1610      0    890
   735   1610      0    890
   736   1610      0    890
   737   1610      0    890
   738   1610      0    890
   739   1610      0    890
   740   1610      0    890
   741   1610      0    890
   742   1610      0    890
   743   1610      0    890
   744   1610      0    890
   745   1610      0    890
   746   1610      0    890
   747   1610      0    890
   748   1610      0    890
   749   1610      0    890
   750   1610      0    890
   751   1610      0    890
   752   1610      0    890
   753   1610      0    890
   754   1610      0    890
   755   1610      0    890
   756   1610      0    890
   757   1610      0    890
   758   1610      0    890
   759   1610      0    890
   760   1610      0    890
   761   1610      0    890
   762   1610      0    890
   763   1610      0    890
   764   1610      0    890
   765   1610      0    890
   766   1610      0    890
   767   1610      0    890
   768   1610      0    890
   769   1610      0    890
   770   1610      0    890
   771   1610      0    890
   772   1610      0    890
   773   1610      0    890
   774   1610      0    890
   775   1610      0    890
   776   1610      0    890
   777   1610      0    890
   778   1610      0    890
   779   1610      0    890
   780   1610      0    890
   781   1610      0    890
   782   1610      0    890
   783   1610      0    890
   784   1610      0    890
   785   1610      0    890
   786   1610      0    890
   787   1610      0    890
   788   1610      0    890
   789   1610      0    890
   790   1610      0    890
   791   1610      0    890
   792   1610      0    890
   793   1610      0    890
   794   1610      0    890
   795   1610      0    890
   796   1610      0    890
   797   1610      0    890
   798   1610      0    890
   799   1610      0    890
   800   1610      0    890
   801   1610      0    890
   802   1610      0    890
   803   1610      0    890
   804   1610      0    890
   805   1610      0    890
   806   1610      0    890
   807   1610      0    890
   808   1610      0    890
   809   1610      0    890
   810   1610      0    890
   811   1610      0    890
   812   1610      0    890
   813   1610      0    890
   814   1610      0    890
   815   1610      0    890
   816   1610      0    890
   817   1610      0    890
   818   1610      0    890
   819   1610      0    890
   820   1610      0    890
   821   1610      0    890
   822   1610      0    890
   823   1610      0    890
   824   1610      0    890
   825   1610      0    890
   826   1610      0    890
   827   1610      0    890
   828   1610      0    890
   829   1610      0    890
   830   1610      0    890
   831   1610      0    890
   832   1610      0    890
   833   1610      0    890
   834   1610      0    890
   835   1610      0    890
   836   1610      0    890
   837   1610      0    890
   838   1610      0    890
   839   1610      0    890
   840   1610      0    890
   841   1610      0    890
   842   1610      0    890
   843   1610      0    890
   844   1610      0    890
   845   1610      0    890
   846   1610      0    890
   847   1610      0    890
   848   1610      0    890
   849   1610      0    890
   850   1610      0    890
   851   1610      0    890
   852   1610      0    890
   853   1610      0    890
   854   1610      0    890
   855   1610      0    890
   856   1610      0    890
   857   1610      0    890
   858   1610      0    890
   859   1610      0    890
   860   1610      0    890
   861   1610      0    890
   862   1610      0    890
   863   1610      0    890
   864   1610      0    890
   865   1610      0    890
   866   1610      0    890
   867   1610      0    890
   868   1610      0    890
   869   1610      0    890
   870   1610      0    890
   871   1610      0    890
   872   1610      0    890
   873   1610      0    890
   874   1610      0    890
   875   1610      0    890
   876   1610      0    890
   877   1610      0    890
   878   1610      0    890
   879   1610      0    890
   880   1610      0    890
   881   1610      0    890
   882   1610      0    890
   883   1610      0    890
   884   1610      0    890
   885   1610      0    890
   886   1610      0    890
   887   1610      0    890
   888   1610      0    890
   889   1610      0    890
   890   1610      0    890
   891   1610      0    890
   892   1610      0    890
   893   1610      0    890
   894   1610      0    890
   895   1610      0    890
   896   1610      0    890
   897   1610      0    890
   898   1610      0    890
   899   1610      0    890
   900   1610      0    890
   901   1610      0    890
   902   1610      0    890
   903   1610      0    890
   904   1610      0    890
   905   1610      0    890
   906   1610      0    890
   907   1610      0    890
   908   1610      0    890
   909   1610      0    890
   910   1610      0    890
   911   1610      0    890
   912   1610      0    890
   913   1610      0    890
   914   1610      0    890
   915   1610      0    890
   916   1610      0    890
   917   1610      0    890
   918   1610      0    890
   919   1610      0    890
   920   1610      0    890
   921   1610      0    890
   922   1610      0    890
   923   1610      0    890
   924   1610      0    890
   925   1610      0    890
   926   1610      0    890
   927   1610      0    890
   928   1610      0    890
   929   1610      0    890
   930   1610      0    890
   931   1610      0    890
   932   1610      0    890
   933   1610      0    890
   934   1610      0    890
   935   1610      0    890
   936   1610      0    890
   937   1610      0    890
   938   1610      0    890
   939   1610      0    890
   940   1610      0    890
   941   1610      0    890
   942   1610      0    890
   943   1610      0    890
   944   1610      0    890
   945   1610      0    890
   946   1610      0    890
   947   1610      0    890
   948   1610      0    890
   949   1610      0    890
   950   1610      0    890
   951   1610      0    890
   952   1610      0    890
   953   1610      0    890
   954   1610      0    890
   955   1610      0    890
   956   1610      0    890
   957   1610      0    890
   958   1610      0    890
   959   1610      0    890
   960   1610      0    890
   961   1610      0    890
   962   1610      0    890
   963   1610      0    890
   964   1610      0    890
   965   1610      0    890
   966   1610      0    890
   967   1610      0    890
   968   1610      0    890
   969   1610      0    890
   970   1610      0    890
   971   1610      0    890
   972   1610      0    890
   973   1610      0    890
   974   1610      0    890
   975   1610      0    890
   976   1610      0    890
   977   1610      0    890
   978   1610      0    890
   979   1610      0    890
   980   1610      0    890
   981   1610      0    890
   982   1610      0    890
   983   1610      0    890
   984   1610      0    890
   985   1610      0    890
   986   1610      0    890
   987   1610      0    890
   988   1610      0    890
   989   1610      0    890
   990   1610      0    890
   991   1610      0    890
   992   1610      0    890
   993   1610      0    890
   994   1610      0    890
   995   1610      0    890
   996   1610      0    890
   997   1610      0    890
   998   1610      0    890
   999   1610      0    890
  1000   1610      0    890
