# time (sweeps) | Susceptible | Infected | Recovered
     0   1457    325    718
     1   1461    320    719
     2   1469    319    712
     3   1458    337    705
     4   1459    317    724
     5   1433    355    712
     6   1427    339    734
     7   1441    318    741
     8   1440    315    745
     9   1440    316    744
    10   1449    316    735
    11   1454    307    739
    12   1491    303    706
    13   1477    319    704
    14   1499    296    705
    15   1480    344    676
    16   1473    346    681
    17   1439    357    704
    18   1433    313    754
    19   1434    338    728
    20   1422    358    720
    21   1383    391    726
    22   1369    382    749
    23   1353    391    756
    24   1321    382    797
    25   1317    396    787
    26   1310    396    794
    27   1299    426    775
    28   1290    427    783
    29   1285    426    789
    30   1266    427    807
    31   1309    404    787
    32   1325    382    793
    33   1343    368    789
    34   1343    379    778
    35   1367    358    775
    36   1384    353    763
    37   1357    366    777
    38   1343    374    783
    39   1373    361    766
    40   1346    390    764
    41   1376    369    755
    42   1409    366    725
    43   1406    371    723
    44   1362    398    740
    45   1326    409    765
    46   1309    411    780
    47   1293    429    778
    48   1275    420    805
    49   1284    404    812
    50   1289    413    798
    51   1304    391    805
    52   1335    386    779
    53   1318    398    784
    54   1339    374    787
    55   1342    378    780
    56   1339    378    783
    57   1327    377    796
    58   1358    337    805
    59   1384    353    763
    60   1393    347    760
    61   1378    348    774
    62   1388    366    746
    63   1364    365    771
    64   1378    355    767
    65   1387    353    760
    66   1396    342    762
    67   1403    366    731
    68   1369    386    745
    69   1358    350    792
    70   1400    335    765
    71   1438    302    760
    72   1459    308    733
    73   1440    334    726
    74   1420    348    732
    75   1420    358    722
    76   1404    354    742
    77   1410    344    746
    78   1425    339    736
    79   1416    338    746
    80   1382    361    757
    81   1386    370    744
    82   1389    355    756
    83   1391    355    754
    84   1348    366    786
    85   1387    338    775
    86   1414    332    754
    87   1396    361    743
    88   1353    348    799
    89   1374    372    754
    90   1362    381    757
    91   1348    392    760
    92   1361    359    780
    93   1377    362    761
    94   1374    375    751
    95   1335    419    746
    96   1303    395    802
    97   1313    395    792
    98   1333    381    786
    99   1338    393    769
   100   1336    392    772
   101   1322    390    788
   102   1333    414    753
   103   1336    384    780
   104   1292    408    800
   105   1280    436    784
   106   1259    434    807
   107   1294    419    787
   108   1319    417    764
   109   1257    445    798
   110   1266    435    799
   111   1278    388    834
   112   1301    403    796
   113   1290    424    786
   114   1294    394    812
   115   1312    420    768
   116   1293    439    768
   117   1266    453    781
   118   1253    422    825
   119   1273    403    824
   120   1311    390    799
   121   1310    381    809
   122   1338    362    800
   123   1344    373    783
   124   1388    345    767
   125   1358    386    756
   126   1326    385    789
   127   1368    353    779
   128   1353    353    794
   129   1360    361    779
   130   1361    365    774
   131   1378    347    775
   132   1418    334    748
   133   1428    320    752
   134   1441    313    746
   135   1448    321    731
   136   1446    322    732
   137   1447    332    721
   138   1470    320    710
   139   1480    305    715
   140   1480    301    719
   141   1470    315    715
   142   1444    329    727
   143   1439    337    724
   144   1446    324    730
   145   1439    328    733
   146   1419    340    741
   147   1410    328    762
   148   1448    306    746
   149   1460    314    726
   150   1467    305    728
   151   1445    318    737
   152   1448    316    736
   153   1456    324    720
   154   1461    338    701
   155   1442    345    713
   156   1452    331    717
   157   1439    344    717
   158   1461    316    723
   159   1472    320    708
   160   1466    293    741
   161   1458    288    754
   162   1449    295    756
   163   1469    320    711
   164   1452    329    719
   165   1466    320    714
   166   1422    383    695
   167   1414    357    729
   168   1385    378    737
   169   1351    363    786
   170   1357    360    783
   171   1362    355    783
   172   1378    352    770
   173   1344    380    776
   174   1343    380    777
   175   1369    347    784
   176   1392    359    749
   177   1378    378    744
   178   1367    380    753
   179   1356    386    758
   180   1358    392    750
   181   1328    411    761
   182   1325    392    783
   183   1331    370    799
   184   1343    371    786
   185   1331    389    780
   186   1318    403    779
   187   1316    390    794
   188   1334    383    783
   189   1324    404    772
   190   1334    375    791
   191   1356    350    794
   192   1351    365    784
   193   1380    342    778
   194   1392    334    774
   195   1403    345    752
   196   1409    345    746
   197   1430    335    735
   198   1406    357    737
   199   1399    358    743
   200   1382    359    759
   201   1386    377    737
   202   1394    347    759
   203   1399    360    741
   204   1410    332    758
   205   1415    330    755
   206   1425    320    755
   207   1482    334    684
   208   1456    350    694
   209   1443    364    693
   210   1409    369    722
   211   1371    386    743
   212   1390    359    751
   213   1408    340    752
   214   1415    324    761
   215   1408    346    746
   216   1411    346    743
   217   1420    327    753
   218   1449    317    734
   219   1460    304    736
   220   1476    285    739
   221   1490    302    708
   222   1509    295    696
   223   1498    295    707
   224   1513    287    700
   225   1490    305    705
   226   1485    292    723
   227   1511    296    693
   228   1471    311    718
   229   1460    323    717
   230   1457    335    708
   231   1429    344    727
   232   1458    321    721
   233   1431    363    706
   234   1420    370    710
   235   1421    356    723
   236   1379    392    729
   237   1391    373    736
   238   1364    374    762
   239   1335    377    788
   240   1351    362    787
   241   1402    348    750
   242   1398    353    749
   243   1398    366    736
   244   1389    370    741
   245   1372    383    745
   246   1364    364    772
   247   1361    360    779
   248   1373    365    762
   249   1401    340    759
   250   1418    323    759
   251   1436    301    763
   252   1458    310    732
   253   1464    307    729
   254   1422    334    744
   255   1449    316    735
   256   1455    327    718
   257   1457    319    724
   258   1457    308    735
   259   1484    268    748
   260   1540    258    702
   261   1559    267    674
   262   1565    270    665
   263   1524    299    677
   264   1522    290    688
   265   1537    275    688
   266   1548    271    681
   267   1549    265    686
   268   1542    277    681
   269   1550    272    678
   270   1568    278    654
   271   1536    300    664
   272   1512    302    686
   273   1517    307    676
   274   1497    323    680
   275   1443    352    705
   276   1422    351    727
   277   1402    351    747
   278   1412    342    746
   279   1378    367    755
   280   1384    372    744
   281   1354    405    741
   282   1334    402    764
   283   1332    407    761
   284   1313    407    780
   285   1321    399    780
   286   1344    383    773
   287   1357    361    782
   288   1384    341    775
   289   1401    310    789
   290   1419    313    768
   291   1417    339    744
   292   1398    353    749
   293   1366    373    761
   294   1388    361    751
   295   1389    366    745
   296   1376    369    755
   297   1389    376    735
   298   1371    370    759
   299   1365    386    749
   300   1338    416    746
   301   1319    391    790
   302   1316    379    805
   303   1322    381    797
   304   1348    338    814
   305   1365    345    790
   306   1383    327    790
   307   1432    296    772
   308   1453    312    735
   309   1450    317    733
   310   1424    352    724
   311   1440    363    697
   312   1395    379    726
   313   1374    378    748
   314   1364    380    756
   315   1383    351    766
   316   1392    352    756
   317   1388    354    758
   318   1383    357    760
   319   1410    348    742
   320   1403    333    764
   321   1398    376    726
   322   1414    334    752
   323   1439    320    741
   324   1406    346    748
   325   1386    343    771
   326   1371    366    763
   327   1375    370    755
   328   1385    384    731
   329   1366    385    749
   330   1355    401    744
   331   1354    376    770
   332   1362    356    782
   333   1367    358    775
   334   1373    359    768
   335   1418    343    739
   336   1425    326    749
   337   1416    336    748
   338   1414    345    741
   339   1407    358    735
   340   1401    368    731
   341   1372    369    759
   342   1368    381    751
   343   1336    405    759
   344   1323    394    783
   345   1336    385    779
   346   1367    353    780
   347   1334    380    786
   348   1373    361    766
   349   1355    384    761
   350   1333    400    767
   351   1303    401    796
   352   1285    389    826
   353   1361    345    794
   354   1378    340    782
   355   1379    352    769
   356   1403    329    768
   357   1409    335    756
   358   1396    338    766
   359   1386    343    771
   360   1380    352    768
   361   1376    341    783
   362   1388    357    755
   363   1409    349    742
   364   1389    359    752
   365   1401    333    766
   366   1404    336    760
   367   1426    315    759
   368   1438    315    747
   369   1434    340    726
   370   1449    326    725
   371   1437    353    710
   372   1412    353    735
   373   1377    379    744
   374   1360    379    761
   375   1359    378    763
   376   1398    334    768
   377   1396    343    761
   378   1402    350    748
   379   1386    366    748
   380   1391    364    745
   381   1357    386    757
   382   1371    364    765
   383   1353    363    784
   384   1379    362    759
   385   1356    372    772
   386   1330    407    763
   387   1317    409    774
   388   1317    395    788
   389   1333    394    773
   390   1344    371    785
   391   1364    377    759
   392   1404    354    742
   393   1379    376    745
   394   1364    352    784
   395   1342    383    775
   396   1350    356    794
   397   1364    341    795
   398   1385    327    788
   399   1423    326    751
   400   1419    327    754
   401   1455    315    730
   402   1455    311    734
   403   1457    318    725
   404   1468    321    711
   405   1459    329    712
   406   1423    333    744
   407   1429    303    768
   408   1470    301    729
   409   1481    303    716
   410   1470    313    717
   411   1439    342    719
   412   1383    355    762
   413   1365    358    777
   414   1392    355    753
   415   1340    412    748
   416   1343    400    757
   417   1320    410    770
   418   1288    429    783
   419   1282    420    798
   420   1273    410    817
   421   1300    367    833
   422   1305    396    799
   423   1315    414    771
   424   1314    366    820
   425   1351    351    798
   426   1357    367    776
   427   1369    360    771
   428   1385    326    789
   429   1394    339    767
   430   1379    361    760
   431   1383    356    761
   432   1363    375    762
   433   1351    378    771
   434   1361    363    776
   435   1387    331    782
   436   1407    331    762
   437   1411    330    759
   438   1400    336    764
   439   1421    305    774
   440   1457    306    737
   441   1448    321    731
   442   1444    305    751
   443   1449    321    730
   444   1440    330    730
   445   1428    346    726
   446   1433    322    745
   447   1406    353    741
   448   1351    405    744
   449   1336    391    773
   450   1350    361    789
   451   1340    382    778
   452   1334    393    773
   453   1342    375    783
   454   1329    384    787
   455   1337    388    775
   456   1316    401    783
   457   1338    394    768
   458   1322    395    783
   459   1299    393    808
   460   1299    393    808
   461   1299    393    808
   462   1299    393    808
   463   1299    393    808
   464   1299    393    808
   465   1299    393    808
   466   1299    393    808
   467   1299    393    808
   468   1299    393    808
   469   1299    393    808
   470   1299    393    808
   471   1299    393    808
   472   1299    393    808
   473   1299    393    808
   474   1299    393    808
   475   1299    393    808
   476   1299    393    808
   477   1299    393    808
   478   1299    393    808
   479   1299    393    808
   480   1299    393    808
   481   1299    393    808
   482   1299    393    808
   483   1299    393    808
   484   1299    393    808
   485   1299    393    808
   486   1299    393    808
   487   1299    393    808
   488   1299    393    808
   489   1299    393    808
   490   1299    393    808
   491   1299    393    808
   492   1299    393    808
   493   1299    393    808
   494   1299    393    808
   495   1299    393    808
   496   1299    393    808
   497   1299    393    808
   498   1299    393    808
   499   1299    393    808
   500   1299    393    808
   501   1299    393    808
   502   1299    393    808
   503   1299    393    808
   504   1299    393    808
   505   1299    393    808
   506   1299    393    808
   507   1299    393    808
   508   1299    393    808
   509   1299    393    808
   510   1299    393    808
   511   1299    393    808
   512   1299    393    808
   513   1299    393    808
   514   1299    393    808
   515   1299    393    808
   516   1299    393    808
   517   1299    393    808
   518   1299    393    808
   519   1299    393    808
   520   1299    393    808
   521   1299    393    808
   522   1299    393    808
   523   1299    393    808
   524   1299    393    808
   525   1299    393    808
   526   1299    393    808
   527   1299    393    808
   528   1299    393    808
   529   1299    393    808
   530   1299    393    808
   531   1299    393    808
   532   1299    393    808
   533   1299    393    808
   534   1299    393    808
   535   1299    393    808
   536   1299    393    808
   537   1299    393    808
   538   1299    393    808
   539   1299    393    808
   540   1299    393    808
   541   1299    393    808
   542   1299    393    808
   543   1299    393    808
   544   1299    393    808
   545   1299    393    808
   546   1299    393    808
   547   1299    393    808
   548   1299    393    808
   549   1299    393    808
   550   1299    393    808
   551   1299    393    808
   552   1299    393    808
   553   1299    393    808
   554   1299    393    808
   555   1299    393    808
   556   1299    393    808
   557   1299    393    808
   558   1299    393    808
   559   1299    393    808
   560   1299    393    808
   561   1299    393    808
   562   1299    393    808
   563   1299    393    808
   564   1299    393    808
   565   1299    393    808
   566   1299    393    808
   567   1299    393    808
   568   1299    393    808
   569   1299    393    808
   570   1299    393    808
   571   1299    393    808
   572   1299    393    808
   573   1299    393    808
   574   1299    393    808
   575   1299    393    808
   576   1299    393    808
   577   1299    393    808
   578   1299    393    808
   579   1299    393    808
   580   1299    393    808
   581   1299    393    808
   582   1299    393    808
   583   1299    393    808
   584   1299    393    808
   585   1299    393    808
   586   1299    393    808
   587   1299    393    808
   588   1299    393    808
   589   1299    393    808
   590   1299    393    808
   591   1299    393    808
   592   1299    393    808
   593   1299    393    808
   594   1299    393    808
   595   1299    393    808
   596   1299    393    808
   597   1299    393    808
   598   1299    393    808
   599   1299    393    808
   600   1299    393    808
   601   1299    393    808
   602   1299    393    808
   603   1299    393    808
   604   1299    393    808
   605   1299    393    808
   606   1299    393    808
   607   1299    393    808
   608   1299    393    808
   609   1299    393    808
   610   1299    393    808
   611   1299    393    808
   612   1299    393    808
   613   1299    393    808
   614   1299    393    808
   615   1299    393    808
   616   1299    393    808
   617   1299    393    808
   618   1299    393    808
   619   1299    393    808
   620   1299    393    808
   621   1299    393    808
   622   1299    393    808
   623   1299    393    808
   624   1299    393    808
   625   1299    393    808
   626   1299    393    808
   627   1299    393    808
   628   1299    393    808
   629   1299    393    808
   630   1299    393    808
   631   1299    393    808
   632   1299    393    808
   633   1299    393    808
   634   1299    393    808
   635   1299    393    808
   636   1299    393    808
   637   1299    393    808
   638   1299    393    808
   639   1299    393    808
   640   1299    393    808
   641   1299    393    808
   642   1299    393    808
   643   1299    393    808
   644   1299    393    808
   645   1299    393    808
   646   1299    393    808
   647   1299    393    808
   648   1299    393    808
   649   1299    393    808
   650   1299    393    808
   651   1299    393    808
   652   1299    393    808
   653   1299    393    808
   654   1299    393    808
   655   1299    393    808
   656   1299    393    808
   657   1299    393    808
   658   1299    393    808
   659   1299    393    808
   660   1299    393    808
   661   1299    393    808
   662   1299    393    808
   663   1299    393    808
   664   1299    393    808
   665   1299    393    808
   666   1299    393    808
   667   1299    393    808
   668   1299    393    808
   669   1299    393    808
   670   1299    393    808
   671   1299    393    808
   672   1299    393    808
   673   1299    393    808
   674   1299    393    808
   675   1299    393    808
   676   1299    393    808
   677   1299    393    808
   678   1299    393    808
   679   1299    393    808
   680   1299    393    808
   681   1299    393    808
   682   1299    393    808
   683   1299    393    808
   684   1299    393    808
   685   1299    393    808
   686   1299    393    808
   687   1299    393    808
   688   1299    393    808
   689   1299    393    808
   690   1299    393    808
   691   1299    393    808
   692   1299    393    808
   693   1299    393    808
   694   1299    393    808
   695   1299    393    808
   696   1299    393    808
   697   1299    393    808
   698   1299    393    808
   699   1299    393    808
   700   1299    393    808
   701   1299    393    808
   702   1299    393    808
   703   1299    393    808
   704   1299    393    808
   705   1299    393    808
   706   1299    393    808
   707   1299    393    808
   708   1299    393    808
   709   1299    393    808
   710   1299    393    808
   711   1299    393    808
   712   1299    393    808
   713   1299    393    808
   714   1299    393    808
   715   1299    393    808
   716   1299    393    808
   717   1299    393    808
   718   1299    393    808
   719   1299    393    808
   720   1299    393    808
   721   1299    393    808
   722   1299    393    808
   723   1299    393    808
   724   1299    393    808
   725   1299    393    808
   726   1299    393    808
   727   1299    393    808
   728   1299    393    808
   729   1299    393    808
   730   1299    393    808
   731   1299    393    808
   732   1299    393    808
   733   1299    393    808
   734   1299    393    808
   735   1299    393    808
   736   1299    393    808
   737   1299    393    808
   738   1299    393    808
   739   1299    393    808
   740   1299    393    808
   741   1299    393    808
   742   1299    393    808
   743   1299    393    808
   744   1299    393    808
   745   1299    393    808
   746   1299    393    808
   747   1299    393    808
   748   1299    393    808
   749   1299    393    808
   750   1299    393    808
   751   1299    393    808
   752   1299    393    808
   753   1299    393    808
   754   1299    393    808
   755   1299    393    808
   756   1299    393    808
   757   1299    393    808
   758   1299    393    808
   759   1299    393    808
   760   1299    393    808
   761   1299    393    808
   762   1299    393    808
   763   1299    393    808
   764   1299    393    808
   765   1299    393    808
   766   1299    393    808
   767   1299    393    808
   768   1299    393    808
   769   1299    393    808
   770   1299    393    808
   771   1299    393    808
   772   1299    393    808
   773   1299    393    808
   774   1299    393    808
   775   1299    393    808
   776   1299    393    808
   777   1299    393    808
   778   1299    393    808
   779   1299    393    808
   780   1299    393    808
   781   1299    393    808
   782   1299    393    808
   783   1299    393    808
   784   1299    393    808
   785   1299    393    808
   786   1299    393    808
   787   1299    393    808
   788   1299    393    808
   789   1299    393    808
   790   1299    393    808
   791   1299    393    808
   792   1299    393    808
   793   1299    393    808
   794   1299    393    808
   795   1299    393    808
   796   1299    393    808
   797   1299    393    808
   798   1299    393    808
   799   1299    393    808
   800   1299    393    808
   801   1299    393    808
   802   1299    393    808
   803   1299    393    808
   804   1299    393    808
   805   1299    393    808
   806   1299    393    808
   807   1299    393    808
   808   1299    393    808
   809   1299    393    808
   810   1299    393    808
   811   1299    393    808
   812   1299    393    808
   813   1299    393    808
   814   1299    393    808
   815   1299    393    808
   816   1299    393    808
   817   1299    393    808
   818   1299    393    808
   819   1299    393    808
   820   1299    393    808
   821   1299    393    808
   822   1299    393    808
   823   1299    393    808
   824   1299    393    808
   825   1299    393    808
   826   1299    393    808
   827   1299    393    808
   828   1299    393    808
   829   1299    393    808
   830   1299    393    808
   831   1299    393    808
   832   1299    393    808
   833   1299    393    808
   834   1299    393    808
   835   1299    393    808
   836   1299    393    808
   837   1299    393    808
   838   1299    393    808
   839   1299    393    808
   840   1299    393    808
   841   1299    393    808
   842   1299    393    808
   843   1299    393    808
   844   1299    393    808
   845   1299    393    808
   846   1299    393    808
   847   1299    393    808
   848   1299    393    808
   849   1299    393    808
   850   1299    393    808
   851   1299    393    808
   852   1299    393    808
   853   1299    393    808
   854   1299    393    808
   855   1299    393    808
   856   1299    393    808
   857   1299    393    808
   858   1299    393    808
   859   1299    393    808
   860   1299    393    808
   861   1299    393    808
   862   1299    393    808
   863   1299    393    808
   864   1299    393    808
   865   1299    393    808
   866   1299    393    808
   867   1299    393    808
   868   1299    393    808
   869   1299    393    808
   870   1299    393    808
   871   1299    393    808
   872   1299    393    808
   873   1299    393    808
   874   1299    393    808
   875   1299    393    808
   876   1299    393    808
   877   1299    393    808
   878   1299    393    808
   879   1299    393    808
   880   1299    393    808
   881   1299    393    808
   882   1299    393    808
   883   1299    393    808
   884   1299    393    808
   885   1299    393    808
   886   1299    393    808
   887   1299    393    808
   888   1299    393    808
   889   1299    393    808
   890   1299    393    808
   891   1299    393    808
   892   1299    393    808
   893   1299    393    808
   894   1299    393    808
   895   1299    393    808
   896   1299    393    808
   897   1299    393    808
   898   1299    393    808
   899   1299    393    808
   900   1299    393    808
   901   1299    393    808
   902   1299    393    808
   903   1299    393    808
   904   1299    393    808
   905   1299    393    808
   906   1299    393    808
   907   1299    393    808
   908   1299    393    808
   909   1299    393    808
   910   1299    393    808
   911   1299    393    808
   912   1299    393    808
   913   1299    393    808
   914   1299    393    808
   915   1299    393    808
   916   1299    393    808
   917   1299    393    808
   918   1299    393    808
   919   1299    393    808
   920   1299    393    808
   921   1299    393    808
   922   1299    393    808
   923   1299    393    808
   924   1299    393    808
   925   1299    393    808
   926   1299    393    808
   927   1299    393    808
   928   1299    393    808
   929   1299    393    808
   930   1299    393    808
   931   1299    393    808
   932   1299    393    808
   933   1299    393    808
   934   1299    393    808
   935   1299    393    808
   936   1299    393    808
   937   1299    393    808
   938   1299    393    808
   939   1299    393    808
   940   1299    393    808
   941   1299    393    808
   942   1299    393    808
   943   1299    393    808
   944   1299    393    808
   945   1299    393    808
   946   1299    393    808
   947   1299    393    808
   948   1299    393    808
   949   1299    393    808
   950   1299    393    808
   951   1299    393    808
   952   1299    393    808
   953   1299    393    808
   954   1299    393    808
   955   1299    393    808
   956   1299    393    808
   957   1299    393    808
   958   1299    393    808
   959   1299    393    808
   960   1299    393    808
   961   1299    393    808
   962   1299    393    808
   963   1299    393    808
   964   1299    393    808
   965   1299    393    808
   966   1299    393    808
   967   1299    393    808
   968   1299    393    808
   969   1299    393    808
   970   1299    393    808
   971   1299    393    808
   972   1299    393    808
   973   1299    393    808
   974   1299    393    808
   975   1299    393    808
   976   1299    393    808
   977   1299    393    808
   978   1299    393    808
   979   1299    393    808
   980   1299    393    808
   981   1299    393    808
   982   1299    393    808
   983   1299    393    808
   984   1299    393    808
   985   1299    393    808
   986   1299    393    808
   987   1299    393    808
   988   1299    393    808
   989   1299    393    808
   990   1299    393    808
   991   1299    393    808
   992   1299    393    808
   993   1299    393    808
   994   1299    393    808
   995   1299    393    808
   996   1299    393    808
   997   1299    393    808
   998   1299    393    808
   999   1299    393    808
  1000   1299    393    808
