# time (sweeps) | Susceptible | Infected | Recovered
     0   1746     11    743
     1   1750      8    742
     2   1754      5    741
     3   1751     10    739
     4   1748     11    741
     5   1746     11    743
     6   1747      8    745
     7   1749     12    739
     8   1738     21    741
     9   1728     25    747
    10   1732     17    751
    11   1735     17    748
    12   1738     17    745
    13   1734     16    750
    14   1731     17    752
    15   1737     11    752
    16   1730     18    752
    17   1728     19    753
    18   1734     16    750
    19   1730     17    753
    20   1730     22    748
    21   1728     16    756
    22   1732     19    749
    23   1728     17    755
    24   1736     12    752
    25   1730     16    754
    26   1730     19    751
    27   1736     19    745
    28   1733     22    745
    29   1735     19    746
    30   1735     23    742
    31   1733     24    743
    32   1728     20    752
    33   1731     18    751
    34   1734     14    752
    35   1733     25    742
    36   1733     18    749
    37   1739     13    748
    38   1739     14    747
    39   1744     12    744
    40   1740     16    744
    41   1742     15    743
    42   1734     21    745
    43   1736     19    745
    44   1729     23    748
    45   1728     18    754
    46   1731     10    759
    47   1735     13    752
    48   1736     16    748
    49   1731     22    747
    50   1730     19    751
    51   1731     18    751
    52   1733     19    748
    53   1738     15    747
    54   1737     15    748
    55   1744      9    747
    56   1747      6    747
    57   1757      2    741
    58   1757      3    740
    59   1758      5    737
    60   1761      6    733
    61   1760      9    731
    62   1752     12    736
    63   1754      9    737
    64   1754      5    741
    65   1758      5    737
    66   1759      6    735
    67   1759      5    736
    68   1761      3    736
    69   1764      1    735
    70   1767      1    732
    71   1767      0    733
    72   1769      0    731
    73   1769      0    731
    74   1769      0    731
    75   1769      0    731
    76   1769      0    731
    77   1769      0    731
    78   1769      0    731
    79   1769      0    731
    80   1769      0    731
    81   1769      0    731
    82   1769      0    731
    83   1769      0    731
    84   1769      0    731
    85   1769      0    731
    86   1769      0    731
    87   1769      0    731
    88   1769      0    731
    89   1769      0    731
    90   1769      0    731
    91   1769      0    731
    92   1769      0    731
    93   1769      0    731
    94   1769      0    731
    95   1769      0    731
    96   1769      0    731
    97   1769      0    731
    98   1769      0    731
    99   1769      0    731
   100   1769      0    731
   101   1769      0    731
   102   1769      0    731
   103   1769      0    731
   104   1769      0    731
   105   1769      0    731
   106   1769      0    731
   107   1769      0    731
   108   1769      0    731
   109   1769      0    731
   110   1769      0    731
   111   1769      0    731
   112   1769      0    731
   113   1769      0    731
   114   1769      0    731
   115   1769      0    731
   116   1769      0    731
   117   1769      0    731
   118   1769      0    731
   119   1769      0    731
   120   1769      0    731
   121   1769      0    731
   122   1769      0    731
   123   1769      0    731
   124   1769      0    731
   125   1769      0    731
   126   1769      0    731
   127   1769      0    731
   128   1769      0    731
   129   1769      0    731
   130   1769      0    731
   131   1769      0    731
   132   1769      0    731
   133   1769      0    731
   134   1769      0    731
   135   1769      0    731
   136   1769      0    731
   137   1769      0    731
   138   1769      0    731
   139   1769      0    731
   140   1769      0    731
   141   1769      0    731
   142   1769      0    731
   143   1769      0    731
   144   1769      0    731
   145   1769      0    731
   146   1769      0    731
   147   1769      0    731
   148   1769      0    731
   149   1769      0    731
   150   1769      0    731
   151   1769      0    731
   152   1769      0    731
   153   1769      0    731
   154   1769      0    731
   155   1769      0    731
   156   1769      0    731
   157   1769      0    731
   158   1769      0    731
   159   1769      0    731
   160   1769      0    731
   161   1769      0    731
   162   1769      0    731
   163   1769      0    731
   164   1769      0    731
   165   1769      0    731
   166   1769      0    731
   167   1769      0    731
   168   1769      0    731
   169   1769      0    731
   170   1769      0    731
   171   1769      0    731
   172   1769      0    731
   173   1769      0    731
   174   1769      0    731
   175   1769      0    731
   176   1769      0    731
   177   1769      0    731
   178   1769      0    731
   179   1769      0    731
   180   1769      0    731
   181   1769      0    731
   182   1769      0    731
   183   1769      0    731
   184   1769      0    731
   185   1769      0    731
   186   1769      0    731
   187   1769      0    731
   188   1769      0    731
   189   1769      0    731
   190   1769      0    731
   191   1769      0    731
   192   1769      0    731
   193   1769      0    731
   194   1769      0    731
   195   1769      0    731
   196   1769      0    731
   197   1769      0    731
   198   1769      0    731
   199   1769      0    731
   200   1769      0    731
   201   1769      0    731
   202   1769      0    731
   203   1769      0    731
   204   1769      0    731
   205   1769      0    731
   206   1769      0    731
   207   1769      0    731
   208   1769      0    731
   209   1769      0    731
   210   1769      0    731
   211   1769      0    731
   212   1769      0    731
   213   1769      0    731
   214   1769      0    731
   215   1769      0    731
   216   1769      0    731
   217   1769      0    731
   218   1769      0    731
   219   1769      0    731
   220   1769      0    731
   221   1769      0    731
   222   1769      0    731
   223   1769      0    731
   224   1769      0    731
   225   1769      0    731
   226   1769      0    731
   227   1769      0    731
   228   1769      0    731
   229   1769      0    731
   230   1769      0    731
   231   1769      0    731
   232   1769      0    731
   233   1769      0    731
   234   1769      0    731
   235   1769      0    731
   236   1769      0    731
   237   1769      0    731
   238   1769      0    731
   239   1769      0    731
   240   1769      0    731
   241   1769      0    731
   242   1769      0    731
   243   1769      0    731
   244   1769      0    731
   245   1769      0    731
   246   1769      0    731
   247   1769      0    731
   248   1769      0    731
   249   1769      0    731
   250   1769      0    731
   251   1769      0    731
   252   1769      0    731
   253   1769      0    731
   254   1769      0    731
   255   1769      0    731
   256   1769      0    731
   257   1769      0    731
   258   1769      0    731
   259   1769      0    731
   260   1769      0    731
   261   1769      0    731
   262   1769      0    731
   263   1769      0    731
   264   1769      0    731
   265   1769      0    731
   266   1769      0    731
   267   1769      0    731
   268   1769      0    731
   269   1769      0    731
   270   1769      0    731
   271   1769      0    731
   272   1769      0    731
   273   1769      0    731
   274   1769      0    731
   275   1769      0    731
   276   1769      0    731
   277   1769      0    731
   278   1769      0    731
   279   1769      0    731
   280   1769      0    731
   281   1769      0    731
   282   1769      0    731
   283   1769      0    731
   284   1769      0    731
   285   1769      0    731
   286   1769      0    731
   287   1769      0    731
   288   1769      0    731
   289   1769      0    731
   290   1769      0    731
   291   1769      0    731
   292   1769      0    731
   293   1769      0    731
   294   1769      0    731
   295   1769      0    731
   296   1769      0    731
   297   1769      0    731
   298   1769      0    731
   299   1769      0    731
   300   1769      0    731
   301   1769      0    731
   302   1769      0    731
   303   1769      0    731
   304   1769      0    731
   305   1769      0    731
   306   1769      0    731
   307   1769      0    731
   308   1769      0    731
   309   1769      0    731
   310   1769      0    731
   311   1769      0    731
   312   1769      0    731
   313   1769      0    731
   314   1769      0    731
   315   1769      0    731
   316   1769      0    731
   317   1769      0    731
   318   1769      0    731
   319   1769      0    731
   320   1769      0    731
   321   1769      0    731
   322   1769      0    731
   323   1769      0    731
   324   1769      0    731
   325   1769      0    731
   326   1769      0    731
   327   1769      0    731
   328   1769      0    731
   329   1769      0    731
   330   1769      0    731
   331   1769      0    731
   332   1769      0    731
   333   1769      0    731
   334   1769      0    731
   335   1769      0    731
   336   1769      0    731
   337   1769      0    731
   338   1769      0    731
   339   1769      0    731
   340   1769      0    731
   341   1769      0    731
   342   1769      0    731
   343   1769      0    731
   344   1769      0    731
   345   1769      0    731
   346   1769      0    731
   347   1769      0    731
   348   1769      0    731
   349   1769      0    731
   350   1769      0    731
   351   1769      0    731
   352   1769      0    731
   353   1769      0    731
   354   1769      0    731
   355   1769      0    731
   356   1769      0    731
   357   1769      0    731
   358   1769      0    731
   359   1769      0    731
   360   1769      0    731
   361   1769      0    731
   362   1769      0    731
   363   1769      0    731
   364   1769      0    731
   365   1769      0    731
   366   1769      0    731
   367   1769      0    731
   368   1769      0    731
   369   1769      0    731
   370   1769      0    731
   371   1769      0    731
   372   1769      0    731
   373   1769      0    731
   374   1769      0    731
   375   1769      0    731
   376   1769      0    731
   377   1769      0    731
   378   1769      0    731
   379   1769      0    731
   380   1769      0    731
   381   1769      0    731
   382   1769      0    731
   383   1769      0    731
   384   1769      0    731
   385   1769      0    731
   386   1769      0    731
   387   1769      0    731
   388   1769      0    731
   389   1769      0    731
   390   1769      0    731
   391   1769      0    731
   392   1769      0    731
   393   1769      0    731
   394   1769      0    731
   395   1769      0    731
   396   1769      0    731
   397   1769      0    731
   398   1769      0    731
   399   1769      0    731
   400   1769      0    731
   401   1769      0    731
   402   1769      0    731
   403   1769      0    731
   404   1769      0    731
   405   1769      0    731
   406   1769      0    731
   407   1769      0    731
   408   1769      0    731
   409   1769      0    731
   410   1769      0    731
   411   1769      0    731
   412   1769      0    731
   413   1769      0    731
   414   1769      0    731
   415   1769      0    731
   416   1769      0    731
   417   1769      0    731
   418   1769      0    731
   419   1769      0    731
   420   1769      0    731
   421   1769      0    731
   422   1769      0    731
   423   1769      0    731
   424   1769      0    731
   425   1769      0    731
   426   1769      0    731
   427   1769      0    731
   428   1769      0    731
   429   1769      0    731
   430   1769      0    731
   431   1769      0    731
   432   1769      0    731
   433   1769      0    731
   434   1769      0    731
   435   1769      0    731
   436   1769      0    731
   437   1769      0    731
   438   1769      0    731
   439   1769      0    731
   440   1769      0    731
   441   1769      0    731
   442   1769      0    731
   443   1769      0    731
   444   1769      0    731
   445   1769      0    731
   446   1769      0    731
   447   1769      0    731
   448   1769      0    731
   449   1769      0    731
   450   1769      0    731
   451   1769      0    731
   452   1769      0    731
   453   1769      0    731
   454   1769      0    731
   455   1769      0    731
   456   1769      0    731
   457   1769      0    731
   458   1769      0    731
   459   1769      0    731
   460   1769      0    731
   461   1769      0    731
   462   1769      0    731
   463   1769      0    731
   464   1769      0    731
   465   1769      0    731
   466   1769      0    731
   467   1769      0    731
   468   1769      0    731
   469   1769      0    731
   470   1769      0    731
   471   1769      0    731
   472   1769      0    731
   473   1769      0    731
   474   1769      0    731
   475   1769      0    731
   476   1769      0    731
   477   1769      0    731
   478   1769      0    731
   479   1769      0    731
   480   1769      0    731
   481   1769      0    731
   482   1769      0    731
   483   1769      0    731
   484   1769      0    731
   485   1769      0    731
   486   1769      0    731
   487   1769      0    731
   488   1769      0    731
   489   1769      0    731
   490   1769      0    731
   491   1769      0    731
   492   1769      0    731
   493   1769      0    731
   494   1769      0    731
   495   1769      0    731
   496   1769      0    731
   497   1769      0    731
   498   1769      0    731
   499   1769      0    731
   500   1769      0    731
   501   1769      0    731
   502   1769      0    731
   503   1769      0    731
   504   1769      0    731
   505   1769      0    731
   506   1769      0    731
   507   1769      0    731
   508   1769      0    731
   509   1769      0    731
   510   1769      0    731
   511   1769      0    731
   512   1769      0    731
   513   1769      0    731
   514   1769      0    731
   515   1769      0    731
   516   1769      0    731
   517   1769      0    731
   518   1769      0    731
   519   1769      0    731
   520   1769      0    731
   521   1769      0    731
   522   1769      0    731
   523   1769      0    731
   524   1769      0    731
   525   1769      0    731
   526   1769      0    731
   527   1769      0    731
   528   1769      0    731
   529   1769      0    731
   530   1769      0    731
   531   1769      0    731
   532   1769      0    731
   533   1769      0    731
   534   1769      0    731
   535   1769      0    731
   536   1769      0    731
   537   1769      0    731
   538   1769      0    731
   539   1769      0    731
   540   1769      0    731
   541   1769      0    731
   542   1769      0    731
   543   1769      0    731
   544   1769      0    731
   545   1769      0    731
   546   1769      0    731
   547   1769      0    731
   548   1769      0    731
   549   1769      0    731
   550   1769      0    731
   551   1769      0    731
   552   1769      0    731
   553   1769      0    731
   554   1769      0    731
   555   1769      0    731
   556   1769      0    731
   557   1769      0    731
   558   1769      0    731
   559   1769      0    731
   560   1769      0    731
   561   1769      0    731
   562   1769      0    731
   563   1769      0    731
   564   1769      0    731
   565   1769      0    731
   566   1769      0    731
   567   1769      0    731
   568   1769      0    731
   569   1769      0    731
   570   1769      0    731
   571   1769      0    731
   572   1769      0    731
   573   1769      0    731
   574   1769      0    731
   575   1769      0    731
   576   1769      0    731
   577   1769      0    731
   578   1769      0    731
   579   1769      0    731
   580   1769      0    731
   581   1769      0    731
   582   1769      0    731
   583   1769      0    731
   584   1769      0    731
   585   1769      0    731
   586   1769      0    731
   587   1769      0    731
   588   1769      0    731
   589   1769      0    731
   590   1769      0    731
   591   1769      0    731
   592   1769      0    731
   593   1769      0    731
   594   1769      0    731
   595   1769      0    731
   596   1769      0    731
   597   1769      0    731
   598   1769      0    731
   599   1769      0    731
   600   1769      0    731
   601   1769      0    731
   602   1769      0    731
   603   1769      0    731
   604   1769      0    731
   605   1769      0    731
   606   1769      0    731
   607   1769      0    731
   608   1769      0    731
   609   1769      0    731
   610   1769      0    731
   611   1769      0    731
   612   1769      0    731
   613   1769      0    731
   614   1769      0    731
   615   1769      0    731
   616   1769      0    731
   617   1769      0    731
   618   1769      0    731
   619   1769      0    731
   620   1769      0    731
   621   1769      0    731
   622   1769      0    731
   623   1769      0    731
   624   1769      0    731
   625   1769      0    731
   626   1769      0    731
   627   1769      0    731
   628   1769      0    731
   629   1769      0    731
   630   1769      0    731
   631   1769      0    731
   632   1769      0    731
   633   1769      0    731
   634   1769      0    731
   635   1769      0    731
   636   1769      0    731
   637   1769      0    731
   638   1769      0    731
   639   1769      0    731
   640   1769      0    731
   641   1769      0    731
   642   1769      0    731
   643   1769      0    731
   644   1769      0    731
   645   1769      0    731
   646   1769      0    731
   647   1769      0    731
   648   1769      0    731
   649   1769      0    731
   650   1769      0    731
   651   1769      0    731
   652   1769      0    731
   653   1769      0    731
   654   1769      0    731
   655   1769      0    731
   656   1769      0    731
   657   1769      0    731
   658   1769      0    731
   659   1769      0    731
   660   1769      0    731
   661   1769      0    731
   662   1769      0    731
   663   1769      0    731
   664   1769      0    731
   665   1769      0    731
   666   1769      0    731
   667   1769      0    731
   668   1769      0    731
   669   1769      0    731
   670   1769      0    731
   671   1769      0    731
   672   1769      0    731
   673   1769      0    731
   674   1769      0    731
   675   1769      0    731
   676   1769      0    731
   677   1769      0    731
   678   1769      0    731
   679   1769      0    731
   680   1769      0    731
   681   1769      0    731
   682   1769      0    731
   683   1769      0    731
   684   1769      0    731
   685   1769      0    731
   686   1769      0    731
   687   1769      0    731
   688   1769      0    731
   689   1769      0    731
   690   1769      0    731
   691   1769      0    731
   692   1769      0    731
   693   1769      0    731
   694   1769      0    731
   695   1769      0    731
   696   1769      0    731
   697   1769      0    731
   698   1769      0    731
   699   1769      0    731
   700   1769      0    731
   701   1769      0    731
   702   1769      0    731
   703   1769      0    731
   704   1769      0    731
   705   1769      0    731
   706   1769      0    731
   707   1769      0    731
   708   1769      0    731
   709   1769      0    731
   710   1769      0    731
   711   1769      0    731
   712   1769      0    731
   713   1769      0    731
   714   1769      0    731
   715   1769      0    731
   716   1769      0    731
   717   1769      0    731
   718   1769      0    731
   719   1769      0    731
   720   1769      0    731
   721   1769      0    731
   722   1769      0    731
   723   1769      0    731
   724   1769      0    731
   725   1769      0    731
   726   1769      0    731
   727   1769      0    731
   728   1769      0    731
   729   1769      0    731
   730   1769      0    731
   731   1769      0    731
   732   1769      0    731
   733   1769      0    731
   734   1769      0    731
   735   1769      0    731
   736   1769      0    731
   737   1769      0    731
   738   1769      0    731
   739   1769      0    731
   740   1769      0    731
   741   1769      0    731
   742   1769      0    731
   743   1769      0    731
   744   1769      0    731
   745   1769      0    731
   746   1769      0    731
   747   1769      0    731
   748   1769      0    731
   749   1769      0    731
   750   1769      0    731
   751   1769      0    731
   752   1769      0    731
   753   1769      0    731
   754   1769      0    731
   755   1769      0    731
   756   1769      0    731
   757   1769      0    731
   758   1769      0    731
   759   1769      0    731
   760   1769      0    731
   761   1769      0    731
   762   1769      0    731
   763   1769      0    731
   764   1769      0    731
   765   1769      0    731
   766   1769      0    731
   767   1769      0    731
   768   1769      0    731
   769   1769      0    731
   770   1769      0    731
   771   1769      0    731
   772   1769      0    731
   773   1769      0    731
   774   1769      0    731
   775   1769      0    731
   776   1769      0    731
   777   1769      0    731
   778   1769      0    731
   779   1769      0    731
   780   1769      0    731
   781   1769      0    731
   782   1769      0    731
   783   1769      0    731
   784   1769      0    731
   785   1769      0    731
   786   1769      0    731
   787   1769      0    731
   788   1769      0    731
   789   1769      0    731
   790   1769      0    731
   791   1769      0    731
   792   1769      0    731
   793   1769      0    731
   794   1769      0    731
   795   1769      0    731
   796   1769      0    731
   797   1769      0    731
   798   1769      0    731
   799   1769      0    731
   800   1769      0    731
   801   1769      0    731
   802   1769      0    731
   803   1769      0    731
   804   1769      0    731
   805   1769      0    731
   806   1769      0    731
   807   1769      0    731
   808   1769      0    731
   809   1769      0    731
   810   1769      0    731
   811   1769      0    731
   812   1769      0    731
   813   1769      0    731
   814   1769      0    731
   815   1769      0    731
   816   1769      0    731
   817   1769      0    731
   818   1769      0    731
   819   1769      0    731
   820   1769      0    731
   821   1769      0    731
   822   1769      0    731
   823   1769      0    731
   824   1769      0    731
   825   1769      0    731
   826   1769      0    731
   827   1769      0    731
   828   1769      0    731
   829   1769      0    731
   830   1769      0    731
   831   1769      0    731
   832   1769      0    731
   833   1769      0    731
   834   1769      0    731
   835   1769      0    731
   836   1769      0    731
   837   1769      0    731
   838   1769      0    731
   839   1769      0    731
   840   1769      0    731
   841   1769      0    731
   842   1769      0    731
   843   1769      0    731
   844   1769      0    731
   845   1769      0    731
   846   1769      0    731
   847   1769      0    731
   848   1769      0    731
   849   1769      0    731
   850   1769      0    731
   851   1769      0    731
   852   1769      0    731
   853   1769      0    731
   854   1769      0    731
   855   1769      0    731
   856   1769      0    731
   857   1769      0    731
   858   1769      0    731
   859   1769      0    731
   860   1769      0    731
   861   1769      0    731
   862   1769      0    731
   863   1769      0    731
   864   1769      0    731
   865   1769      0    731
   866   1769      0    731
   867   1769      0    731
   868   1769      0    731
   869   1769      0    731
   870   1769      0    731
   871   1769      0    731
   872   1769      0    731
   873   1769      0    731
   874   1769      0    731
   875   1769      0    731
   876   1769      0    731
   877   1769      0    731
   878   1769      0    731
   879   1769      0    731
   880   1769      0    731
   881   1769      0    731
   882   1769      0    731
   883   1769      0    731
   884   1769      0    731
   885   1769      0    731
   886   1769      0    731
   887   1769      0    731
   888   1769      0    731
   889   1769      0    731
   890   1769      0    731
   891   1769      0    731
   892   1769      0    731
   893   1769      0    731
   894   1769      0    731
   895   1769      0    731
   896   1769      0    731
   897   1769      0    731
   898   1769      0    731
   899   1769      0    731
   900   1769      0    731
   901   1769      0    731
   902   1769      0    731
   903   1769      0    731
   904   1769      0    731
   905   1769      0    731
   906   1769      0    731
   907   1769      0    731
   908   1769      0    731
   909   1769      0    731
   910   1769      0    731
   911   1769      0    731
   912   1769      0    731
   913   1769      0    731
   914   1769      0    731
   915   1769      0    731
   916   1769      0    731
   917   1769      0    731
   918   1769      0    731
   919   1769      0    731
   920   1769      0    731
   921   1769      0    731
   922   1769      0    731
   923   1769      0    731
   924   1769      0    731
   925   1769      0    731
   926   1769      0    731
   927   1769      0    731
   928   1769      0    731
   929   1769      0    731
   930   1769      0    731
   931   1769      0    731
   932   1769      0    731
   933   1769      0    731
   934   1769      0    731
   935   1769      0    731
   936   1769      0    731
   937   1769      0    731
   938   1769      0    731
   939   1769      0    731
   940   1769      0    731
   941   1769      0    731
   942   1769      0    731
   943   1769      0    731
   944   1769      0    731
   945   1769      0    731
   946   1769      0    731
   947   1769      0    731
   948   1769      0    731
   949   1769      0    731
   950   1769      0    731
   951   1769      0    731
   952   1769      0    731
   953   1769      0    731
   954   1769      0    731
   955   1769      0    731
   956   1769      0    731
   957   1769      0    731
   958   1769      0    731
   959   1769      0    731
   960   1769      0    731
   961   1769      0    731
   962   1769      0    731
   963   1769      0    731
   964   1769      0    731
   965   1769      0    731
   966   1769      0    731
   967   1769      0    731
   968   1769      0    731
   969   1769      0    731
   970   1769      0    731
   971   1769      0    731
   972   1769      0    731
   973   1769      0    731
   974   1769      0    731
   975   1769      0    731
   976   1769      0    731
   977   1769      0    731
   978   1769      0    731
   979   1769      0    731
   980   1769      0    731
   981   1769      0    731
   982   1769      0    731
   983   1769      0    731
   984   1769      0    731
   985   1769      0    731
   986   1769      0    731
   987   1769      0    731
   988   1769      0    731
   989   1769      0    731
   990   1769      0    731
   991   1769      0    731
   992   1769      0    731
   993   1769      0    731
   994   1769      0    731
   995   1769      0    731
   996   1769      0    731
   997   1769      0    731
   998   1769      0    731
   999   1769      0    731
  1000   1769      0    731
