# time (sweeps) | Susceptible | Infected | Recovered
     0   1292    550    658
     1   1255    576    669
     2   1233    584    683
     3   1241    587    672
     4   1243    585    672
     5   1209    575    716
     6   1243    526    731
     7   1265    544    691
     8   1238    550    712
     9   1259    556    685
    10   1241    547    712
    11   1238    545    717
    12   1263    546    691
    13   1225    569    706
    14   1220    560    720
    15   1225    560    715
    16   1207    559    734
    17   1229    528    743
    18   1271    521    708
    19   1286    529    685
    20   1299    534    667
    21   1298    535    667
    22   1281    543    676
    23   1278    554    668
    24   1277    542    681
    25   1292    512    696
    26   1283    504    713
    27   1234    560    706
    28   1265    523    712
    29   1283    536    681
    30   1305    509    686
    31   1314    504    682
    32   1322    519    659
    33   1350    511    639
    34   1338    508    654
    35   1325    529    646
    36   1320    517    663
    37   1297    546    657
    38   1273    562    665
    39   1287    575    638
    40   1257    575    668
    41   1288    557    655
    42   1249    538    713
    43   1264    554    682
    44   1269    554    677
    45   1270    572    658
    46   1223    565    712
    47   1203    569    728
    48   1178    578    744
    49   1220    576    704
    50   1223    551    726
    51   1244    536    720
    52   1260    555    685
    53   1277    540    683
    54   1256    578    666
    55   1204    588    708
    56   1231    551    718
    57   1257    514    729
    58   1298    513    689
    59   1306    485    709
    60   1342    484    674
    61   1355    484    661
    62   1361    504    635
    63   1320    539    641
    64   1293    539    668
    65   1288    539    673
    66   1220    609    671
    67   1196    600    704
    68   1151    654    695
    69   1149    617    734
    70   1163    604    733
    71   1192    588    720
    72   1180    612    708
    73   1171    588    741
    74   1195    596    709
    75   1194    594    712
    76   1165    635    700
    77   1171    630    699
    78   1157    646    697
    79   1159    619    722
    80   1159    606    735
    81   1206    576    718
    82   1201    591    708
    83   1205    584    711
    84   1206    561    733
    85   1191    596    713
    86   1174    623    703
    87   1181    603    716
    88   1158    617    725
    89   1171    601    728
    90   1194    589    717
    91   1191    572    737
    92   1177    632    691
    93   1175    588    737
    94   1200    570    730
    95   1222    556    722
    96   1221    556    723
    97   1233    569    698
    98   1222    577    701
    99   1175    601    724
   100   1180    602    718
   101   1179    603    718
   102   1189    604    707
   103   1188    579    733
   104   1189    566    745
   105   1195    575    730
   106   1160    615    725
   107   1204    558    738
   108   1260    527    713
   109   1274    526    700
   110   1272    549    679
   111   1265    534    701
   112   1258    535    707
   113   1278    506    716
   114   1251    528    721
   115   1220    576    704
   116   1233    566    701
   117   1205    579    716
   118   1200    576    724
   119   1202    592    706
   120   1209    599    692
   121   1182    562    756
   122   1221    578    701
   123   1215    552    733
   124   1228    533    739
   125   1267    531    702
   126   1299    526    675
   127   1306    511    683
   128   1326    519    655
   129   1331    507    662
   130   1310    534    656
   131   1270    577    653
   132   1235    568    697
   133   1241    545    714
   134   1285    515    700
   135   1305    527    668
   136   1281    548    671
   137   1314    511    675
   138   1296    510    694
   139   1327    501    672
   140   1299    554    647
   141   1288    525    687
   142   1265    527    708
   143   1298    499    703
   144   1280    528    692
   145   1264    579    657
   146   1243    568    689
   147   1215    585    700
   148   1214    568    718
   149   1182    562    756
   150   1288    497    715
   151   1307    510    683
   152   1297    514    689
   153   1302    497    701
   154   1303    519    678
   155   1293    516    691
   156   1305    523    672
   157   1282    561    657
   158   1242    585    673
   159   1255    565    680
   160   1239    565    696
   161   1266    542    692
   162   1282    515    703
   163   1279    523    698
   164   1309    515    676
   165   1310    503    687
   166   1326    490    684
   167   1327    502    671
   168   1347    501    652
   169   1364    515    621
   170   1330    525    645
   171   1344    491    665
   172   1344    499    657
   173   1298    529    673
   174   1305    504    691
   175   1345    463    692
   176   1331    499    670
   177   1316    484    700
   178   1383    482    635
   179   1356    503    641
   180   1342    528    630
   181   1295    559    646
   182   1270    557    673
   183   1276    550    674
   184   1271    536    693
   185   1250    566    684
   186   1212    594    694
   187   1247    567    686
   188   1248    555    697
   189   1233    547    720
   190   1204    576    720
   191   1202    577    721
   192   1214    562    724
   193   1221    551    728
   194   1203    567    730
   195   1170    572    758
   196   1243    497    760
   197   1344    468    688
   198   1373    492    635
   199   1352    504    644
   200   1325    551    624
   201   1301    551    648
   202   1301    527    672
   203   1298    532    670
   204   1310    523    667
   205   1308    508    684
   206   1322    516    662
   207   1313    523    664
   208   1275    556    669
   209   1262    539    699
   210   1252    576    672
   211   1214    589    697
   212   1200    590    710
   213   1216    560    724
   214   1234    559    707
   215   1238    550    712
   216   1281    524    695
   217   1272    533    695
   218   1294    527    679
   219   1321    510    669
   220   1291    524    685
   221   1340    495    665
   222   1325    537    638
   223   1309    555    636
   224   1300    536    664
   225   1322    496    682
   226   1344    483    673
   227   1331    513    656
   228   1278    557    665
   229   1252    560    688
   230   1258    523    719
   231   1284    521    695
   232   1309    527    664
   233   1325    508    667
   234   1321    509    670
   235   1339    483    678
   236   1373    457    670
   237   1416    481    603
   238   1367    497    636
   239   1375    486    639
   240   1375    498    627
   241   1324    534    642
   242   1296    559    645
   243   1254    548    698
   244   1234    557    709
   245   1242    575    683
   246   1231    571    698
   247   1247    535    718
   248   1272    525    703
   249   1257    544    699
   250   1278    527    695
   251   1271    547    682
   252   1240    539    721
   253   1259    559    682
   254   1230    579    691
   255   1226    556    718
   256   1233    570    697
   257   1223    598    679
   258   1171    631    698
   259   1180    606    714
   260   1196    568    736
   261   1166    617    717
   262   1180    622    698
   263   1191    611    698
   264   1200    570    730
   265   1216    545    739
   266   1284    514    702
   267   1311    506    683
   268   1327    479    694
   269   1325    506    669
   270   1347    485    668
   271   1346    512    642
   272   1385    481    634
   273   1382    473    645
   274   1330    506    664
   275   1345    498    657
   276   1332    509    659
   277   1266    571    663
   278   1241    593    666
   279   1264    557    679
   280   1270    546    684
   281   1260    552    688
   282   1285    510    705
   283   1288    527    685
   284   1312    523    665
   285   1298    528    674
   286   1317    542    641
   287   1268    560    672
   288   1250    578    672
   289   1250    560    690
   290   1261    544    695
   291   1238    593    669
   292   1229    594    677
   293   1233    580    687
   294   1192    604    704
   295   1193    577    730
   296   1226    541    733
   297   1252    528    720
   298   1305    519    676
   299   1272    550    678
   300   1278    546    676
   301   1246    587    667
   302   1223    605    672
   303   1219    574    707
   304   1247    519    734
   305   1286    519    695
   306   1301    516    683
   307   1286    554    660
   308   1222    575    703
   309   1203    582    715
   310   1228    567    705
   311   1261    523    716
   312   1269    543    688
   313   1257    570    673
   314   1252    588    660
   315   1249    585    666
   316   1234    560    706
   317   1217    589    694
   318   1213    564    723
   319   1259    573    668
   320   1230    570    700
   321   1251    556    693
   322   1244    547    709
   323   1277    512    711
   324   1285    532    683
   325   1281    533    686
   326   1323    522    655
   327   1327    525    648
   328   1324    539    637
   329   1302    546    652
   330   1297    527    676
   331   1316    540    644
   332   1291    554    655
   333   1260    546    694
   334   1259    557    684
   335   1286    523    691
   336   1255    525    720
   337   1279    510    711
   338   1300    525    675
   339   1313    534    653
   340   1281    534    685
   341   1247    541    712
   342   1244    547    709
   343   1274    543    683
   344   1307    515    678
   345   1344    543    613
   346   1300    540    660
   347   1252    573    675
   348   1256    568    676
   349   1240    575    685
   350   1205    589    706
   351   1192    600    708
   352   1193    594    713
   353   1218    557    725
   354   1205    574    721
   355   1175    559    766
   356   1207    552    741
   357   1222    572    706
   358   1209    579    712
   359   1193    593    714
   360   1193    573    734
   361   1201    556    743
   362   1218    572    710
   363   1243    543    714
   364   1265    561    674
   365   1250    552    698
   366   1256    536    708
   367   1256    540    704
   368   1261    544    695
   369   1273    518    709
   370   1285    508    707
   371   1294    501    705
   372   1290    536    674
   373   1309    489    702
   374   1340    472    688
   375   1344    483    673
   376   1351    502    647
   377   1331    509    660
   378   1361    488    651
   379   1347    490    663
   380   1336    511    653
   381   1338    504    658
   382   1317    552    631
   383   1251    592    657
   384   1223    577    700
   385   1262    514    724
   386   1283    474    743
   387   1356    492    652
   388   1352    507    641
   389   1322    525    653
   390   1296    516    688
   391   1312    533    655
   392   1275    546    679
   393   1280    500    720
   394   1290    547    663
   395   1275    577    648
   396   1218    563    719
   397   1244    541    715
   398   1279    535    686
   399   1270    544    686
   400   1281    529    690
   401   1308    503    689
   402   1321    495    684
   403   1380    497    623
   404   1416    513    571
   405   1328    599    573
   406   1278    573    649
   407   1270    575    655
   408   1231    581    688
   409   1232    587    681
   410   1217    595    688
   411   1193    589    718
   412   1191    588    721
   413   1209    591    700
   414   1203    587    710
   415   1251    584    665
   416   1230    585    685
   417   1216    577    707
   418   1211    575    714
   419   1183    585    732
   420   1206    544    750
   421   1229    561    710
   422   1197    589    714
   423   1214    570    716
   424   1171    617    712
   425   1125    661    714
   426   1112    606    782
   427   1147    559    794
   428   1146    574    780
   429   1207    540    753
   430   1226    553    721
   431   1259    548    693
   432   1296    522    682
   433   1274    550    676
   434   1248    585    667
   435   1222    587    691
   436   1264    542    694
   437   1258    554    688
   438   1286    514    700
   439   1318    501    681
   440   1317    496    687
   441   1315    481    704
   442   1344    481    675
   443   1321    541    638
   444   1286    550    664
   445   1298    509    693
   446   1303    499    698
   447   1324    480    696
   448   1347    475    678
   449   1374    475    651
   450   1368    500    632
   451   1364    486    650
   452   1326    517    657
   453   1338    521    641
   454   1302    515    683
   455   1322    496    682
   456   1317    528    655
   457   1307    535    658
   458   1346    473    681
   459   1350    499    651
   460   1280    578    642
   461   1287    533    680
   462   1241    541    718
   463   1280    522    698
   464   1265    522    713
   465   1272    538    690
   466   1319    498    683
   467   1324    513    663
   468   1310    534    656
   469   1322    516    662
   470   1279    549    672
   471   1243    575    682
   472   1249    543    708
   473   1205    582    713
   474   1187    584    729
   475   1221    583    696
   476   1235    543    722
   477   1218    544    738
   478   1249    512    739
   479   1278    527    695
   480   1294    534    672
   481   1267    536    697
   482   1295    532    673
   483   1267    569    664
   484   1283    523    694
   485   1275    571    654
   486   1233    585    682
   487   1224    562    714
   488   1268    530    702
   489   1252    511    737
   490   1292    502    706
   491   1341    482    677
   492   1354    490    656
   493   1302    542    656
   494   1287    549    664
   495   1275    548    677
   496   1266    542    692
   497   1291    530    679
   498   1265    551    684
   499   1285    537    678
   500   1267    552    681
   501   1248    589    663
   502   1236    560    704
   503   1243    542    715
   504   1233    563    704
   505   1230    552    718
   506   1228    567    705
   507   1219    583    698
   508   1216    566    718
   509   1227    577    696
   510   1249    530    721
   511   1244    542    714
   512   1257    545    698
   513   1266    564    670
   514   1256    574    670
   515   1251    583    666
   516   1219    574    707
   517   1217    561    722
   518   1244    524    732
   519   1246    555    699
   520   1249    576    675
   521   1253    571    676
   522   1240    558    702
   523   1242    546    712
   524   1264    539    697
   525   1261    557    682
   526   1252    562    686
   527   1216    567    717
   528   1253    547    700
   529   1291    543    666
   530   1294    538    668
   531   1266    539    695
   532   1279    536    685
   533   1297    535    668
   534   1320    498    682
   535   1338    496    666
   536   1366    489    645
   537   1319    512    669
   538   1334    518    648
   539   1316    531    653
   540   1322    503    675
   541   1297    505    698
   542   1325    503    672
   543   1291    543    666
   544   1283    577    640
   545   1257    586    657
   546   1249    572    679
   547   1275    538    687
   548   1255    582    663
   549   1240    600    660
   550   1227    580    693
   551   1246    561    693
   552   1228    558    714
   553   1228    557    715
   554   1216    573    711
   555   1225    580    695
   556   1225    580    695
   557   1225    580    695
   558   1225    580    695
   559   1225    580    695
   560   1225    580    695
   561   1225    580    695
   562   1225    580    695
   563   1225    580    695
   564   1225    580    695
   565   1225    580    695
   566   1225    580    695
   567   1225    580    695
   568   1225    580    695
   569   1225    580    695
   570   1225    580    695
   571   1225    580    695
   572   1225    580    695
   573   1225    580    695
   574   1225    580    695
   575   1225    580    695
   576   1225    580    695
   577   1225    580    695
   578   1225    580    695
   579   1225    580    695
   580   1225    580    695
   581   1225    580    695
   582   1225    580    695
   583   1225    580    695
   584   1225    580    695
   585   1225    580    695
   586   1225    580    695
   587   1225    580    695
   588   1225    580    695
   589   1225    580    695
   590   1225    580    695
   591   1225    580    695
   592   1225    580    695
   593   1225    580    695
   594   1225    580    695
   595   1225    580    695
   596   1225    580    695
   597   1225    580    695
   598   1225    580    695
   599   1225    580    695
   600   1225    580    695
   601   1225    580    695
   602   1225    580    695
   603   1225    580    695
   604   1225    580    695
   605   1225    580    695
   606   1225    580    695
   607   1225    580    695
   608   1225    580    695
   609   1225    580    695
   610   1225    580    695
   611   1225    580    695
   612   1225    580    695
   613   1225    580    695
   614   1225    580    695
   615   1225    580    695
   616   1225    580    695
   617   1225    580    695
   618   1225    580    695
   619   1225    580    695
   620   1225    580    695
   621   1225    580    695
   622   1225    580    695
   623   1225    580    695
   624   1225    580    695
   625   1225    580    695
   626   1225    580    695
   627   1225    580    695
   628   1225    580    695
   629   1225    580    695
   630   1225    580    695
   631   1225    580    695
   632   1225    580    695
   633   1225    580    695
   634   1225    580    695
   635   1225    580    695
   636   1225    580    695
   637   1225    580    695
   638   1225    580    695
   639   1225    580    695
   640   1225    580    695
   641   1225    580    695
   642   1225    580    695
   643   1225    580    695
   644   1225    580    695
   645   1225    580    695
   646   1225    580    695
   647   1225    580    695
   648   1225    580    695
   649   1225    580    695
   650   1225    580    695
   651   1225    580    695
   652   1225    580    695
   653   1225    580    695
   654   1225    580    695
   655   1225    580    695
   656   1225    580    695
   657   1225    580    695
   658   1225    580    695
   659   1225    580    695
   660   1225    580    695
   661   1225    580    695
   662   1225    580    695
   663   1225    580    695
   664   1225    580    695
   665   1225    580    695
   666   1225    580    695
   667   1225    580    695
   668   1225    580    695
   669   1225    580    695
   670   1225    580    695
   671   1225    580    695
   672   1225    580    695
   673   1225    580    695
   674   1225    580    695
   675   1225    580    695
   676   1225    580    695
   677   1225    580    695
   678   1225    580    695
   679   1225    580    695
   680   1225    580    695
   681   1225    580    695
   682   1225    580    695
   683   1225    580    695
   684   1225    580    695
   685   1225    580    695
   686   1225    580    695
   687   1225    580    695
   688   1225    580    695
   689   1225    580    695
   690   1225    580    695
   691   1225    580    695
   692   1225    580    695
   693   1225    580    695
   694   1225    580    695
   695   1225    580    695
   696   1225    580    695
   697   1225    580    695
   698   1225    580    695
   699   1225    580    695
   700   1225    580    695
   701   1225    580    695
   702   1225    580    695
   703   1225    580    695
   704   1225    580    695
   705   1225    580    695
   706   1225    580    695
   707   1225    580    695
   708   1225    580    695
   709   1225    580    695
   710   1225    580    695
   711   1225    580    695
   712   1225    580    695
   713   1225    580    695
   714   1225    580    695
   715   1225    580    695
   716   1225    580    695
   717   1225    580    695
   718   1225    580    695
   719   1225    580    695
   720   1225    580    695
   721   1225    580    695
   722   1225    580    695
   723   1225    580    695
   724   1225    580    695
   725   1225    580    695
   726   1225    580    695
   727   1225    580    695
   728   1225    580    695
   729   1225    580    695
   730   1225    580    695
   731   1225    580    695
   732   1225    580    695
   733   1225    580    695
   734   1225    580    695
   735   1225    580    695
   736   1225    580    695
   737   1225    580    695
   738   1225    580    695
   739   1225    580    695
   740   1225    580    695
   741   1225    580    695
   742   1225    580    695
   743   1225    580    695
   744   1225    580    695
   745   1225    580    695
   746   1225    580    695
   747   1225    580    695
   748   1225    580    695
   749   1225    580    695
   750   1225    580    695
   751   1225    580    695
   752   1225    580    695
   753   1225    580    695
   754   1225    580    695
   755   1225    580    695
   756   1225    580    695
   757   1225    580    695
   758   1225    580    695
   759   1225    580    695
   760   1225    580    695
   761   1225    580    695
   762   1225    580    695
   763   1225    580    695
   764   1225    580    695
   765   1225    580    695
   766   1225    580    695
   767   1225    580    695
   768   1225    580    695
   769   1225    580    695
   770   1225    580    695
   771   1225    580    695
   772   1225    580    695
   773   1225    580    695
   774   1225    580    695
   775   1225    580    695
   776   1225    580    695
   777   1225    580    695
   778   1225    580    695
   779   1225    580    695
   780   1225    580    695
   781   1225    580    695
   782   1225    580    695
   783   1225    580    695
   784   1225    580    695
   785   1225    580    695
   786   1225    580    695
   787   1225    580    695
   788   1225    580    695
   789   1225    580    695
   790   1225    580    695
   791   1225    580    695
   792   1225    580    695
   793   1225    580    695
   794   1225    580    695
   795   1225    580    695
   796   1225    580    695
   797   1225    580    695
   798   1225    580    695
   799   1225    580    695
   800   1225    580    695
   801   1225    580    695
   802   1225    580    695
   803   1225    580    695
   804   1225    580    695
   805   1225    580    695
   806   1225    580    695
   807   1225    580    695
   808   1225    580    695
   809   1225    580    695
   810   1225    580    695
   811   1225    580    695
   812   1225    580    695
   813   1225    580    695
   814   1225    580    695
   815   1225    580    695
   816   1225    580    695
   817   1225    580    695
   818   1225    580    695
   819   1225    580    695
   820   1225    580    695
   821   1225    580    695
   822   1225    580    695
   823   1225    580    695
   824   1225    580    695
   825   1225    580    695
   826   1225    580    695
   827   1225    580    695
   828   1225    580    695
   829   1225    580    695
   830   1225    580    695
   831   1225    580    695
   832   1225    580    695
   833   1225    580    695
   834   1225    580    695
   835   1225    580    695
   836   1225    580    695
   837   1225    580    695
   838   1225    580    695
   839   1225    580    695
   840   1225    580    695
   841   1225    580    695
   842   1225    580    695
   843   1225    580    695
   844   1225    580    695
   845   1225    580    695
   846   1225    580    695
   847   1225    580    695
   848   1225    580    695
   849   1225    580    695
   850   1225    580    695
   851   1225    580    695
   852   1225    580    695
   853   1225    580    695
   854   1225    580    695
   855   1225    580    695
   856   1225    580    695
   857   1225    580    695
   858   1225    580    695
   859   1225    580    695
   860   1225    580    695
   861   1225    580    695
   862   1225    580    695
   863   1225    580    695
   864   1225    580    695
   865   1225    580    695
   866   1225    580    695
   867   1225    580    695
   868   1225    580    695
   869   1225    580    695
   870   1225    580    695
   871   1225    580    695
   872   1225    580    695
   873   1225    580    695
   874   1225    580    695
   875   1225    580    695
   876   1225    580    695
   877   1225    580    695
   878   1225    580    695
   879   1225    580    695
   880   1225    580    695
   881   1225    580    695
   882   1225    580    695
   883   1225    580    695
   884   1225    580    695
   885   1225    580    695
   886   1225    580    695
   887   1225    580    695
   888   1225    580    695
   889   1225    580    695
   890   1225    580    695
   891   1225    580    695
   892   1225    580    695
   893   1225    580    695
   894   1225    580    695
   895   1225    580    695
   896   1225    580    695
   897   1225    580    695
   898   1225    580    695
   899   1225    580    695
   900   1225    580    695
   901   1225    580    695
   902   1225    580    695
   903   1225    580    695
   904   1225    580    695
   905   1225    580    695
   906   1225    580    695
   907   1225    580    695
   908   1225    580    695
   909   1225    580    695
   910   1225    580    695
   911   1225    580    695
   912   1225    580    695
   913   1225    580    695
   914   1225    580    695
   915   1225    580    695
   916   1225    580    695
   917   1225    580    695
   918   1225    580    695
   919   1225    580    695
   920   1225    580    695
   921   1225    580    695
   922   1225    580    695
   923   1225    580    695
   924   1225    580    695
   925   1225    580    695
   926   1225    580    695
   927   1225    580    695
   928   1225    580    695
   929   1225    580    695
   930   1225    580    695
   931   1225    580    695
   932   1225    580    695
   933   1225    580    695
   934   1225    580    695
   935   1225    580    695
   936   1225    580    695
   937   1225    580    695
   938   1225    580    695
   939   1225    580    695
   940   1225    580    695
   941   1225    580    695
   942   1225    580    695
   943   1225    580    695
   944   1225    580    695
   945   1225    580    695
   946   1225    580    695
   947   1225    580    695
   948   1225    580    695
   949   1225    580    695
   950   1225    580    695
   951   1225    580    695
   952   1225    580    695
   953   1225    580    695
   954   1225    580    695
   955   1225    580    695
   956   1225    580    695
   957   1225    580    695
   958   1225    580    695
   959   1225    580    695
   960   1225    580    695
   961   1225    580    695
   962   1225    580    695
   963   1225    580    695
   964   1225    580    695
   965   1225    580    695
   966   1225    580    695
   967   1225    580    695
   968   1225    580    695
   969   1225    580    695
   970   1225    580    695
   971   1225    580    695
   972   1225    580    695
   973   1225    580    695
   974   1225    580    695
   975   1225    580    695
   976   1225    580    695
   977   1225    580    695
   978   1225    580    695
   979   1225    580    695
   980   1225    580    695
   981   1225    580    695
   982   1225    580    695
   983   1225    580    695
   984   1225    580    695
   985   1225    580    695
   986   1225    580    695
   987   1225    580    695
   988   1225    580    695
   989   1225    580    695
   990   1225    580    695
   991   1225    580    695
   992   1225    580    695
   993   1225    580    695
   994   1225    580    695
   995   1225    580    695
   996   1225    580    695
   997   1225    580    695
   998   1225    580    695
   999   1225    580    695
  1000   1225    580    695
