# time (sweeps) | Susceptible | Infected | Recovered
     0   1127    583    790
     1   1123    573    804
     2   1170    542    788
     3   1151    564    785
     4   1195    504    801
     5   1221    523    756
     6   1229    514    757
     7   1269    506    725
     8   1250    511    739
     9   1282    485    733
    10   1301    484    715
    11   1294    476    730
    12   1293    472    735
    13   1275    492    733
    14   1260    520    720
    15   1259    529    712
    16   1279    512    709
    17   1288    543    669
    18   1244    547    709
    19   1242    518    740
    20   1272    507    721
    21   1293    503    704
    22   1285    518    697
    23   1287    475    738
    24   1317    466    717
    25   1349    458    693
    26   1350    464    686
    27   1333    488    679
    28   1310    485    705
    29   1300    502    698
    30   1262    541    697
    31   1265    531    704
    32   1216    545    739
    33   1175    566    759
    34   1169    569    762
    35   1186    582    732
    36   1162    587    751
    37   1146    562    792
    38   1182    530    788
    39   1174    536    790
    40   1184    539    777
    41   1195    531    774
    42   1222    513    765
    43   1240    484    776
    44   1243    510    747
    45   1257    488    755
    46   1246    494    760
    47   1223    521    756
    48   1251    510    739
    49   1272    509    719
    50   1264    514    722
    51   1256    506    738
    52   1268    507    725
    53   1269    519    712
    54   1301    489    710
    55   1286    485    729
    56   1262    474    764
    57   1280    517    703
    58   1215    543    742
    59   1234    537    729
    60   1229    555    716
    61   1191    574    735
    62   1214    535    751
    63   1228    519    753
    64   1228    500    772
    65   1247    505    748
    66   1252    520    728
    67   1251    554    695
    68   1246    583    671
    69   1198    561    741
    70   1203    542    755
    71   1207    539    754
    72   1210    543    747
    73   1233    468    799
    74   1240    495    765
    75   1257    495    748
    76   1284    491    725
    77   1286    492    722
    78   1285    533    682
    79   1294    494    712
    80   1327    480    693
    81   1340    467    693
    82   1316    468    716
    83   1306    496    698
    84   1303    492    705
    85   1310    460    730
    86   1339    449    712
    87   1320    460    720
    88   1325    454    721
    89   1400    401    699
    90   1424    403    673
    91   1412    432    656
    92   1404    432    664
    93   1375    474    651
    94   1374    471    655
    95   1318    483    699
    96   1295    498    707
    97   1304    476    720
    98   1300    482    718
    99   1284    505    711
   100   1280    526    694
   101   1229    573    698
   102   1187    560    753
   103   1214    544    742
   104   1203    534    763
   105   1205    547    748
   106   1243    500    757
   107   1240    535    725
   108   1242    523    735
   109   1239    507    754
   110   1256    503    741
   111   1243    552    705
   112   1223    535    742
   113   1256    495    749
   114   1265    509    726
   115   1230    548    722
   116   1243    500    757
   117   1231    527    742
   118   1226    545    729
   119   1234    559    707
   120   1201    522    777
   121   1264    470    766
   122   1262    489    749
   123   1260    516    724
   124   1276    501    723
   125   1274    507    719
   126   1278    506    716
   127   1267    511    722
   128   1247    503    750
   129   1272    484    744
   130   1277    476    747
   131   1267    482    751
   132   1264    502    734
   133   1309    485    706
   134   1314    491    695
   135   1305    478    717
   136   1278    504    718
   137   1319    462    719
   138   1285    510    705
   139   1256    514    730
   140   1248    514    738
   141   1230    495    775
   142   1251    500    749
   143   1252    506    742
   144   1248    518    734
   145   1232    528    740
   146   1252    515    733
   147   1269    493    738
   148   1272    523    705
   149   1267    515    718
   150   1253    527    720
   151   1232    561    707
   152   1193    588    719
   153   1214    565    721
   154   1190    572    738
   155   1172    559    769
   156   1181    525    794
   157   1226    515    759
   158   1239    517    744
   159   1199    527    774
   160   1238    519    743
   161   1210    573    717
   162   1186    552    762
   163   1207    511    782
   164   1244    484    772
   165   1288    469    743
   166   1301    480    719
   167   1304    477    719
   168   1288    499    713
   169   1249    504    747
   170   1275    500    725
   171   1282    499    719
   172   1288    502    710
   173   1281    499    720
   174   1230    515    755
   175   1302    483    715
   176   1305    480    715
   177   1313    498    689
   178   1315    476    709
   179   1310    472    718
   180   1305    471    724
   181   1318    483    699
   182   1291    517    692
   183   1259    541    700
   184   1249    514    737
   185   1238    530    732
   186   1212    549    739
   187   1202    525    773
   188   1235    513    752
   189   1271    491    738
   190   1270    512    718
   191   1269    544    687
   192   1288    502    710
   193   1303    476    721
   194   1293    481    726
   195   1317    495    688
   196   1275    524    701
   197   1285    504    711
   198   1259    492    749
   199   1266    513    721
   200   1247    523    730
   201   1244    522    734
   202   1233    531    736
   203   1229    537    734
   204   1215    517    768
   205   1235    501    764
   206   1271    511    718
   207   1275    501    724
   208   1279    507    714
   209   1263    505    732
   210   1278    508    714
   211   1259    499    742
   212   1260    521    719
   213   1252    526    722
   214   1258    516    726
   215   1216    547    737
   216   1203    529    768
   217   1214    523    763
   218   1184    547    769
   219   1263    494    743
   220   1288    477    735
   221   1287    507    706
   222   1288    487    725
   223   1275    480    745
   224   1267    507    726
   225   1290    503    707
   226   1261    532    707
   227   1256    526    718
   228   1210    575    715
   229   1240    559    701
   230   1223    538    739
   231   1243    525    732
   232   1257    502    741
   233   1260    523    717
   234   1248    541    711
   235   1187    563    750
   236   1228    493    779
   237   1283    462    755
   238   1328    465    707
   239   1285    518    697
   240   1269    509    722
   241   1273    498    729
   242   1314    476    710
   243   1308    464    728
   244   1301    471    728
   245   1351    467    682
   246   1335    483    682
   247   1324    506    670
   248   1298    523    679
   249   1282    516    702
   250   1283    519    698
   251   1274    495    731
   252   1267    492    741
   253   1288    495    717
   254   1295    491    714
   255   1279    507    714
   256   1246    529    725
   257   1259    516    725
   258   1254    523    723
   259   1255    520    725
   260   1253    504    743
   261   1238    517    745
   262   1254    493    753
   263   1261    505    734
   264   1286    481    733
   265   1308    463    729
   266   1257    512    731
   267   1286    490    724
   268   1324    476    700
   269   1289    518    693
   270   1253    513    734
   271   1286    515    699
   272   1249    516    735
   273   1268    501    731
   274   1298    479    723
   275   1265    529    706
   276   1238    547    715
   277   1272    502    726
   278   1257    511    732
   279   1267    514    719
   280   1282    488    730
   281   1301    489    710
   282   1288    500    712
   283   1281    543    676
   284   1288    517    695
   285   1270    505    725
   286   1259    511    730
   287   1261    518    721
   288   1210    554    736
   289   1185    577    738
   290   1185    556    759
   291   1184    527    789
   292   1197    520    783
   293   1214    516    770
   294   1229    494    777
   295   1249    485    766
   296   1286    487    727
   297   1263    513    724
   298   1275    522    703
   299   1276    542    682
   300   1259    521    720
   301   1246    545    709
   302   1256    545    699
   303   1242    541    717
   304   1242    518    740
   305   1273    507    720
   306   1267    508    725
   307   1282    495    723
   308   1294    462    744
   309   1315    479    706
   310   1277    519    704
   311   1242    500    758
   312   1256    496    748
   313   1254    509    737
   314   1261    515    724
   315   1244    549    707
   316   1228    529    743
   317   1204    516    780
   318   1228    492    780
   319   1274    456    770
   320   1280    476    744
   321   1297    505    698
   322   1293    505    702
   323   1324    488    688
   324   1306    499    695
   325   1274    526    700
   326   1271    516    713
   327   1291    494    715
   328   1315    491    694
   329   1331    474    695
   330   1336    450    714
   331   1362    437    701
   332   1330    491    679
   333   1299    500    701
   334   1335    490    675
   335   1316    458    726
   336   1322    434    744
   337   1346    451    703
   338   1327    464    709
   339   1326    472    702
   340   1311    507    682
   341   1315    484    701
   342   1337    482    681
   343   1314    474    712
   344   1303    501    696
   345   1311    491    698
   346   1270    507    723
   347   1270    503    727
   348   1256    531    713
   349   1221    535    744
   350   1204    530    766
   351   1228    506    766
   352   1257    445    798
   353   1321    427    752
   354   1339    481    680
   355   1302    503    695
   356   1291    492    717
   357   1312    476    712
   358   1282    492    726
   359   1315    462    723
   360   1291    470    739
   361   1310    442    748
   362   1319    456    725
   363   1346    462    692
   364   1349    457    694
   365   1335    482    683
   366   1312    475    713
   367   1290    504    706
   368   1276    509    715
   369   1279    510    711
   370   1281    527    692
   371   1266    512    722
   372   1282    496    722
   373   1273    489    738
   374   1300    484    716
   375   1299    484    717
   376   1302    506    692
   377   1278    526    696
   378   1241    518    741
   379   1252    508    740
   380   1251    502    747
   381   1241    521    738
   382   1250    499    751
   383   1284    501    715
   384   1267    509    724
   385   1294    483    723
   386   1303    461    736
   387   1321    474    705
   388   1342    449    709
   389   1345    441    714
   390   1385    440    675
   391   1377    444    679
   392   1350    475    675
   393   1303    504    693
   394   1274    533    693
   395   1305    504    691
   396   1325    483    692
   397   1345    471    684
   398   1343    453    704
   399   1354    426    720
   400   1403    407    690
   401   1395    422    683
   402   1392    453    655
   403   1368    444    688
   404   1344    470    686
   405   1347    475    678
   406   1338    483    679
   407   1307    502    691
   408   1305    489    706
   409   1323    477    700
   410   1324    475    701
   411   1310    494    696
   412   1271    516    713
   413   1213    565    722
   414   1216    548    736
   415   1230    547    723
   416   1209    555    736
   417   1219    549    732
   418   1201    538    761
   419   1227    530    743
   420   1217    553    730
   421   1230    508    762
   422   1246    502    752
   423   1271    487    742
   424   1272    493    735
   425   1301    496    703
   426   1302    503    695
   427   1329    459    712
   428   1352    443    705
   429   1373    435    692
   430   1364    436    700
   431   1375    447    678
   432   1367    453    680
   433   1380    445    675
   434   1375    450    675
   435   1378    447    675
   436   1397    431    672
   437   1365    466    669
   438   1369    479    652
   439   1380    466    654
   440   1319    521    660
   441   1323    487    690
   442   1316    474    710
   443   1318    468    714
   444   1318    459    723
   445   1321    467    712
   446   1321    494    685
   447   1323    452    725
   448   1320    470    710
   449   1313    473    714
   450   1301    484    715
   451   1287    498    715
   452   1257    511    732
   453   1286    479    735
   454   1310    459    731
   455   1314    478    708
   456   1299    465    736
   457   1300    454    746
   458   1336    470    694
   459   1327    495    678
   460   1315    477    708
   461   1314    480    706
   462   1291    488    721
   463   1288    480    732
   464   1294    463    743
   465   1329    430    741
   466   1308    460    732
   467   1312    485    703
   468   1306    498    696
   469   1282    489    729
   470   1274    515    711
   471   1272    510    718
   472   1235    530    735
   473   1205    551    744
   474   1212    532    756
   475   1216    510    774
   476   1250    521    729
   477   1274    510    716
   478   1234    553    713
   479   1254    536    710
   480   1276    504    720
   481   1262    505    733
   482   1220    526    754
   483   1210    562    728
   484   1208    521    771
   485   1230    524    746
   486   1238    522    740
   487   1244    501    755
   488   1222    525    753
   489   1217    517    766
   490   1245    518    737
   491   1263    502    735
   492   1286    512    702
   493   1262    524    714
   494   1230    539    731
   495   1210    536    754
   496   1192    546    762
   497   1182    581    737
   498   1188    559    753
   499   1178    537    785
   500   1201    539    760
   501   1195    522    783
   502   1245    482    773
   503   1274    466    760
   504   1311    468    721
   505   1339    457    704
   506   1351    450    699
   507   1342    479    679
   508   1360    447    693
   509   1363    463    674
   510   1346    445    709
   511   1359    443    698
   512   1391    450    659
   513   1376    444    680
   514   1351    480    669
   515   1353    476    671
   516   1352    480    668
   517   1343    478    679
   518   1300    495    705
   519   1277    497    726
   520   1337    460    703
   521   1339    475    686
   522   1358    483    659
   523   1315    518    667
   524   1345    467    688
   525   1340    467    693
   526   1343    465    692
   527   1370    459    671
   528   1370    439    691
   529   1396    435    669
   530   1394    429    677
   531   1379    448    673
   532   1382    434    684
   533   1415    432    653
   534   1390    464    646
   535   1356    467    677
   536   1373    462    665
   537   1355    468    677
   538   1361    473    666
   539   1357    477    666
   540   1344    488    668
   541   1316    493    691
   542   1311    495    694
   543   1297    476    727
   544   1321    455    724
   545   1313    476    711
   546   1322    485    693
   547   1294    511    695
   548   1313    501    686
   549   1262    515    723
   550   1257    513    730
   551   1268    535    697
   552   1262    514    724
   553   1245    535    720
   554   1222    537    741
   555   1251    500    749
   556   1246    503    751
   557   1246    514    740
   558   1233    534    733
   559   1189    583    728
   560   1202    568    730
   561   1171    591    738
   562   1174    556    770
   563   1173    531    796
   564   1188    499    813
   565   1238    480    782
   566   1256    477    767
   567   1221    514    765
   568   1221    549    730
   569   1210    524    766
   570   1208    518    774
   571   1225    514    761
   572   1247    506    747
   573   1298    468    734
   574   1325    455    720
   575   1332    458    710
   576   1332    469    699
   577   1354    451    695
   578   1360    450    690
   579   1371    460    669
   580   1339    485    676
   581   1330    462    708
   582   1339    473    688
   583   1314    462    724
   584   1308    464    728
   585   1292    477    731
   586   1333    460    707
   587   1351    469    680
   588   1334    497    669
   589   1325    502    673
   590   1291    511    698
   591   1283    525    692
   592   1265    516    719
   593   1277    498    725
   594   1262    510    728
   595   1263    515    722
   596   1260    510    730
   597   1249    496    755
   598   1300    486    714
   599   1277    496    727
   600   1276    504    720
   601   1301    489    710
   602   1246    526    728
   603   1256    515    729
   604   1252    523    725
   605   1231    546    723
   606   1239    523    738
   607   1222    557    721
   608   1221    538    741
   609   1209    551    740
   610   1198    552    750
   611   1198    526    776
   612   1226    537    737
   613   1207    521    772
   614   1212    504    784
   615   1262    493    745
   616   1263    512    725
   617   1269    502    729
   618   1271    485    744
   619   1285    458    757
   620   1302    483    715
   621   1346    449    705
   622   1334    477    689
   623   1350    447    703
   624   1320    468    712
   625   1299    510    691
   626   1285    516    699
   627   1279    519    702
   628   1295    505    700
   629   1265    538    697
   630   1254    524    722
   631   1252    557    691
   632   1258    526    716
   633   1259    528    713
   634   1257    516    727
   635   1260    492    748
   636   1264    479    757
   637   1301    451    748
   638   1348    460    692
   639   1351    491    658
   640   1338    461    701
   641   1335    456    709
   642   1360    456    684
   643   1328    489    683
   644   1307    488    705
   645   1293    489    718
   646   1301    491    708
   647   1310    477    713
   648   1288    491    721
   649   1283    493    724
   650   1272    534    694
   651   1243    554    703
   652   1219    561    720
   653   1221    528    751
   654   1255    489    756
   655   1261    511    728
   656   1241    532    727
   657   1259    501    740
   658   1281    466    753
   659   1311    458    731
   660   1311    455    734
   661   1314    461    725
   662   1306    479    715
   663   1290    518    692
   664   1241    535    724
   665   1223    562    715
   666   1240    528    732
   667   1219    553    728
   668   1235    517    748
   669   1252    488    760
   670   1238    478    784
   671   1279    463    758
   672   1313    471    716
   673   1314    492    694
   674   1309    471    720
   675   1344    425    731
   676   1374    438    688
   677   1370    477    653
   678   1316    504    680
   679   1292    479    729
   680   1302    484    714
   681   1296    464    740
   682   1300    453    747
   683   1310    439    751
   684   1324    442    734
   685   1379    435    686
   686   1355    468    677
   687   1339    498    663
   688   1318    480    702
   689   1362    448    690
   690   1361    467    672
   691   1314    506    680
   692   1306    502    692
   693   1296    489    715
   694   1270    514    716
   695   1284    485    731
   696   1306    486    708
   697   1311    486    703
   698   1283    500    717
   699   1287    493    720
   700   1350    450    700
   701   1346    480    674
   702   1348    468    684
   703   1324    506    670
   704   1333    490    677
   705   1278    514    708
   706   1280    499    721
   707   1277    493    730
   708   1288    494    718
   709   1320    496    684
   710   1286    506    708
   711   1250    526    724
   712   1268    501    731
   713   1274    509    717
   714   1259    545    696
   715   1241    544    715
   716   1207    568    725
   717   1192    561    747
   718   1164    577    759
   719   1206    518    776
   720   1246    502    752
   721   1254    476    770
   722   1272    477    751
   723   1310    476    714
   724   1288    491    721
   725   1317    498    685
   726   1326    481    693
   727   1280    480    740
   728   1303    483    714
   729   1281    469    750
   730   1245    522    733
   731   1225    554    721
   732   1194    581    725
   733   1195    560    745
   734   1221    540    739
   735   1233    545    722
   736   1169    601    730
   737   1148    591    761
   738   1136    596    768
   739   1183    558    759
   740   1200    549    751
   741   1200    543    757
   742   1196    536    768
   743   1212    554    734
   744   1196    555    749
   745   1232    528    740
   746   1236    521    743
   747   1270    511    719
   748   1255    522    723
   749   1237    519    744
   750   1232    518    750
   751   1273    504    723
   752   1285    469    746
   753   1289    492    719
   754   1299    484    717
   755   1311    493    696
   756   1330    485    685
   757   1317    473    710
   758   1305    510    685
   759   1307    498    695
   760   1276    528    696
   761   1283    500    717
   762   1305    503    692
   763   1313    484    703
   764   1268    515    717
   765   1279    533    688
   766   1325    493    682
   767   1351    453    696
   768   1312    486    702
   769   1306    471    723
   770   1347    445    708
   771   1389    422    689
   772   1409    420    671
   773   1415    429    656
   774   1428    429    643
   775   1392    435    673
   776   1380    432    688
   777   1371    448    681
   778   1362    453    685
   779   1354    470    676
   780   1321    487    692
   781   1316    468    716
   782   1331    469    700
   783   1341    484    675
   784   1319    481    700
   785   1344    463    693
   786   1320    497    683
   787   1298    497    705
   788   1286    511    703
   789   1303    495    702
   790   1328    478    694
   791   1303    506    691
   792   1228    529    743
   793   1236    527    737
   794   1236    516    748
   795   1241    513    746
   796   1247    507    746
   797   1230    544    726
   798   1229    519    752
   799   1250    511    739
   800   1266    505    729
   801   1266    510    724
   802   1245    519    736
   803   1257    507    736
   804   1271    510    719
   805   1264    504    732
   806   1271    517    712
   807   1263    503    734
   808   1284    507    709
   809   1262    490    748
   810   1286    467    747
   811   1283    467    750
   812   1275    481    744
   813   1282    484    734
   814   1318    453    729
   815   1310    445    745
   816   1321    449    730
   817   1306    474    720
   818   1305    502    693
   819   1273    521    706
   820   1283    523    694
   821   1269    498    733
   822   1301    477    722
   823   1304    470    726
   824   1304    474    722
   825   1304    476    720
   826   1276    501    723
   827   1275    486    739
   828   1290    490    720
   829   1315    471    714
   830   1291    491    718
   831   1273    510    717
   832   1271    515    714
   833   1281    502    717
   834   1295    507    698
   835   1287    478    735
   836   1295    474    731
   837   1265    506    729
   838   1280    501    719
   839   1300    489    711
   840   1278    524    698
   841   1305    486    709
   842   1277    508    715
   843   1261    516    723
   844   1315    465    720
   845   1345    475    680
   846   1338    474    688
   847   1345    455    700
   848   1333    490    677
   849   1319    487    694
   850   1305    508    687
   851   1284    531    685
   852   1250    549    701
   853   1220    530    750
   854   1240    527    733
   855   1214    525    761
   856   1241    522    737
   857   1237    505    758
   858   1264    512    724
   859   1260    534    706
   860   1257    519    724
   861   1226    515    759
   862   1224    546    730
   863   1174    584    742
   864   1149    573    778
   865   1139    563    798
   866   1157    530    813
   867   1196    518    786
   868   1222    495    783
   869   1232    519    749
   870   1243    524    733
   871   1229    530    741
   872   1271    493    736
   873   1278    497    725
   874   1293    459    748
   875   1324    455    721
   876   1310    493    697
   877   1316    463    721
   878   1352    469    679
   879   1369    454    677
   880   1343    456    701
   881   1355    466    679
   882   1346    466    688
   883   1338    480    682
   884   1320    477    703
   885   1313    476    711
   886   1323    469    708
   887   1309    514    677
   888   1317    507    676
   889   1293    509    698
   890   1305    454    741
   891   1333    474    693
   892   1325    480    695
   893   1292    502    706
   894   1255    515    730
   895   1295    491    714
   896   1287    490    723
   897   1274    499    727
   898   1283    472    745
   899   1337    467    696
   900   1340    468    692
   901   1315    475    710
   902   1279    505    716
   903   1271    526    703
   904   1270    515    715
   905   1276    505    719
   906   1246    511    743
   907   1243    510    747
   908   1250    514    736
   909   1270    499    731
   910   1266    518    716
   911   1276    494    730
   912   1263    502    735
   913   1285    494    721
   914   1253    500    747
   915   1243    515    742
   916   1239    520    741
   917   1262    520    718
   918   1247    543    710
   919   1245    500    755
   920   1267    464    769
   921   1295    475    730
   922   1282    485    733
   923   1285    470    745
   924   1270    500    730
   925   1276    491    733
   926   1274    502    724
   927   1282    492    726
   928   1238    537    725
   929   1244    537    719
   930   1201    563    736
   931   1226    498    776
   932   1244    483    773
   933   1243    513    744
   934   1255    507    738
   935   1251    528    721
   936   1240    519    741
   937   1249    509    742
   938   1233    518    749
   939   1222    528    750
   940   1200    565    735
   941   1207    526    767
   942   1219    540    741
   943   1215    579    706
   944   1214    561    725
   945   1243    551    706
   946   1194    549    757
   947   1174    550    776
   948   1196    554    750
   949   1177    556    767
   950   1180    577    743
   951   1172    558    770
   952   1166    541    793
   953   1185    539    776
   954   1198    547    755
   955   1147    605    748
   956   1130    595    775
   957   1115    567    818
   958   1155    551    794
   959   1184    561    755
   960   1157    578    765
   961   1156    573    771
   962   1188    527    785
   963   1191    552    757
   964   1184    545    771
   965   1191    551    758
   966   1231    490    779
   967   1214    540    746
   968   1230    529    741
   969   1276    492    732
   970   1284    500    716
   971   1259    525    716
   972   1248    534    718
   973   1249    504    747
   974   1239    511    750
   975   1249    503    748
   976   1243    501    756
   977   1249    505    746
   978   1253    489    758
   979   1310    454    736
   980   1323    433    744
   981   1343    444    713
   982   1314    471    715
   983   1331    449    720
   984   1355    427    718
   985   1363    422    715
   986   1386    422    692
   987   1391    430    679
   988   1395    449    656
   989   1390    451    659
   990   1366    447    687
   991   1350    460    690
   992   1365    456    679
   993   1350    455    695
   994   1369    435    696
   995   1383    455    662
   996   1367    470    663
   997   1348    472    680
   998   1346    457    697
   999   1313    494    693
  1000   1314    474    712
