# time (sweeps) | Susceptible | Infected | Recovered
     0    984      0   1516
     1    984      0   1516
     2    984      0   1516
     3    984      0   1516
     4    984      0   1516
     5    984      0   1516
     6    984      0   1516
     7    984      0   1516
     8    984      0   1516
     9    984      0   1516
    10    984      0   1516
    11    984      0   1516
    12    984      0   1516
    13    984      0   1516
    14    984      0   1516
    15    984      0   1516
    16    984      0   1516
    17    984      0   1516
    18    984      0   1516
    19    984      0   1516
    20    984      0   1516
    21    984      0   1516
    22    984      0   1516
    23    984      0   1516
    24    984      0   1516
    25    984      0   1516
    26    984      0   1516
    27    984      0   1516
    28    984      0   1516
    29    984      0   1516
    30    984      0   1516
    31    984      0   1516
    32    984      0   1516
    33    984      0   1516
    34    984      0   1516
    35    984      0   1516
    36    984      0   1516
    37    984      0   1516
    38    984      0   1516
    39    984      0   1516
    40    984      0   1516
    41    984      0   1516
    42    984      0   1516
    43    984      0   1516
    44    984      0   1516
    45    984      0   1516
    46    984      0   1516
    47    984      0   1516
    48    984      0   1516
    49    984      0   1516
    50    984      0   1516
    51    984      0   1516
    52    984      0   1516
    53    984      0   1516
    54    984      0   1516
    55    984      0   1516
    56    984      0   1516
    57    984      0   1516
    58    984      0   1516
    59    984      0   1516
    60    984      0   1516
    61    984      0   1516
    62    984      0   1516
    63    984      0   1516
    64    984      0   1516
    65    984      0   1516
    66    984      0   1516
    67    984      0   1516
    68    984      0   1516
    69    984      0   1516
    70    984      0   1516
    71    984      0   1516
    72    984      0   1516
    73    984      0   1516
    74    984      0   1516
    75    984      0   1516
    76    984      0   1516
    77    984      0   1516
    78    984      0   1516
    79    984      0   1516
    80    984      0   1516
    81    984      0   1516
    82    984      0   1516
    83    984      0   1516
    84    984      0   1516
    85    984      0   1516
    86    984      0   1516
    87    984      0   1516
    88    984      0   1516
    89    984      0   1516
    90    984      0   1516
    91    984      0   1516
    92    984      0   1516
    93    984      0   1516
    94    984      0   1516
    95    984      0   1516
    96    984      0   1516
    97    984      0   1516
    98    984      0   1516
    99    984      0   1516
   100    984      0   1516
   101    984      0   1516
   102    984      0   1516
   103    984      0   1516
   104    984      0   1516
   105    984      0   1516
   106    984      0   1516
   107    984      0   1516
   108    984      0   1516
   109    984      0   1516
   110    984      0   1516
   111    984      0   1516
   112    984      0   1516
   113    984      0   1516
   114    984      0   1516
   115    984      0   1516
   116    984      0   1516
   117    984      0   1516
   118    984      0   1516
   119    984      0   1516
   120    984      0   1516
   121    984      0   1516
   122    984      0   1516
   123    984      0   1516
   124    984      0   1516
   125    984      0   1516
   126    984      0   1516
   127    984      0   1516
   128    984      0   1516
   129    984      0   1516
   130    984      0   1516
   131    984      0   1516
   132    984      0   1516
   133    984      0   1516
   134    984      0   1516
   135    984      0   1516
   136    984      0   1516
   137    984      0   1516
   138    984      0   1516
   139    984      0   1516
   140    984      0   1516
   141    984      0   1516
   142    984      0   1516
   143    984      0   1516
   144    984      0   1516
   145    984      0   1516
   146    984      0   1516
   147    984      0   1516
   148    984      0   1516
   149    984      0   1516
   150    984      0   1516
   151    984      0   1516
   152    984      0   1516
   153    984      0   1516
   154    984      0   1516
   155    984      0   1516
   156    984      0   1516
   157    984      0   1516
   158    984      0   1516
   159    984      0   1516
   160    984      0   1516
   161    984      0   1516
   162    984      0   1516
   163    984      0   1516
   164    984      0   1516
   165    984      0   1516
   166    984      0   1516
   167    984      0   1516
   168    984      0   1516
   169    984      0   1516
   170    984      0   1516
   171    984      0   1516
   172    984      0   1516
   173    984      0   1516
   174    984      0   1516
   175    984      0   1516
   176    984      0   1516
   177    984      0   1516
   178    984      0   1516
   179    984      0   1516
   180    984      0   1516
   181    984      0   1516
   182    984      0   1516
   183    984      0   1516
   184    984      0   1516
   185    984      0   1516
   186    984      0   1516
   187    984      0   1516
   188    984      0   1516
   189    984      0   1516
   190    984      0   1516
   191    984      0   1516
   192    984      0   1516
   193    984      0   1516
   194    984      0   1516
   195    984      0   1516
   196    984      0   1516
   197    984      0   1516
   198    984      0   1516
   199    984      0   1516
   200    984      0   1516
   201    984      0   1516
   202    984      0   1516
   203    984      0   1516
   204    984      0   1516
   205    984      0   1516
   206    984      0   1516
   207    984      0   1516
   208    984      0   1516
   209    984      0   1516
   210    984      0   1516
   211    984      0   1516
   212    984      0   1516
   213    984      0   1516
   214    984      0   1516
   215    984      0   1516
   216    984      0   1516
   217    984      0   1516
   218    984      0   1516
   219    984      0   1516
   220    984      0   1516
   221    984      0   1516
   222    984      0   1516
   223    984      0   1516
   224    984      0   1516
   225    984      0   1516
   226    984      0   1516
   227    984      0   1516
   228    984      0   1516
   229    984      0   1516
   230    984      0   1516
   231    984      0   1516
   232    984      0   1516
   233    984      0   1516
   234    984      0   1516
   235    984      0   1516
   236    984      0   1516
   237    984      0   1516
   238    984      0   1516
   239    984      0   1516
   240    984      0   1516
   241    984      0   1516
   242    984      0   1516
   243    984      0   1516
   244    984      0   1516
   245    984      0   1516
   246    984      0   1516
   247    984      0   1516
   248    984      0   1516
   249    984      0   1516
   250    984      0   1516
   251    984      0   1516
   252    984      0   1516
   253    984      0   1516
   254    984      0   1516
   255    984      0   1516
   256    984      0   1516
   257    984      0   1516
   258    984      0   1516
   259    984      0   1516
   260    984      0   1516
   261    984      0   1516
   262    984      0   1516
   263    984      0   1516
   264    984      0   1516
   265    984      0   1516
   266    984      0   1516
   267    984      0   1516
   268    984      0   1516
   269    984      0   1516
   270    984      0   1516
   271    984      0   1516
   272    984      0   1516
   273    984      0   1516
   274    984      0   1516
   275    984      0   1516
   276    984      0   1516
   277    984      0   1516
   278    984      0   1516
   279    984      0   1516
   280    984      0   1516
   281    984      0   1516
   282    984      0   1516
   283    984      0   1516
   284    984      0   1516
   285    984      0   1516
   286    984      0   1516
   287    984      0   1516
   288    984      0   1516
   289    984      0   1516
   290    984      0   1516
   291    984      0   1516
   292    984      0   1516
   293    984      0   1516
   294    984      0   1516
   295    984      0   1516
   296    984      0   1516
   297    984      0   1516
   298    984      0   1516
   299    984      0   1516
   300    984      0   1516
   301    984      0   1516
   302    984      0   1516
   303    984      0   1516
   304    984      0   1516
   305    984      0   1516
   306    984      0   1516
   307    984      0   1516
   308    984      0   1516
   309    984      0   1516
   310    984      0   1516
   311    984      0   1516
   312    984      0   1516
   313    984      0   1516
   314    984      0   1516
   315    984      0   1516
   316    984      0   1516
   317    984      0   1516
   318    984      0   1516
   319    984      0   1516
   320    984      0   1516
   321    984      0   1516
   322    984      0   1516
   323    984      0   1516
   324    984      0   1516
   325    984      0   1516
   326    984      0   1516
   327    984      0   1516
   328    984      0   1516
   329    984      0   1516
   330    984      0   1516
   331    984      0   1516
   332    984      0   1516
   333    984      0   1516
   334    984      0   1516
   335    984      0   1516
   336    984      0   1516
   337    984      0   1516
   338    984      0   1516
   339    984      0   1516
   340    984      0   1516
   341    984      0   1516
   342    984      0   1516
   343    984      0   1516
   344    984      0   1516
   345    984      0   1516
   346    984      0   1516
   347    984      0   1516
   348    984      0   1516
   349    984      0   1516
   350    984      0   1516
   351    984      0   1516
   352    984      0   1516
   353    984      0   1516
   354    984      0   1516
   355    984      0   1516
   356    984      0   1516
   357    984      0   1516
   358    984      0   1516
   359    984      0   1516
   360    984      0   1516
   361    984      0   1516
   362    984      0   1516
   363    984      0   1516
   364    984      0   1516
   365    984      0   1516
   366    984      0   1516
   367    984      0   1516
   368    984      0   1516
   369    984      0   1516
   370    984      0   1516
   371    984      0   1516
   372    984      0   1516
   373    984      0   1516
   374    984      0   1516
   375    984      0   1516
   376    984      0   1516
   377    984      0   1516
   378    984      0   1516
   379    984      0   1516
   380    984      0   1516
   381    984      0   1516
   382    984      0   1516
   383    984      0   1516
   384    984      0   1516
   385    984      0   1516
   386    984      0   1516
   387    984      0   1516
   388    984      0   1516
   389    984      0   1516
   390    984      0   1516
   391    984      0   1516
   392    984      0   1516
   393    984      0   1516
   394    984      0   1516
   395    984      0   1516
   396    984      0   1516
   397    984      0   1516
   398    984      0   1516
   399    984      0   1516
   400    984      0   1516
   401    984      0   1516
   402    984      0   1516
   403    984      0   1516
   404    984      0   1516
   405    984      0   1516
   406    984      0   1516
   407    984      0   1516
   408    984      0   1516
   409    984      0   1516
   410    984      0   1516
   411    984      0   1516
   412    984      0   1516
   413    984      0   1516
   414    984      0   1516
   415    984      0   1516
   416    984      0   1516
   417    984      0   1516
   418    984      0   1516
   419    984      0   1516
   420    984      0   1516
   421    984      0   1516
   422    984      0   1516
   423    984      0   1516
   424    984      0   1516
   425    984      0   1516
   426    984      0   1516
   427    984      0   1516
   428    984      0   1516
   429    984      0   1516
   430    984      0   1516
   431    984      0   1516
   432    984      0   1516
   433    984      0   1516
   434    984      0   1516
   435    984      0   1516
   436    984      0   1516
   437    984      0   1516
   438    984      0   1516
   439    984      0   1516
   440    984      0   1516
   441    984      0   1516
   442    984      0   1516
   443    984      0   1516
   444    984      0   1516
   445    984      0   1516
   446    984      0   1516
   447    984      0   1516
   448    984      0   1516
   449    984      0   1516
   450    984      0   1516
   451    984      0   1516
   452    984      0   1516
   453    984      0   1516
   454    984      0   1516
   455    984      0   1516
   456    984      0   1516
   457    984      0   1516
   458    984      0   1516
   459    984      0   1516
   460    984      0   1516
   461    984      0   1516
   462    984      0   1516
   463    984      0   1516
   464    984      0   1516
   465    984      0   1516
   466    984      0   1516
   467    984      0   1516
   468    984      0   1516
   469    984      0   1516
   470    984      0   1516
   471    984      0   1516
   472    984      0   1516
   473    984      0   1516
   474    984      0   1516
   475    984      0   1516
   476    984      0   1516
   477    984      0   1516
   478    984      0   1516
   479    984      0   1516
   480    984      0   1516
   481    984      0   1516
   482    984      0   1516
   483    984      0   1516
   484    984      0   1516
   485    984      0   1516
   486    984      0   1516
   487    984      0   1516
   488    984      0   1516
   489    984      0   1516
   490    984      0   1516
   491    984      0   1516
   492    984      0   1516
   493    984      0   1516
   494    984      0   1516
   495    984      0   1516
   496    984      0   1516
   497    984      0   1516
   498    984      0   1516
   499    984      0   1516
   500    984      0   1516
   501    984      0   1516
   502    984      0   1516
   503    984      0   1516
   504    984      0   1516
   505    984      0   1516
   506    984      0   1516
   507    984      0   1516
   508    984      0   1516
   509    984      0   1516
   510    984      0   1516
   511    984      0   1516
   512    984      0   1516
   513    984      0   1516
   514    984      0   1516
   515    984      0   1516
   516    984      0   1516
   517    984      0   1516
   518    984      0   1516
   519    984      0   1516
   520    984      0   1516
   521    984      0   1516
   522    984      0   1516
   523    984      0   1516
   524    984      0   1516
   525    984      0   1516
   526    984      0   1516
   527    984      0   1516
   528    984      0   1516
   529    984      0   1516
   530    984      0   1516
   531    984      0   1516
   532    984      0   1516
   533    984      0   1516
   534    984      0   1516
   535    984      0   1516
   536    984      0   1516
   537    984      0   1516
   538    984      0   1516
   539    984      0   1516
   540    984      0   1516
   541    984      0   1516
   542    984      0   1516
   543    984      0   1516
   544    984      0   1516
   545    984      0   1516
   546    984      0   1516
   547    984      0   1516
   548    984      0   1516
   549    984      0   1516
   550    984      0   1516
   551    984      0   1516
   552    984      0   1516
   553    984      0   1516
   554    984      0   1516
   555    984      0   1516
   556    984      0   1516
   557    984      0   1516
   558    984      0   1516
   559    984      0   1516
   560    984      0   1516
   561    984      0   1516
   562    984      0   1516
   563    984      0   1516
   564    984      0   1516
   565    984      0   1516
   566    984      0   1516
   567    984      0   1516
   568    984      0   1516
   569    984      0   1516
   570    984      0   1516
   571    984      0   1516
   572    984      0   1516
   573    984      0   1516
   574    984      0   1516
   575    984      0   1516
   576    984      0   1516
   577    984      0   1516
   578    984      0   1516
   579    984      0   1516
   580    984      0   1516
   581    984      0   1516
   582    984      0   1516
   583    984      0   1516
   584    984      0   1516
   585    984      0   1516
   586    984      0   1516
   587    984      0   1516
   588    984      0   1516
   589    984      0   1516
   590    984      0   1516
   591    984      0   1516
   592    984      0   1516
   593    984      0   1516
   594    984      0   1516
   595    984      0   1516
   596    984      0   1516
   597    984      0   1516
   598    984      0   1516
   599    984      0   1516
   600    984      0   1516
   601    984      0   1516
   602    984      0   1516
   603    984      0   1516
   604    984      0   1516
   605    984      0   1516
   606    984      0   1516
   607    984      0   1516
   608    984      0   1516
   609    984      0   1516
   610    984      0   1516
   611    984      0   1516
   612    984      0   1516
   613    984      0   1516
   614    984      0   1516
   615    984      0   1516
   616    984      0   1516
   617    984      0   1516
   618    984      0   1516
   619    984      0   1516
   620    984      0   1516
   621    984      0   1516
   622    984      0   1516
   623    984      0   1516
   624    984      0   1516
   625    984      0   1516
   626    984      0   1516
   627    984      0   1516
   628    984      0   1516
   629    984      0   1516
   630    984      0   1516
   631    984      0   1516
   632    984      0   1516
   633    984      0   1516
   634    984      0   1516
   635    984      0   1516
   636    984      0   1516
   637    984      0   1516
   638    984      0   1516
   639    984      0   1516
   640    984      0   1516
   641    984      0   1516
   642    984      0   1516
   643    984      0   1516
   644    984      0   1516
   645    984      0   1516
   646    984      0   1516
   647    984      0   1516
   648    984      0   1516
   649    984      0   1516
   650    984      0   1516
   651    984      0   1516
   652    984      0   1516
   653    984      0   1516
   654    984      0   1516
   655    984      0   1516
   656    984      0   1516
   657    984      0   1516
   658    984      0   1516
   659    984      0   1516
   660    984      0   1516
   661    984      0   1516
   662    984      0   1516
   663    984      0   1516
   664    984      0   1516
   665    984      0   1516
   666    984      0   1516
   667    984      0   1516
   668    984      0   1516
   669    984      0   1516
   670    984      0   1516
   671    984      0   1516
   672    984      0   1516
   673    984      0   1516
   674    984      0   1516
   675    984      0   1516
   676    984      0   1516
   677    984      0   1516
   678    984      0   1516
   679    984      0   1516
   680    984      0   1516
   681    984      0   1516
   682    984      0   1516
   683    984      0   1516
   684    984      0   1516
   685    984      0   1516
   686    984      0   1516
   687    984      0   1516
   688    984      0   1516
   689    984      0   1516
   690    984      0   1516
   691    984      0   1516
   692    984      0   1516
   693    984      0   1516
   694    984      0   1516
   695    984      0   1516
   696    984      0   1516
   697    984      0   1516
   698    984      0   1516
   699    984      0   1516
   700    984      0   1516
   701    984      0   1516
   702    984      0   1516
   703    984      0   1516
   704    984      0   1516
   705    984      0   1516
   706    984      0   1516
   707    984      0   1516
   708    984      0   1516
   709    984      0   1516
   710    984      0   1516
   711    984      0   1516
   712    984      0   1516
   713    984      0   1516
   714    984      0   1516
   715    984      0   1516
   716    984      0   1516
   717    984      0   1516
   718    984      0   1516
   719    984      0   1516
   720    984      0   1516
   721    984      0   1516
   722    984      0   1516
   723    984      0   1516
   724    984      0   1516
   725    984      0   1516
   726    984      0   1516
   727    984      0   1516
   728    984      0   1516
   729    984      0   1516
   730    984      0   1516
   731    984      0   1516
   732    984      0   1516
   733    984      0   1516
   734    984      0   1516
   735    984      0   1516
   736    984      0   1516
   737    984      0   1516
   738    984      0   1516
   739    984      0   1516
   740    984      0   1516
   741    984      0   1516
   742    984      0   1516
   743    984      0   1516
   744    984      0   1516
   745    984      0   1516
   746    984      0   1516
   747    984      0   1516
   748    984      0   1516
   749    984      0   1516
   750    984      0   1516
   751    984      0   1516
   752    984      0   1516
   753    984      0   1516
   754    984      0   1516
   755    984      0   1516
   756    984      0   1516
   757    984      0   1516
   758    984      0   1516
   759    984      0   1516
   760    984      0   1516
   761    984      0   1516
   762    984      0   1516
   763    984      0   1516
   764    984      0   1516
   765    984      0   1516
   766    984      0   1516
   767    984      0   1516
   768    984      0   1516
   769    984      0   1516
   770    984      0   1516
   771    984      0   1516
   772    984      0   1516
   773    984      0   1516
   774    984      0   1516
   775    984      0   1516
   776    984      0   1516
   777    984      0   1516
   778    984      0   1516
   779    984      0   1516
   780    984      0   1516
   781    984      0   1516
   782    984      0   1516
   783    984      0   1516
   784    984      0   1516
   785    984      0   1516
   786    984      0   1516
   787    984      0   1516
   788    984      0   1516
   789    984      0   1516
   790    984      0   1516
   791    984      0   1516
   792    984      0   1516
   793    984      0   1516
   794    984      0   1516
   795    984      0   1516
   796    984      0   1516
   797    984      0   1516
   798    984      0   1516
   799    984      0   1516
   800    984      0   1516
   801    984      0   1516
   802    984      0   1516
   803    984      0   1516
   804    984      0   1516
   805    984      0   1516
   806    984      0   1516
   807    984      0   1516
   808    984      0   1516
   809    984      0   1516
   810    984      0   1516
   811    984      0   1516
   812    984      0   1516
   813    984      0   1516
   814    984      0   1516
   815    984      0   1516
   816    984      0   1516
   817    984      0   1516
   818    984      0   1516
   819    984      0   1516
   820    984      0   1516
   821    984      0   1516
   822    984      0   1516
   823    984      0   1516
   824    984      0   1516
   825    984      0   1516
   826    984      0   1516
   827    984      0   1516
   828    984      0   1516
   829    984      0   1516
   830    984      0   1516
   831    984      0   1516
   832    984      0   1516
   833    984      0   1516
   834    984      0   1516
   835    984      0   1516
   836    984      0   1516
   837    984      0   1516
   838    984      0   1516
   839    984      0   1516
   840    984      0   1516
   841    984      0   1516
   842    984      0   1516
   843    984      0   1516
   844    984      0   1516
   845    984      0   1516
   846    984      0   1516
   847    984      0   1516
   848    984      0   1516
   849    984      0   1516
   850    984      0   1516
   851    984      0   1516
   852    984      0   1516
   853    984      0   1516
   854    984      0   1516
   855    984      0   1516
   856    984      0   1516
   857    984      0   1516
   858    984      0   1516
   859    984      0   1516
   860    984      0   1516
   861    984      0   1516
   862    984      0   1516
   863    984      0   1516
   864    984      0   1516
   865    984      0   1516
   866    984      0   1516
   867    984      0   1516
   868    984      0   1516
   869    984      0   1516
   870    984      0   1516
   871    984      0   1516
   872    984      0   1516
   873    984      0   1516
   874    984      0   1516
   875    984      0   1516
   876    984      0   1516
   877    984      0   1516
   878    984      0   1516
   879    984      0   1516
   880    984      0   1516
   881    984      0   1516
   882    984      0   1516
   883    984      0   1516
   884    984      0   1516
   885    984      0   1516
   886    984      0   1516
   887    984      0   1516
   888    984      0   1516
   889    984      0   1516
   890    984      0   1516
   891    984      0   1516
   892    984      0   1516
   893    984      0   1516
   894    984      0   1516
   895    984      0   1516
   896    984      0   1516
   897    984      0   1516
   898    984      0   1516
   899    984      0   1516
   900    984      0   1516
   901    984      0   1516
   902    984      0   1516
   903    984      0   1516
   904    984      0   1516
   905    984      0   1516
   906    984      0   1516
   907    984      0   1516
   908    984      0   1516
   909    984      0   1516
   910    984      0   1516
   911    984      0   1516
   912    984      0   1516
   913    984      0   1516
   914    984      0   1516
   915    984      0   1516
   916    984      0   1516
   917    984      0   1516
   918    984      0   1516
   919    984      0   1516
   920    984      0   1516
   921    984      0   1516
   922    984      0   1516
   923    984      0   1516
   924    984      0   1516
   925    984      0   1516
   926    984      0   1516
   927    984      0   1516
   928    984      0   1516
   929    984      0   1516
   930    984      0   1516
   931    984      0   1516
   932    984      0   1516
   933    984      0   1516
   934    984      0   1516
   935    984      0   1516
   936    984      0   1516
   937    984      0   1516
   938    984      0   1516
   939    984      0   1516
   940    984      0   1516
   941    984      0   1516
   942    984      0   1516
   943    984      0   1516
   944    984      0   1516
   945    984      0   1516
   946    984      0   1516
   947    984      0   1516
   948    984      0   1516
   949    984      0   1516
   950    984      0   1516
   951    984      0   1516
   952    984      0   1516
   953    984      0   1516
   954    984      0   1516
   955    984      0   1516
   956    984      0   1516
   957    984      0   1516
   958    984      0   1516
   959    984      0   1516
   960    984      0   1516
   961    984      0   1516
   962    984      0   1516
   963    984      0   1516
   964    984      0   1516
   965    984      0   1516
   966    984      0   1516
   967    984      0   1516
   968    984      0   1516
   969    984      0   1516
   970    984      0   1516
   971    984      0   1516
   972    984      0   1516
   973    984      0   1516
   974    984      0   1516
   975    984      0   1516
   976    984      0   1516
   977    984      0   1516
   978    984      0   1516
   979    984      0   1516
   980    984      0   1516
   981    984      0   1516
   982    984      0   1516
   983    984      0   1516
   984    984      0   1516
   985    984      0   1516
   986    984      0   1516
   987    984      0   1516
   988    984      0   1516
   989    984      0   1516
   990    984      0   1516
   991    984      0   1516
   992    984      0   1516
   993    984      0   1516
   994    984      0   1516
   995    984      0   1516
   996    984      0   1516
   997    984      0   1516
   998    984      0   1516
   999    984      0   1516
  1000    984      0   1516
