# time (sweeps) | Susceptible | Infected | Recovered
     0   1203    481    816
     1   1214    502    784
     2   1250    468    782
     3   1265    468    767
     4   1283    473    744
     5   1307    450    743
     6   1283    470    747
     7   1316    459    725
     8   1329    466    705
     9   1296    472    732
    10   1291    438    771
    11   1316    427    757
    12   1332    409    759
    13   1367    403    730
    14   1373    417    710
    15   1396    392    712
    16   1407    388    705
    17   1413    379    708
    18   1408    406    686
    19   1344    436    720
    20   1379    399    722
    21   1382    416    702
    22   1391    410    699
    23   1394    425    681
    24   1358    439    703
    25   1332    469    699
    26   1314    462    724
    27   1307    454    739
    28   1342    414    744
    29   1350    403    747
    30   1359    409    732
    31   1386    406    708
    32   1383    424    693
    33   1343    447    710
    34   1331    476    693
    35   1291    474    735
    36   1315    463    722
    37   1280    490    730
    38   1283    477    740
    39   1301    460    739
    40   1338    416    746
    41   1352    419    729
    42   1348    432    720
    43   1344    447    709
    44   1359    433    708
    45   1350    444    706
    46   1321    440    739
    47   1338    429    733
    48   1335    450    715
    49   1326    448    726
    50   1343    425    732
    51   1368    417    715
    52   1356    420    724
    53   1349    427    724
    54   1344    402    754
    55   1350    412    738
    56   1381    397    722
    57   1404    396    700
    58   1401    366    733
    59   1403    396    701
    60   1403    390    707
    61   1412    408    680
    62   1430    411    659
    63   1441    398    661
    64   1420    387    693
    65   1433    391    676
    66   1452    387    661
    67   1466    392    642
    68   1464    383    653
    69   1441    422    637
    70   1393    425    682
    71   1374    419    707
    72   1360    426    714
    73   1339    456    705
    74   1334    458    708
    75   1333    447    720
    76   1356    449    695
    77   1335    414    751
    78   1332    451    717
    79   1325    463    712
    80   1323    459    718
    81   1302    454    744
    82   1331    428    741
    83   1348    423    729
    84   1365    408    727
    85   1351    428    721
    86   1367    404    729
    87   1352    422    726
    88   1341    439    720
    89   1348    459    693
    90   1365    444    691
    91   1356    442    702
    92   1300    473    727
    93   1323    464    713
    94   1343    422    735
    95   1323    456    721
    96   1333    466    701
    97   1306    474    720
    98   1310    475    715
    99   1283    524    693
   100   1247    518    735
   101   1225    513    762
   102   1202    516    782
   103   1201    500    799
   104   1203    509    788
   105   1229    494    777
   106   1257    464    779
   107   1277    460    763
   108   1307    452    741
   109   1336    427    737
   110   1352    434    714
   111   1369    430    701
   112   1354    453    693
   113   1332    465    703
   114   1315    488    697
   115   1296    469    735
   116   1275    468    757
   117   1299    456    745
   118   1314    444    742
   119   1315    434    751
   120   1334    416    750
   121   1347    398    755
   122   1368    400    732
   123   1375    405    720
   124   1352    436    712
   125   1332    456    712
   126   1375    417    708
   127   1326    433    741
   128   1314    444    742
   129   1309    448    743
   130   1346    415    739
   131   1380    393    727
   132   1393    388    719
   133   1364    397    739
   134   1363    419    718
   135   1402    388    710
   136   1393    414    693
   137   1389    411    700
   138   1355    452    693
   139   1341    454    705
   140   1347    432    721
   141   1325    460    715
   142   1340    416    744
   143   1353    438    709
   144   1337    448    715
   145   1333    458    709
   146   1310    458    732
   147   1316    467    717
   148   1319    472    709
   149   1303    470    727
   150   1316    455    729
   151   1313    435    752
   152   1338    411    751
   153   1378    381    741
   154   1354    430    716
   155   1365    424    711
   156   1375    424    701
   157   1365    441    694
   158   1357    413    730
   159   1355    447    698
   160   1322    464    714
   161   1319    432    749
   162   1345    420    735
   163   1332    446    722
   164   1313    468    719
   165   1278    497    725
   166   1257    502    741
   167   1242    473    785
   168   1261    435    804
   169   1314    397    789
   170   1358    410    732
   171   1412    359    729
   172   1391    400    709
   173   1400    424    676
   174   1379    436    685
   175   1355    423    722
   176   1344    457    699
   177   1348    448    704
   178   1316    457    727
   179   1303    442    755
   180   1331    437    732
   181   1334    449    717
   182   1337    459    704
   183   1320    445    735
   184   1313    437    750
   185   1325    451    724
   186   1298    440    762
   187   1292    439    769
   188   1310    445    745
   189   1345    397    758
   190   1367    411    722
   191   1383    409    708
   192   1408    398    694
   193   1428    387    685
   194   1404    425    671
   195   1358    464    678
   196   1357    432    711
   197   1392    412    696
   198   1422    384    694
   199   1426    406    668
   200   1461    387    652
   201   1442    403    655
   202   1423    407    670
   203   1405    435    660
   204   1408    413    679
   205   1405    419    676
   206   1369    446    685
   207   1344    445    711
   208   1333    464    703
   209   1340    444    716
   210   1320    459    721
   211   1328    452    720
   212   1322    458    720
   213   1316    446    738
   214   1358    409    733
   215   1358    440    702
   216   1335    450    715
   217   1333    439    728
   218   1282    484    734
   219   1267    465    768
   220   1306    446    748
   221   1268    437    795
   222   1297    432    771
   223   1313    455    732
   224   1318    423    759
   225   1331    390    779
   226   1339    405    756
   227   1393    384    723
   228   1390    402    708
   229   1404    416    680
   230   1381    435    684
   231   1352    457    691
   232   1344    453    703
   233   1328    461    711
   234   1291    504    705
   235   1273    462    765
   236   1270    509    721
   237   1260    486    754
   238   1256    494    750
   239   1236    498    766
   240   1226    514    760
   241   1237    497    766
   242   1259    478    763
   243   1241    475    784
   244   1239    493    768
   245   1247    470    783
   246   1256    465    779
   247   1239    466    795
   248   1257    457    786
   249   1327    424    749
   250   1322    462    716
   251   1314    481    705
   252   1302    487    711
   253   1268    509    723
   254   1222    532    746
   255   1227    521    752
   256   1212    500    788
   257   1219    489    792
   258   1260    453    787
   259   1277    441    782
   260   1270    474    756
   261   1282    485    733
   262   1241    502    757
   263   1209    528    763
   264   1256    470    774
   265   1269    446    785
   266   1289    458    753
   267   1300    460    740
   268   1292    471    737
   269   1259    496    745
   270   1268    466    766
   271   1285    444    771
   272   1279    484    737
   273   1269    470    761
   274   1272    481    747
   275   1267    483    750
   276   1277    481    742
   277   1285    496    719
   278   1270    480    750
   279   1312    473    715
   280   1289    488    723
   281   1291    473    736
   282   1228    505    767
   283   1268    471    761
   284   1237    469    794
   285   1214    491    795
   286   1242    483    775
   287   1281    435    784
   288   1291    457    752
   289   1318    459    723
   290   1258    528    714
   291   1243    500    757
   292   1200    521    779
   293   1202    518    780
   294   1209    516    775
   295   1185    536    779
   296   1158    527    815
   297   1211    502    787
   298   1220    477    803
   299   1261    457    782
   300   1272    476    752
   301   1280    470    750
   302   1266    486    748
   303   1284    472    744
   304   1290    473    737
   305   1271    463    766
   306   1280    477    743
   307   1311    463    726
   308   1303    446    751
   309   1303    444    753
   310   1288    468    744
   311   1274    467    759
   312   1279    449    772
   313   1315    442    743
   314   1309    458    733
   315   1293    464    743
   316   1303    446    751
   317   1308    449    743
   318   1322    439    739
   319   1320    440    740
   320   1335    437    728
   321   1328    446    726
   322   1306    466    728
   323   1284    463    753
   324   1310    444    746
   325   1327    441    732
   326   1307    464    729
   327   1295    456    749
   328   1323    443    734
   329   1308    461    731
   330   1305    462    733
   331   1328    440    732
   332   1336    428    736
   333   1350    409    741
   334   1362    425    713
   335   1342    447    711
   336   1345    420    735
   337   1337    445    718
   338   1321    431    748
   339   1307    460    733
   340   1315    464    721
   341   1344    429    727
   342   1357    425    718
   343   1363    417    720
   344   1343    445    712
   345   1344    430    726
   346   1350    429    721
   347   1345    436    719
   348   1360    436    704
   349   1326    444    730
   350   1326    432    742
   351   1358    429    713
   352   1367    419    714
   353   1320    453    727
   354   1344    419    737
   355   1373    418    709
   356   1343    424    733
   357   1334    446    720
   358   1336    434    730
   359   1313    459    728
   360   1305    447    748
   361   1319    434    747
   362   1332    431    737
   363   1341    442    717
   364   1298    465    737
   365   1257    496    747
   366   1279    470    751
   367   1317    458    725
   368   1312    473    715
   369   1298    501    701
   370   1287    498    715
   371   1268    506    726
   372   1246    504    750
   373   1249    481    770
   374   1268    471    761
   375   1285    453    762
   376   1295    439    766
   377   1307    455    738
   378   1310    447    743
   379   1340    438    722
   380   1362    419    719
   381   1337    452    711
   382   1332    468    700
   383   1339    456    705
   384   1313    471    716
   385   1331    434    735
   386   1338    437    725
   387   1312    452    736
   388   1272    469    759
   389   1290    460    750
   390   1280    479    741
   391   1244    502    754
   392   1275    493    732
   393   1243    502    755
   394   1258    471    771
   395   1265    485    750
   396   1243    499    758
   397   1231    499    770
   398   1248    478    774
   399   1254    476    770
   400   1298    459    743
   401   1257    464    779
   402   1295    456    749
   403   1310    461    729
   404   1278    505    717
   405   1256    480    764
   406   1254    486    760
   407   1233    484    783
   408   1259    493    748
   409   1276    466    758
   410   1288    503    709
   411   1281    485    734
   412   1287    496    717
   413   1255    482    763
   414   1219    487    794
   415   1245    489    766
   416   1288    470    742
   417   1272    478    750
   418   1249    503    748
   419   1273    473    754
   420   1304    435    761
   421   1306    438    756
   422   1312    450    738
   423   1313    473    714
   424   1293    476    731
   425   1299    459    742
   426   1302    467    731
   427   1333    431    736
   428   1327    450    723
   429   1342    441    717
   430   1310    465    725
   431   1315    448    737
   432   1290    486    724
   433   1287    484    729
   434   1278    490    732
   435   1284    481    735
   436   1298    459    743
   437   1287    450    763
   438   1340    438    722
   439   1366    408    726
   440   1362    426    712
   441   1370    415    715
   442   1377    395    728
   443   1401    389    710
   444   1395    417    688
   445   1385    408    707
   446   1388    412    700
   447   1414    391    695
   448   1423    377    700
   449   1405    408    687
   450   1386    438    676
   451   1357    445    698
   452   1311    452    737
   453   1314    449    737
   454   1337    417    746
   455   1339    443    718
   456   1341    445    714
   457   1327    467    706
   458   1300    481    719
   459   1287    478    735
   460   1277    458    765
   461   1283    469    748
   462   1299    433    768
   463   1322    427    751
   464   1340    428    732
   465   1317    439    744
   466   1287    453    760
   467   1289    454    757
   468   1308    451    741
   469   1275    482    743
   470   1293    456    751
   471   1282    461    757
   472   1256    471    773
   473   1289    469    742
   474   1311    451    738
   475   1312    465    723
   476   1330    456    714
   477   1335    464    701
   478   1242    522    736
   479   1213    498    789
   480   1240    502    758
   481   1218    530    752
   482   1239    478    783
   483   1258    477    765
   484   1250    482    768
   485   1242    481    777
   486   1263    467    770
   487   1306    425    769
   488   1342    410    748
   489   1336    434    730
   490   1323    434    743
   491   1331    441    728
   492   1344    417    739
   493   1367    444    689
   494   1354    425    721
   495   1354    423    723
   496   1372    425    703
   497   1363    438    699
   498   1318    464    718
   499   1268    501    731
   500   1306    465    729
   501   1298    455    747
   502   1303    446    751
   503   1302    459    739
   504   1324    440    736
   505   1314    455    731
   506   1341    442    717
   507   1330    440    730
   508   1322    453    725
   509   1339    450    711
   510   1378    429    693
   511   1368    421    711
   512   1370    426    704
   513   1386    390    724
   514   1355    441    704
   515   1337    437    726
   516   1323    439    738
   517   1323    458    719
   518   1339    422    739
   519   1343    424    733
   520   1358    412    730
   521   1397    411    692
   522   1354    443    703
   523   1308    467    725
   524   1297    459    744
   525   1306    433    761
   526   1315    441    744
   527   1351    432    717
   528   1326    421    753
   529   1328    444    728
   530   1355    428    717
   531   1333    432    735
   532   1310    466    724
   533   1307    475    718
   534   1318    475    707
   535   1309    461    730
   536   1289    453    758
   537   1290    463    747
   538   1302    447    751
   539   1293    448    759
   540   1319    448    733
   541   1329    434    737
   542   1312    459    729
   543   1349    450    701
   544   1312    448    740
   545   1313    450    737
   546   1302    436    762
   547   1326    424    750
   548   1333    415    752
   549   1365    415    720
   550   1362    426    712
   551   1324    474    702
   552   1296    494    710
   553   1287    451    762
   554   1313    447    740
   555   1352    423    725
   556   1378    420    702
   557   1394    396    710
   558   1394    419    687
   559   1372    422    706
   560   1367    451    682
   561   1330    464    706
   562   1315    493    692
   563   1339    463    698
   564   1319    449    732
   565   1321    443    736
   566   1298    468    734
   567   1279    488    733
   568   1263    491    746
   569   1290    453    757
   570   1314    453    733
   571   1322    464    714
   572   1308    466    726
   573   1287    499    714
   574   1287    478    735
   575   1298    454    748
   576   1327    430    743
   577   1339    439    722
   578   1307    432    761
   579   1346    422    732
   580   1335    418    747
   581   1330    424    746
   582   1387    408    705
   583   1391    414    695
   584   1387    423    690
   585   1354    447    699
   586   1325    450    725
   587   1334    443    723
   588   1323    458    719
   589   1315    475    710
   590   1321    457    722
   591   1327    448    725
   592   1313    455    732
   593   1296    433    771
   594   1292    464    744
   595   1302    459    739
   596   1283    503    714
   597   1247    510    743
   598   1239    499    762
   599   1257    501    742
   600   1263    481    756
   601   1255    474    771
   602   1240    483    777
   603   1238    501    761
   604   1243    503    754
   605   1249    506    745
   606   1239    501    760
   607   1275    468    757
   608   1292    445    763
   609   1302    441    757
   610   1308    438    754
   611   1330    431    739
   612   1321    438    741
   613   1306    492    702
   614   1243    502    755
   615   1287    480    733
   616   1270    473    757
   617   1262    468    770
   618   1265    475    760
   619   1286    478    736
   620   1285    478    737
   621   1284    452    764
   622   1303    440    757
   623   1324    428    748
   624   1369    364    767
   625   1429    330    741
   626   1512    326    662
   627   1530    338    632
   628   1500    386    614
   629   1473    399    628
   630   1448    403    649
   631   1417    413    670
   632   1419    408    673
   633   1411    393    696
   634   1411    415    674
   635   1388    460    652
   636   1360    446    694
   637   1327    462    711
   638   1328    451    721
   639   1288    492    720
   640   1285    487    728
   641   1316    469    715
   642   1314    460    726
   643   1319    451    730
   644   1291    458    751
   645   1291    473    736
   646   1284    469    747
   647   1304    447    749
   648   1325    445    730
   649   1334    443    723
   650   1326    429    745
   651   1326    448    726
   652   1318    450    732
   653   1321    469    710
   654   1305    455    740
   655   1304    468    728
   656   1267    473    760
   657   1267    480    753
   658   1281    457    762
   659   1283    448    769
   660   1304    454    742
   661   1277    466    757
   662   1295    475    730
   663   1265    500    735
   664   1237    499    764
   665   1243    452    805
   666   1282    460    758
   667   1279    465    756
   668   1301    454    745
   669   1320    436    744
   670   1310    434    756
   671   1335    430    735
   672   1351    400    749
   673   1362    442    696
   674   1368    424    708
   675   1373    423    704
   676   1399    414    687
   677   1412    415    673
   678   1364    454    682
   679   1328    458    714
   680   1332    438    730
   681   1317    471    712
   682   1275    492    733
   683   1269    477    754
   684   1272    479    749
   685   1308    471    721
   686   1262    507    731
   687   1236    500    764
   688   1211    509    780
   689   1214    499    787
   690   1225    503    772
   691   1186    516    798
   692   1194    511    795
   693   1204    497    799
   694   1255    454    791
   695   1292    428    780
   696   1333    419    748
   697   1340    425    735
   698   1341    430    729
   699   1332    453    715
   700   1329    453    718
   701   1333    427    740
   702   1356    427    717
   703   1336    446    718
   704   1324    468    708
   705   1352    419    729
   706   1351    434    715
   707   1351    425    724
   708   1364    430    706
   709   1363    438    699
   710   1336    436    728
   711   1371    419    710
   712   1364    422    714
   713   1397    407    696
   714   1382    383    735
   715   1422    390    688
   716   1420    397    683
   717   1449    387    664
   718   1460    408    632
   719   1434    424    642
   720   1384    436    680
   721   1364    426    710
   722   1395    411    694
   723   1401    384    715
   724   1413    407    680
   725   1396    442    662
   726   1404    438    658
   727   1380    450    670
   728   1340    452    708
   729   1315    483    702
   730   1307    480    713
   731   1282    457    761
   732   1286    434    780
   733   1307    441    752
   734   1296    451    753
   735   1314    435    751
   736   1346    419    735
   737   1383    406    711
   738   1388    397    715
   739   1393    398    709
   740   1398    409    693
   741   1400    409    691
   742   1411    395    694
   743   1408    413    679
   744   1388    407    705
   745   1389    426    685
   746   1369    431    700
   747   1346    456    698
   748   1307    459    734
   749   1308    471    721
   750   1297    512    691
   751   1260    484    756
   752   1284    475    741
   753   1287    464    749
   754   1293    452    755
   755   1289    453    758
   756   1311    454    735
   757   1332    438    730
   758   1362    406    732
   759   1381    402    717
   760   1398    391    711
   761   1365    429    706
   762   1375    394    731
   763   1406    381    713
   764   1407    380    713
   765   1436    372    692
   766   1400    407    693
   767   1399    405    696
   768   1410    419    671
   769   1383    421    696
   770   1356    435    709
   771   1368    430    702
   772   1358    434    708
   773   1375    430    695
   774   1352    439    709
   775   1350    445    705
   776   1332    464    704
   777   1322    477    701
   778   1321    470    709
   779   1288    483    729
   780   1306    453    741
   781   1301    431    768
   782   1343    418    739
   783   1363    422    715
   784   1368    409    723
   785   1365    434    701
   786   1356    419    725
   787   1363    440    697
   788   1338    433    729
   789   1363    435    702
   790   1334    470    696
   791   1362    422    716
   792   1353    429    718
   793   1344    428    728
   794   1308    439    753
   795   1324    433    743
   796   1324    458    718
   797   1314    459    727
   798   1290    503    707
   799   1281    491    728
   800   1250    524    726
   801   1235    486    779
   802   1254    478    768
   803   1220    551    729
   804   1197    516    787
   805   1176    530    794
   806   1201    488    811
   807   1230    472    798
   808   1264    458    778
   809   1245    502    753
   810   1266    482    752
   811   1280    477    743
   812   1264    469    767
   813   1295    461    744
   814   1263    509    728
   815   1229    532    739
   816   1250    494    756
   817   1275    494    731
   818   1266    473    761
   819   1291    459    750
   820   1314    435    751
   821   1337    438    725
   822   1329    437    734
   823   1284    471    745
   824   1317    450    733
   825   1323    427    750
   826   1330    457    713
   827   1325    438    737
   828   1331    451    718
   829   1320    442    738
   830   1338    429    733
   831   1345    445    710
   832   1320    446    734
   833   1356    440    704
   834   1391    409    700
   835   1375    421    704
   836   1377    412    711
   837   1366    420    714
   838   1361    444    695
   839   1349    448    703
   840   1325    472    703
   841   1316    470    714
   842   1294    458    748
   843   1283    468    749
   844   1261    470    769
   845   1269    463    768
   846   1295    450    755
   847   1279    505    716
   848   1292    486    722
   849   1339    412    749
   850   1371    414    715
   851   1356    438    706
   852   1350    433    717
   853   1318    431    751
   854   1308    445    747
   855   1323    441    736
   856   1338    429    733
   857   1358    422    720
   858   1345    450    705
   859   1306    489    705
   860   1292    501    707
   861   1236    522    742
   862   1221    482    797
   863   1279    443    778
   864   1291    454    755
   865   1269    483    748
   866   1303    450    747
   867   1317    449    734
   868   1297    454    749
   869   1287    460    753
   870   1280    468    752
   871   1242    508    750
   872   1219    504    777
   873   1205    498    797
   874   1247    460    793
   875   1212    504    784
   876   1251    480    769
   877   1276    450    774
   878   1303    443    754
   879   1317    447    736
   880   1306    467    727
   881   1350    443    707
   882   1349    432    719
   883   1365    431    704
   884   1342    422    736
   885   1327    445    728
   886   1328    438    734
   887   1360    423    717
   888   1317    457    726
   889   1284    502    714
   890   1266    489    745
   891   1267    479    754
   892   1281    468    751
   893   1298    498    704
   894   1270    498    732
   895   1267    477    756
   896   1310    447    743
   897   1308    454    738
   898   1300    424    776
   899   1347    418    735
   900   1368    404    728
   901   1404    385    711
   902   1419    387    694
   903   1384    433    683
   904   1351    436    713
   905   1352    411    737
   906   1348    414    738
   907   1368    438    694
   908   1332    470    698
   909   1333    453    714
   910   1338    448    714
   911   1337    460    703
   912   1311    487    702
   913   1319    471    710
   914   1290    480    730
   915   1270    499    731
   916   1223    492    785
   917   1202    543    755
   918   1209    515    776
   919   1165    507    828
   920   1197    491    812
   921   1242    458    800
   922   1281    437    782
   923   1307    435    758
   924   1291    438    771
   925   1268    459    773
   926   1278    475    747
   927   1271    483    746
   928   1271    468    761
   929   1228    515    757
   930   1211    489    800
   931   1272    454    774
   932   1288    444    768
   933   1313    451    736
   934   1300    451    749
   935   1309    479    712
   936   1309    457    734
   937   1320    464    716
   938   1307    485    708
   939   1287    500    713
   940   1264    485    751
   941   1264    485    751
   942   1264    485    751
   943   1264    485    751
   944   1264    485    751
   945   1264    485    751
   946   1264    485    751
   947   1264    485    751
   948   1264    485    751
   949   1264    485    751
   950   1264    485    751
   951   1264    485    751
   952   1264    485    751
   953   1264    485    751
   954   1264    485    751
   955   1264    485    751
   956   1264    485    751
   957   1264    485    751
   958   1264    485    751
   959   1264    485    751
   960   1264    485    751
   961   1264    485    751
   962   1264    485    751
   963   1264    485    751
   964   1264    485    751
   965   1264    485    751
   966   1264    485    751
   967   1264    485    751
   968   1264    485    751
   969   1264    485    751
   970   1264    485    751
   971   1264    485    751
   972   1264    485    751
   973   1264    485    751
   974   1264    485    751
   975   1264    485    751
   976   1264    485    751
   977   1264    485    751
   978   1264    485    751
   979   1264    485    751
   980   1264    485    751
   981   1264    485    751
   982   1264    485    751
   983   1264    485    751
   984   1264    485    751
   985   1264    485    751
   986   1264    485    751
   987   1264    485    751
   988   1264    485    751
   989   1264    485    751
   990   1264    485    751
   991   1264    485    751
   992   1264    485    751
   993   1264    485    751
   994   1264    485    751
   995   1264    485    751
   996   1264    485    751
   997   1264    485    751
   998   1264    485    751
   999   1264    485    751
  1000   1264    485    751
