# time (sweeps) | Susceptible | Infected | Recovered
     0    729      0   1771
     1    729      0   1771
     2    729      0   1771
     3    729      0   1771
     4    729      0   1771
     5    729      0   1771
     6    729      0   1771
     7    729      0   1771
     8    729      0   1771
     9    729      0   1771
    10    729      0   1771
    11    729      0   1771
    12    729      0   1771
    13    729      0   1771
    14    729      0   1771
    15    729      0   1771
    16    729      0   1771
    17    729      0   1771
    18    729      0   1771
    19    729      0   1771
    20    729      0   1771
    21    729      0   1771
    22    729      0   1771
    23    729      0   1771
    24    729      0   1771
    25    729      0   1771
    26    729      0   1771
    27    729      0   1771
    28    729      0   1771
    29    729      0   1771
    30    729      0   1771
    31    729      0   1771
    32    729      0   1771
    33    729      0   1771
    34    729      0   1771
    35    729      0   1771
    36    729      0   1771
    37    729      0   1771
    38    729      0   1771
    39    729      0   1771
    40    729      0   1771
    41    729      0   1771
    42    729      0   1771
    43    729      0   1771
    44    729      0   1771
    45    729      0   1771
    46    729      0   1771
    47    729      0   1771
    48    729      0   1771
    49    729      0   1771
    50    729      0   1771
    51    729      0   1771
    52    729      0   1771
    53    729      0   1771
    54    729      0   1771
    55    729      0   1771
    56    729      0   1771
    57    729      0   1771
    58    729      0   1771
    59    729      0   1771
    60    729      0   1771
    61    729      0   1771
    62    729      0   1771
    63    729      0   1771
    64    729      0   1771
    65    729      0   1771
    66    729      0   1771
    67    729      0   1771
    68    729      0   1771
    69    729      0   1771
    70    729      0   1771
    71    729      0   1771
    72    729      0   1771
    73    729      0   1771
    74    729      0   1771
    75    729      0   1771
    76    729      0   1771
    77    729      0   1771
    78    729      0   1771
    79    729      0   1771
    80    729      0   1771
    81    729      0   1771
    82    729      0   1771
    83    729      0   1771
    84    729      0   1771
    85    729      0   1771
    86    729      0   1771
    87    729      0   1771
    88    729      0   1771
    89    729      0   1771
    90    729      0   1771
    91    729      0   1771
    92    729      0   1771
    93    729      0   1771
    94    729      0   1771
    95    729      0   1771
    96    729      0   1771
    97    729      0   1771
    98    729      0   1771
    99    729      0   1771
   100    729      0   1771
   101    729      0   1771
   102    729      0   1771
   103    729      0   1771
   104    729      0   1771
   105    729      0   1771
   106    729      0   1771
   107    729      0   1771
   108    729      0   1771
   109    729      0   1771
   110    729      0   1771
   111    729      0   1771
   112    729      0   1771
   113    729      0   1771
   114    729      0   1771
   115    729      0   1771
   116    729      0   1771
   117    729      0   1771
   118    729      0   1771
   119    729      0   1771
   120    729      0   1771
   121    729      0   1771
   122    729      0   1771
   123    729      0   1771
   124    729      0   1771
   125    729      0   1771
   126    729      0   1771
   127    729      0   1771
   128    729      0   1771
   129    729      0   1771
   130    729      0   1771
   131    729      0   1771
   132    729      0   1771
   133    729      0   1771
   134    729      0   1771
   135    729      0   1771
   136    729      0   1771
   137    729      0   1771
   138    729      0   1771
   139    729      0   1771
   140    729      0   1771
   141    729      0   1771
   142    729      0   1771
   143    729      0   1771
   144    729      0   1771
   145    729      0   1771
   146    729      0   1771
   147    729      0   1771
   148    729      0   1771
   149    729      0   1771
   150    729      0   1771
   151    729      0   1771
   152    729      0   1771
   153    729      0   1771
   154    729      0   1771
   155    729      0   1771
   156    729      0   1771
   157    729      0   1771
   158    729      0   1771
   159    729      0   1771
   160    729      0   1771
   161    729      0   1771
   162    729      0   1771
   163    729      0   1771
   164    729      0   1771
   165    729      0   1771
   166    729      0   1771
   167    729      0   1771
   168    729      0   1771
   169    729      0   1771
   170    729      0   1771
   171    729      0   1771
   172    729      0   1771
   173    729      0   1771
   174    729      0   1771
   175    729      0   1771
   176    729      0   1771
   177    729      0   1771
   178    729      0   1771
   179    729      0   1771
   180    729      0   1771
   181    729      0   1771
   182    729      0   1771
   183    729      0   1771
   184    729      0   1771
   185    729      0   1771
   186    729      0   1771
   187    729      0   1771
   188    729      0   1771
   189    729      0   1771
   190    729      0   1771
   191    729      0   1771
   192    729      0   1771
   193    729      0   1771
   194    729      0   1771
   195    729      0   1771
   196    729      0   1771
   197    729      0   1771
   198    729      0   1771
   199    729      0   1771
   200    729      0   1771
   201    729      0   1771
   202    729      0   1771
   203    729      0   1771
   204    729      0   1771
   205    729      0   1771
   206    729      0   1771
   207    729      0   1771
   208    729      0   1771
   209    729      0   1771
   210    729      0   1771
   211    729      0   1771
   212    729      0   1771
   213    729      0   1771
   214    729      0   1771
   215    729      0   1771
   216    729      0   1771
   217    729      0   1771
   218    729      0   1771
   219    729      0   1771
   220    729      0   1771
   221    729      0   1771
   222    729      0   1771
   223    729      0   1771
   224    729      0   1771
   225    729      0   1771
   226    729      0   1771
   227    729      0   1771
   228    729      0   1771
   229    729      0   1771
   230    729      0   1771
   231    729      0   1771
   232    729      0   1771
   233    729      0   1771
   234    729      0   1771
   235    729      0   1771
   236    729      0   1771
   237    729      0   1771
   238    729      0   1771
   239    729      0   1771
   240    729      0   1771
   241    729      0   1771
   242    729      0   1771
   243    729      0   1771
   244    729      0   1771
   245    729      0   1771
   246    729      0   1771
   247    729      0   1771
   248    729      0   1771
   249    729      0   1771
   250    729      0   1771
   251    729      0   1771
   252    729      0   1771
   253    729      0   1771
   254    729      0   1771
   255    729      0   1771
   256    729      0   1771
   257    729      0   1771
   258    729      0   1771
   259    729      0   1771
   260    729      0   1771
   261    729      0   1771
   262    729      0   1771
   263    729      0   1771
   264    729      0   1771
   265    729      0   1771
   266    729      0   1771
   267    729      0   1771
   268    729      0   1771
   269    729      0   1771
   270    729      0   1771
   271    729      0   1771
   272    729      0   1771
   273    729      0   1771
   274    729      0   1771
   275    729      0   1771
   276    729      0   1771
   277    729      0   1771
   278    729      0   1771
   279    729      0   1771
   280    729      0   1771
   281    729      0   1771
   282    729      0   1771
   283    729      0   1771
   284    729      0   1771
   285    729      0   1771
   286    729      0   1771
   287    729      0   1771
   288    729      0   1771
   289    729      0   1771
   290    729      0   1771
   291    729      0   1771
   292    729      0   1771
   293    729      0   1771
   294    729      0   1771
   295    729      0   1771
   296    729      0   1771
   297    729      0   1771
   298    729      0   1771
   299    729      0   1771
   300    729      0   1771
   301    729      0   1771
   302    729      0   1771
   303    729      0   1771
   304    729      0   1771
   305    729      0   1771
   306    729      0   1771
   307    729      0   1771
   308    729      0   1771
   309    729      0   1771
   310    729      0   1771
   311    729      0   1771
   312    729      0   1771
   313    729      0   1771
   314    729      0   1771
   315    729      0   1771
   316    729      0   1771
   317    729      0   1771
   318    729      0   1771
   319    729      0   1771
   320    729      0   1771
   321    729      0   1771
   322    729      0   1771
   323    729      0   1771
   324    729      0   1771
   325    729      0   1771
   326    729      0   1771
   327    729      0   1771
   328    729      0   1771
   329    729      0   1771
   330    729      0   1771
   331    729      0   1771
   332    729      0   1771
   333    729      0   1771
   334    729      0   1771
   335    729      0   1771
   336    729      0   1771
   337    729      0   1771
   338    729      0   1771
   339    729      0   1771
   340    729      0   1771
   341    729      0   1771
   342    729      0   1771
   343    729      0   1771
   344    729      0   1771
   345    729      0   1771
   346    729      0   1771
   347    729      0   1771
   348    729      0   1771
   349    729      0   1771
   350    729      0   1771
   351    729      0   1771
   352    729      0   1771
   353    729      0   1771
   354    729      0   1771
   355    729      0   1771
   356    729      0   1771
   357    729      0   1771
   358    729      0   1771
   359    729      0   1771
   360    729      0   1771
   361    729      0   1771
   362    729      0   1771
   363    729      0   1771
   364    729      0   1771
   365    729      0   1771
   366    729      0   1771
   367    729      0   1771
   368    729      0   1771
   369    729      0   1771
   370    729      0   1771
   371    729      0   1771
   372    729      0   1771
   373    729      0   1771
   374    729      0   1771
   375    729      0   1771
   376    729      0   1771
   377    729      0   1771
   378    729      0   1771
   379    729      0   1771
   380    729      0   1771
   381    729      0   1771
   382    729      0   1771
   383    729      0   1771
   384    729      0   1771
   385    729      0   1771
   386    729      0   1771
   387    729      0   1771
   388    729      0   1771
   389    729      0   1771
   390    729      0   1771
   391    729      0   1771
   392    729      0   1771
   393    729      0   1771
   394    729      0   1771
   395    729      0   1771
   396    729      0   1771
   397    729      0   1771
   398    729      0   1771
   399    729      0   1771
   400    729      0   1771
   401    729      0   1771
   402    729      0   1771
   403    729      0   1771
   404    729      0   1771
   405    729      0   1771
   406    729      0   1771
   407    729      0   1771
   408    729      0   1771
   409    729      0   1771
   410    729      0   1771
   411    729      0   1771
   412    729      0   1771
   413    729      0   1771
   414    729      0   1771
   415    729      0   1771
   416    729      0   1771
   417    729      0   1771
   418    729      0   1771
   419    729      0   1771
   420    729      0   1771
   421    729      0   1771
   422    729      0   1771
   423    729      0   1771
   424    729      0   1771
   425    729      0   1771
   426    729      0   1771
   427    729      0   1771
   428    729      0   1771
   429    729      0   1771
   430    729      0   1771
   431    729      0   1771
   432    729      0   1771
   433    729      0   1771
   434    729      0   1771
   435    729      0   1771
   436    729      0   1771
   437    729      0   1771
   438    729      0   1771
   439    729      0   1771
   440    729      0   1771
   441    729      0   1771
   442    729      0   1771
   443    729      0   1771
   444    729      0   1771
   445    729      0   1771
   446    729      0   1771
   447    729      0   1771
   448    729      0   1771
   449    729      0   1771
   450    729      0   1771
   451    729      0   1771
   452    729      0   1771
   453    729      0   1771
   454    729      0   1771
   455    729      0   1771
   456    729      0   1771
   457    729      0   1771
   458    729      0   1771
   459    729      0   1771
   460    729      0   1771
   461    729      0   1771
   462    729      0   1771
   463    729      0   1771
   464    729      0   1771
   465    729      0   1771
   466    729      0   1771
   467    729      0   1771
   468    729      0   1771
   469    729      0   1771
   470    729      0   1771
   471    729      0   1771
   472    729      0   1771
   473    729      0   1771
   474    729      0   1771
   475    729      0   1771
   476    729      0   1771
   477    729      0   1771
   478    729      0   1771
   479    729      0   1771
   480    729      0   1771
   481    729      0   1771
   482    729      0   1771
   483    729      0   1771
   484    729      0   1771
   485    729      0   1771
   486    729      0   1771
   487    729      0   1771
   488    729      0   1771
   489    729      0   1771
   490    729      0   1771
   491    729      0   1771
   492    729      0   1771
   493    729      0   1771
   494    729      0   1771
   495    729      0   1771
   496    729      0   1771
   497    729      0   1771
   498    729      0   1771
   499    729      0   1771
   500    729      0   1771
   501    729      0   1771
   502    729      0   1771
   503    729      0   1771
   504    729      0   1771
   505    729      0   1771
   506    729      0   1771
   507    729      0   1771
   508    729      0   1771
   509    729      0   1771
   510    729      0   1771
   511    729      0   1771
   512    729      0   1771
   513    729      0   1771
   514    729      0   1771
   515    729      0   1771
   516    729      0   1771
   517    729      0   1771
   518    729      0   1771
   519    729      0   1771
   520    729      0   1771
   521    729      0   1771
   522    729      0   1771
   523    729      0   1771
   524    729      0   1771
   525    729      0   1771
   526    729      0   1771
   527    729      0   1771
   528    729      0   1771
   529    729      0   1771
   530    729      0   1771
   531    729      0   1771
   532    729      0   1771
   533    729      0   1771
   534    729      0   1771
   535    729      0   1771
   536    729      0   1771
   537    729      0   1771
   538    729      0   1771
   539    729      0   1771
   540    729      0   1771
   541    729      0   1771
   542    729      0   1771
   543    729      0   1771
   544    729      0   1771
   545    729      0   1771
   546    729      0   1771
   547    729      0   1771
   548    729      0   1771
   549    729      0   1771
   550    729      0   1771
   551    729      0   1771
   552    729      0   1771
   553    729      0   1771
   554    729      0   1771
   555    729      0   1771
   556    729      0   1771
   557    729      0   1771
   558    729      0   1771
   559    729      0   1771
   560    729      0   1771
   561    729      0   1771
   562    729      0   1771
   563    729      0   1771
   564    729      0   1771
   565    729      0   1771
   566    729      0   1771
   567    729      0   1771
   568    729      0   1771
   569    729      0   1771
   570    729      0   1771
   571    729      0   1771
   572    729      0   1771
   573    729      0   1771
   574    729      0   1771
   575    729      0   1771
   576    729      0   1771
   577    729      0   1771
   578    729      0   1771
   579    729      0   1771
   580    729      0   1771
   581    729      0   1771
   582    729      0   1771
   583    729      0   1771
   584    729      0   1771
   585    729      0   1771
   586    729      0   1771
   587    729      0   1771
   588    729      0   1771
   589    729      0   1771
   590    729      0   1771
   591    729      0   1771
   592    729      0   1771
   593    729      0   1771
   594    729      0   1771
   595    729      0   1771
   596    729      0   1771
   597    729      0   1771
   598    729      0   1771
   599    729      0   1771
   600    729      0   1771
   601    729      0   1771
   602    729      0   1771
   603    729      0   1771
   604    729      0   1771
   605    729      0   1771
   606    729      0   1771
   607    729      0   1771
   608    729      0   1771
   609    729      0   1771
   610    729      0   1771
   611    729      0   1771
   612    729      0   1771
   613    729      0   1771
   614    729      0   1771
   615    729      0   1771
   616    729      0   1771
   617    729      0   1771
   618    729      0   1771
   619    729      0   1771
   620    729      0   1771
   621    729      0   1771
   622    729      0   1771
   623    729      0   1771
   624    729      0   1771
   625    729      0   1771
   626    729      0   1771
   627    729      0   1771
   628    729      0   1771
   629    729      0   1771
   630    729      0   1771
   631    729      0   1771
   632    729      0   1771
   633    729      0   1771
   634    729      0   1771
   635    729      0   1771
   636    729      0   1771
   637    729      0   1771
   638    729      0   1771
   639    729      0   1771
   640    729      0   1771
   641    729      0   1771
   642    729      0   1771
   643    729      0   1771
   644    729      0   1771
   645    729      0   1771
   646    729      0   1771
   647    729      0   1771
   648    729      0   1771
   649    729      0   1771
   650    729      0   1771
   651    729      0   1771
   652    729      0   1771
   653    729      0   1771
   654    729      0   1771
   655    729      0   1771
   656    729      0   1771
   657    729      0   1771
   658    729      0   1771
   659    729      0   1771
   660    729      0   1771
   661    729      0   1771
   662    729      0   1771
   663    729      0   1771
   664    729      0   1771
   665    729      0   1771
   666    729      0   1771
   667    729      0   1771
   668    729      0   1771
   669    729      0   1771
   670    729      0   1771
   671    729      0   1771
   672    729      0   1771
   673    729      0   1771
   674    729      0   1771
   675    729      0   1771
   676    729      0   1771
   677    729      0   1771
   678    729      0   1771
   679    729      0   1771
   680    729      0   1771
   681    729      0   1771
   682    729      0   1771
   683    729      0   1771
   684    729      0   1771
   685    729      0   1771
   686    729      0   1771
   687    729      0   1771
   688    729      0   1771
   689    729      0   1771
   690    729      0   1771
   691    729      0   1771
   692    729      0   1771
   693    729      0   1771
   694    729      0   1771
   695    729      0   1771
   696    729      0   1771
   697    729      0   1771
   698    729      0   1771
   699    729      0   1771
   700    729      0   1771
   701    729      0   1771
   702    729      0   1771
   703    729      0   1771
   704    729      0   1771
   705    729      0   1771
   706    729      0   1771
   707    729      0   1771
   708    729      0   1771
   709    729      0   1771
   710    729      0   1771
   711    729      0   1771
   712    729      0   1771
   713    729      0   1771
   714    729      0   1771
   715    729      0   1771
   716    729      0   1771
   717    729      0   1771
   718    729      0   1771
   719    729      0   1771
   720    729      0   1771
   721    729      0   1771
   722    729      0   1771
   723    729      0   1771
   724    729      0   1771
   725    729      0   1771
   726    729      0   1771
   727    729      0   1771
   728    729      0   1771
   729    729      0   1771
   730    729      0   1771
   731    729      0   1771
   732    729      0   1771
   733    729      0   1771
   734    729      0   1771
   735    729      0   1771
   736    729      0   1771
   737    729      0   1771
   738    729      0   1771
   739    729      0   1771
   740    729      0   1771
   741    729      0   1771
   742    729      0   1771
   743    729      0   1771
   744    729      0   1771
   745    729      0   1771
   746    729      0   1771
   747    729      0   1771
   748    729      0   1771
   749    729      0   1771
   750    729      0   1771
   751    729      0   1771
   752    729      0   1771
   753    729      0   1771
   754    729      0   1771
   755    729      0   1771
   756    729      0   1771
   757    729      0   1771
   758    729      0   1771
   759    729      0   1771
   760    729      0   1771
   761    729      0   1771
   762    729      0   1771
   763    729      0   1771
   764    729      0   1771
   765    729      0   1771
   766    729      0   1771
   767    729      0   1771
   768    729      0   1771
   769    729      0   1771
   770    729      0   1771
   771    729      0   1771
   772    729      0   1771
   773    729      0   1771
   774    729      0   1771
   775    729      0   1771
   776    729      0   1771
   777    729      0   1771
   778    729      0   1771
   779    729      0   1771
   780    729      0   1771
   781    729      0   1771
   782    729      0   1771
   783    729      0   1771
   784    729      0   1771
   785    729      0   1771
   786    729      0   1771
   787    729      0   1771
   788    729      0   1771
   789    729      0   1771
   790    729      0   1771
   791    729      0   1771
   792    729      0   1771
   793    729      0   1771
   794    729      0   1771
   795    729      0   1771
   796    729      0   1771
   797    729      0   1771
   798    729      0   1771
   799    729      0   1771
   800    729      0   1771
   801    729      0   1771
   802    729      0   1771
   803    729      0   1771
   804    729      0   1771
   805    729      0   1771
   806    729      0   1771
   807    729      0   1771
   808    729      0   1771
   809    729      0   1771
   810    729      0   1771
   811    729      0   1771
   812    729      0   1771
   813    729      0   1771
   814    729      0   1771
   815    729      0   1771
   816    729      0   1771
   817    729      0   1771
   818    729      0   1771
   819    729      0   1771
   820    729      0   1771
   821    729      0   1771
   822    729      0   1771
   823    729      0   1771
   824    729      0   1771
   825    729      0   1771
   826    729      0   1771
   827    729      0   1771
   828    729      0   1771
   829    729      0   1771
   830    729      0   1771
   831    729      0   1771
   832    729      0   1771
   833    729      0   1771
   834    729      0   1771
   835    729      0   1771
   836    729      0   1771
   837    729      0   1771
   838    729      0   1771
   839    729      0   1771
   840    729      0   1771
   841    729      0   1771
   842    729      0   1771
   843    729      0   1771
   844    729      0   1771
   845    729      0   1771
   846    729      0   1771
   847    729      0   1771
   848    729      0   1771
   849    729      0   1771
   850    729      0   1771
   851    729      0   1771
   852    729      0   1771
   853    729      0   1771
   854    729      0   1771
   855    729      0   1771
   856    729      0   1771
   857    729      0   1771
   858    729      0   1771
   859    729      0   1771
   860    729      0   1771
   861    729      0   1771
   862    729      0   1771
   863    729      0   1771
   864    729      0   1771
   865    729      0   1771
   866    729      0   1771
   867    729      0   1771
   868    729      0   1771
   869    729      0   1771
   870    729      0   1771
   871    729      0   1771
   872    729      0   1771
   873    729      0   1771
   874    729      0   1771
   875    729      0   1771
   876    729      0   1771
   877    729      0   1771
   878    729      0   1771
   879    729      0   1771
   880    729      0   1771
   881    729      0   1771
   882    729      0   1771
   883    729      0   1771
   884    729      0   1771
   885    729      0   1771
   886    729      0   1771
   887    729      0   1771
   888    729      0   1771
   889    729      0   1771
   890    729      0   1771
   891    729      0   1771
   892    729      0   1771
   893    729      0   1771
   894    729      0   1771
   895    729      0   1771
   896    729      0   1771
   897    729      0   1771
   898    729      0   1771
   899    729      0   1771
   900    729      0   1771
   901    729      0   1771
   902    729      0   1771
   903    729      0   1771
   904    729      0   1771
   905    729      0   1771
   906    729      0   1771
   907    729      0   1771
   908    729      0   1771
   909    729      0   1771
   910    729      0   1771
   911    729      0   1771
   912    729      0   1771
   913    729      0   1771
   914    729      0   1771
   915    729      0   1771
   916    729      0   1771
   917    729      0   1771
   918    729      0   1771
   919    729      0   1771
   920    729      0   1771
   921    729      0   1771
   922    729      0   1771
   923    729      0   1771
   924    729      0   1771
   925    729      0   1771
   926    729      0   1771
   927    729      0   1771
   928    729      0   1771
   929    729      0   1771
   930    729      0   1771
   931    729      0   1771
   932    729      0   1771
   933    729      0   1771
   934    729      0   1771
   935    729      0   1771
   936    729      0   1771
   937    729      0   1771
   938    729      0   1771
   939    729      0   1771
   940    729      0   1771
   941    729      0   1771
   942    729      0   1771
   943    729      0   1771
   944    729      0   1771
   945    729      0   1771
   946    729      0   1771
   947    729      0   1771
   948    729      0   1771
   949    729      0   1771
   950    729      0   1771
   951    729      0   1771
   952    729      0   1771
   953    729      0   1771
   954    729      0   1771
   955    729      0   1771
   956    729      0   1771
   957    729      0   1771
   958    729      0   1771
   959    729      0   1771
   960    729      0   1771
   961    729      0   1771
   962    729      0   1771
   963    729      0   1771
   964    729      0   1771
   965    729      0   1771
   966    729      0   1771
   967    729      0   1771
   968    729      0   1771
   969    729      0   1771
   970    729      0   1771
   971    729      0   1771
   972    729      0   1771
   973    729      0   1771
   974    729      0   1771
   975    729      0   1771
   976    729      0   1771
   977    729      0   1771
   978    729      0   1771
   979    729      0   1771
   980    729      0   1771
   981    729      0   1771
   982    729      0   1771
   983    729      0   1771
   984    729      0   1771
   985    729      0   1771
   986    729      0   1771
   987    729      0   1771
   988    729      0   1771
   989    729      0   1771
   990    729      0   1771
   991    729      0   1771
   992    729      0   1771
   993    729      0   1771
   994    729      0   1771
   995    729      0   1771
   996    729      0   1771
   997    729      0   1771
   998    729      0   1771
   999    729      0   1771
  1000    729      0   1771
