# time (sweeps) | Susceptible | Infected | Recovered
     0   1217      0   1283
     1   1217      0   1283
     2   1217      0   1283
     3   1217      0   1283
     4   1217      0   1283
     5   1217      0   1283
     6   1217      0   1283
     7   1217      0   1283
     8   1217      0   1283
     9   1217      0   1283
    10   1217      0   1283
    11   1217      0   1283
    12   1217      0   1283
    13   1217      0   1283
    14   1217      0   1283
    15   1217      0   1283
    16   1217      0   1283
    17   1217      0   1283
    18   1217      0   1283
    19   1217      0   1283
    20   1217      0   1283
    21   1217      0   1283
    22   1217      0   1283
    23   1217      0   1283
    24   1217      0   1283
    25   1217      0   1283
    26   1217      0   1283
    27   1217      0   1283
    28   1217      0   1283
    29   1217      0   1283
    30   1217      0   1283
    31   1217      0   1283
    32   1217      0   1283
    33   1217      0   1283
    34   1217      0   1283
    35   1217      0   1283
    36   1217      0   1283
    37   1217      0   1283
    38   1217      0   1283
    39   1217      0   1283
    40   1217      0   1283
    41   1217      0   1283
    42   1217      0   1283
    43   1217      0   1283
    44   1217      0   1283
    45   1217      0   1283
    46   1217      0   1283
    47   1217      0   1283
    48   1217      0   1283
    49   1217      0   1283
    50   1217      0   1283
    51   1217      0   1283
    52   1217      0   1283
    53   1217      0   1283
    54   1217      0   1283
    55   1217      0   1283
    56   1217      0   1283
    57   1217      0   1283
    58   1217      0   1283
    59   1217      0   1283
    60   1217      0   1283
    61   1217      0   1283
    62   1217      0   1283
    63   1217      0   1283
    64   1217      0   1283
    65   1217      0   1283
    66   1217      0   1283
    67   1217      0   1283
    68   1217      0   1283
    69   1217      0   1283
    70   1217      0   1283
    71   1217      0   1283
    72   1217      0   1283
    73   1217      0   1283
    74   1217      0   1283
    75   1217      0   1283
    76   1217      0   1283
    77   1217      0   1283
    78   1217      0   1283
    79   1217      0   1283
    80   1217      0   1283
    81   1217      0   1283
    82   1217      0   1283
    83   1217      0   1283
    84   1217      0   1283
    85   1217      0   1283
    86   1217      0   1283
    87   1217      0   1283
    88   1217      0   1283
    89   1217      0   1283
    90   1217      0   1283
    91   1217      0   1283
    92   1217      0   1283
    93   1217      0   1283
    94   1217      0   1283
    95   1217      0   1283
    96   1217      0   1283
    97   1217      0   1283
    98   1217      0   1283
    99   1217      0   1283
   100   1217      0   1283
   101   1217      0   1283
   102   1217      0   1283
   103   1217      0   1283
   104   1217      0   1283
   105   1217      0   1283
   106   1217      0   1283
   107   1217      0   1283
   108   1217      0   1283
   109   1217      0   1283
   110   1217      0   1283
   111   1217      0   1283
   112   1217      0   1283
   113   1217      0   1283
   114   1217      0   1283
   115   1217      0   1283
   116   1217      0   1283
   117   1217      0   1283
   118   1217      0   1283
   119   1217      0   1283
   120   1217      0   1283
   121   1217      0   1283
   122   1217      0   1283
   123   1217      0   1283
   124   1217      0   1283
   125   1217      0   1283
   126   1217      0   1283
   127   1217      0   1283
   128   1217      0   1283
   129   1217      0   1283
   130   1217      0   1283
   131   1217      0   1283
   132   1217      0   1283
   133   1217      0   1283
   134   1217      0   1283
   135   1217      0   1283
   136   1217      0   1283
   137   1217      0   1283
   138   1217      0   1283
   139   1217      0   1283
   140   1217      0   1283
   141   1217      0   1283
   142   1217      0   1283
   143   1217      0   1283
   144   1217      0   1283
   145   1217      0   1283
   146   1217      0   1283
   147   1217      0   1283
   148   1217      0   1283
   149   1217      0   1283
   150   1217      0   1283
   151   1217      0   1283
   152   1217      0   1283
   153   1217      0   1283
   154   1217      0   1283
   155   1217      0   1283
   156   1217      0   1283
   157   1217      0   1283
   158   1217      0   1283
   159   1217      0   1283
   160   1217      0   1283
   161   1217      0   1283
   162   1217      0   1283
   163   1217      0   1283
   164   1217      0   1283
   165   1217      0   1283
   166   1217      0   1283
   167   1217      0   1283
   168   1217      0   1283
   169   1217      0   1283
   170   1217      0   1283
   171   1217      0   1283
   172   1217      0   1283
   173   1217      0   1283
   174   1217      0   1283
   175   1217      0   1283
   176   1217      0   1283
   177   1217      0   1283
   178   1217      0   1283
   179   1217      0   1283
   180   1217      0   1283
   181   1217      0   1283
   182   1217      0   1283
   183   1217      0   1283
   184   1217      0   1283
   185   1217      0   1283
   186   1217      0   1283
   187   1217      0   1283
   188   1217      0   1283
   189   1217      0   1283
   190   1217      0   1283
   191   1217      0   1283
   192   1217      0   1283
   193   1217      0   1283
   194   1217      0   1283
   195   1217      0   1283
   196   1217      0   1283
   197   1217      0   1283
   198   1217      0   1283
   199   1217      0   1283
   200   1217      0   1283
   201   1217      0   1283
   202   1217      0   1283
   203   1217      0   1283
   204   1217      0   1283
   205   1217      0   1283
   206   1217      0   1283
   207   1217      0   1283
   208   1217      0   1283
   209   1217      0   1283
   210   1217      0   1283
   211   1217      0   1283
   212   1217      0   1283
   213   1217      0   1283
   214   1217      0   1283
   215   1217      0   1283
   216   1217      0   1283
   217   1217      0   1283
   218   1217      0   1283
   219   1217      0   1283
   220   1217      0   1283
   221   1217      0   1283
   222   1217      0   1283
   223   1217      0   1283
   224   1217      0   1283
   225   1217      0   1283
   226   1217      0   1283
   227   1217      0   1283
   228   1217      0   1283
   229   1217      0   1283
   230   1217      0   1283
   231   1217      0   1283
   232   1217      0   1283
   233   1217      0   1283
   234   1217      0   1283
   235   1217      0   1283
   236   1217      0   1283
   237   1217      0   1283
   238   1217      0   1283
   239   1217      0   1283
   240   1217      0   1283
   241   1217      0   1283
   242   1217      0   1283
   243   1217      0   1283
   244   1217      0   1283
   245   1217      0   1283
   246   1217      0   1283
   247   1217      0   1283
   248   1217      0   1283
   249   1217      0   1283
   250   1217      0   1283
   251   1217      0   1283
   252   1217      0   1283
   253   1217      0   1283
   254   1217      0   1283
   255   1217      0   1283
   256   1217      0   1283
   257   1217      0   1283
   258   1217      0   1283
   259   1217      0   1283
   260   1217      0   1283
   261   1217      0   1283
   262   1217      0   1283
   263   1217      0   1283
   264   1217      0   1283
   265   1217      0   1283
   266   1217      0   1283
   267   1217      0   1283
   268   1217      0   1283
   269   1217      0   1283
   270   1217      0   1283
   271   1217      0   1283
   272   1217      0   1283
   273   1217      0   1283
   274   1217      0   1283
   275   1217      0   1283
   276   1217      0   1283
   277   1217      0   1283
   278   1217      0   1283
   279   1217      0   1283
   280   1217      0   1283
   281   1217      0   1283
   282   1217      0   1283
   283   1217      0   1283
   284   1217      0   1283
   285   1217      0   1283
   286   1217      0   1283
   287   1217      0   1283
   288   1217      0   1283
   289   1217      0   1283
   290   1217      0   1283
   291   1217      0   1283
   292   1217      0   1283
   293   1217      0   1283
   294   1217      0   1283
   295   1217      0   1283
   296   1217      0   1283
   297   1217      0   1283
   298   1217      0   1283
   299   1217      0   1283
   300   1217      0   1283
   301   1217      0   1283
   302   1217      0   1283
   303   1217      0   1283
   304   1217      0   1283
   305   1217      0   1283
   306   1217      0   1283
   307   1217      0   1283
   308   1217      0   1283
   309   1217      0   1283
   310   1217      0   1283
   311   1217      0   1283
   312   1217      0   1283
   313   1217      0   1283
   314   1217      0   1283
   315   1217      0   1283
   316   1217      0   1283
   317   1217      0   1283
   318   1217      0   1283
   319   1217      0   1283
   320   1217      0   1283
   321   1217      0   1283
   322   1217      0   1283
   323   1217      0   1283
   324   1217      0   1283
   325   1217      0   1283
   326   1217      0   1283
   327   1217      0   1283
   328   1217      0   1283
   329   1217      0   1283
   330   1217      0   1283
   331   1217      0   1283
   332   1217      0   1283
   333   1217      0   1283
   334   1217      0   1283
   335   1217      0   1283
   336   1217      0   1283
   337   1217      0   1283
   338   1217      0   1283
   339   1217      0   1283
   340   1217      0   1283
   341   1217      0   1283
   342   1217      0   1283
   343   1217      0   1283
   344   1217      0   1283
   345   1217      0   1283
   346   1217      0   1283
   347   1217      0   1283
   348   1217      0   1283
   349   1217      0   1283
   350   1217      0   1283
   351   1217      0   1283
   352   1217      0   1283
   353   1217      0   1283
   354   1217      0   1283
   355   1217      0   1283
   356   1217      0   1283
   357   1217      0   1283
   358   1217      0   1283
   359   1217      0   1283
   360   1217      0   1283
   361   1217      0   1283
   362   1217      0   1283
   363   1217      0   1283
   364   1217      0   1283
   365   1217      0   1283
   366   1217      0   1283
   367   1217      0   1283
   368   1217      0   1283
   369   1217      0   1283
   370   1217      0   1283
   371   1217      0   1283
   372   1217      0   1283
   373   1217      0   1283
   374   1217      0   1283
   375   1217      0   1283
   376   1217      0   1283
   377   1217      0   1283
   378   1217      0   1283
   379   1217      0   1283
   380   1217      0   1283
   381   1217      0   1283
   382   1217      0   1283
   383   1217      0   1283
   384   1217      0   1283
   385   1217      0   1283
   386   1217      0   1283
   387   1217      0   1283
   388   1217      0   1283
   389   1217      0   1283
   390   1217      0   1283
   391   1217      0   1283
   392   1217      0   1283
   393   1217      0   1283
   394   1217      0   1283
   395   1217      0   1283
   396   1217      0   1283
   397   1217      0   1283
   398   1217      0   1283
   399   1217      0   1283
   400   1217      0   1283
   401   1217      0   1283
   402   1217      0   1283
   403   1217      0   1283
   404   1217      0   1283
   405   1217      0   1283
   406   1217      0   1283
   407   1217      0   1283
   408   1217      0   1283
   409   1217      0   1283
   410   1217      0   1283
   411   1217      0   1283
   412   1217      0   1283
   413   1217      0   1283
   414   1217      0   1283
   415   1217      0   1283
   416   1217      0   1283
   417   1217      0   1283
   418   1217      0   1283
   419   1217      0   1283
   420   1217      0   1283
   421   1217      0   1283
   422   1217      0   1283
   423   1217      0   1283
   424   1217      0   1283
   425   1217      0   1283
   426   1217      0   1283
   427   1217      0   1283
   428   1217      0   1283
   429   1217      0   1283
   430   1217      0   1283
   431   1217      0   1283
   432   1217      0   1283
   433   1217      0   1283
   434   1217      0   1283
   435   1217      0   1283
   436   1217      0   1283
   437   1217      0   1283
   438   1217      0   1283
   439   1217      0   1283
   440   1217      0   1283
   441   1217      0   1283
   442   1217      0   1283
   443   1217      0   1283
   444   1217      0   1283
   445   1217      0   1283
   446   1217      0   1283
   447   1217      0   1283
   448   1217      0   1283
   449   1217      0   1283
   450   1217      0   1283
   451   1217      0   1283
   452   1217      0   1283
   453   1217      0   1283
   454   1217      0   1283
   455   1217      0   1283
   456   1217      0   1283
   457   1217      0   1283
   458   1217      0   1283
   459   1217      0   1283
   460   1217      0   1283
   461   1217      0   1283
   462   1217      0   1283
   463   1217      0   1283
   464   1217      0   1283
   465   1217      0   1283
   466   1217      0   1283
   467   1217      0   1283
   468   1217      0   1283
   469   1217      0   1283
   470   1217      0   1283
   471   1217      0   1283
   472   1217      0   1283
   473   1217      0   1283
   474   1217      0   1283
   475   1217      0   1283
   476   1217      0   1283
   477   1217      0   1283
   478   1217      0   1283
   479   1217      0   1283
   480   1217      0   1283
   481   1217      0   1283
   482   1217      0   1283
   483   1217      0   1283
   484   1217      0   1283
   485   1217      0   1283
   486   1217      0   1283
   487   1217      0   1283
   488   1217      0   1283
   489   1217      0   1283
   490   1217      0   1283
   491   1217      0   1283
   492   1217      0   1283
   493   1217      0   1283
   494   1217      0   1283
   495   1217      0   1283
   496   1217      0   1283
   497   1217      0   1283
   498   1217      0   1283
   499   1217      0   1283
   500   1217      0   1283
   501   1217      0   1283
   502   1217      0   1283
   503   1217      0   1283
   504   1217      0   1283
   505   1217      0   1283
   506   1217      0   1283
   507   1217      0   1283
   508   1217      0   1283
   509   1217      0   1283
   510   1217      0   1283
   511   1217      0   1283
   512   1217      0   1283
   513   1217      0   1283
   514   1217      0   1283
   515   1217      0   1283
   516   1217      0   1283
   517   1217      0   1283
   518   1217      0   1283
   519   1217      0   1283
   520   1217      0   1283
   521   1217      0   1283
   522   1217      0   1283
   523   1217      0   1283
   524   1217      0   1283
   525   1217      0   1283
   526   1217      0   1283
   527   1217      0   1283
   528   1217      0   1283
   529   1217      0   1283
   530   1217      0   1283
   531   1217      0   1283
   532   1217      0   1283
   533   1217      0   1283
   534   1217      0   1283
   535   1217      0   1283
   536   1217      0   1283
   537   1217      0   1283
   538   1217      0   1283
   539   1217      0   1283
   540   1217      0   1283
   541   1217      0   1283
   542   1217      0   1283
   543   1217      0   1283
   544   1217      0   1283
   545   1217      0   1283
   546   1217      0   1283
   547   1217      0   1283
   548   1217      0   1283
   549   1217      0   1283
   550   1217      0   1283
   551   1217      0   1283
   552   1217      0   1283
   553   1217      0   1283
   554   1217      0   1283
   555   1217      0   1283
   556   1217      0   1283
   557   1217      0   1283
   558   1217      0   1283
   559   1217      0   1283
   560   1217      0   1283
   561   1217      0   1283
   562   1217      0   1283
   563   1217      0   1283
   564   1217      0   1283
   565   1217      0   1283
   566   1217      0   1283
   567   1217      0   1283
   568   1217      0   1283
   569   1217      0   1283
   570   1217      0   1283
   571   1217      0   1283
   572   1217      0   1283
   573   1217      0   1283
   574   1217      0   1283
   575   1217      0   1283
   576   1217      0   1283
   577   1217      0   1283
   578   1217      0   1283
   579   1217      0   1283
   580   1217      0   1283
   581   1217      0   1283
   582   1217      0   1283
   583   1217      0   1283
   584   1217      0   1283
   585   1217      0   1283
   586   1217      0   1283
   587   1217      0   1283
   588   1217      0   1283
   589   1217      0   1283
   590   1217      0   1283
   591   1217      0   1283
   592   1217      0   1283
   593   1217      0   1283
   594   1217      0   1283
   595   1217      0   1283
   596   1217      0   1283
   597   1217      0   1283
   598   1217      0   1283
   599   1217      0   1283
   600   1217      0   1283
   601   1217      0   1283
   602   1217      0   1283
   603   1217      0   1283
   604   1217      0   1283
   605   1217      0   1283
   606   1217      0   1283
   607   1217      0   1283
   608   1217      0   1283
   609   1217      0   1283
   610   1217      0   1283
   611   1217      0   1283
   612   1217      0   1283
   613   1217      0   1283
   614   1217      0   1283
   615   1217      0   1283
   616   1217      0   1283
   617   1217      0   1283
   618   1217      0   1283
   619   1217      0   1283
   620   1217      0   1283
   621   1217      0   1283
   622   1217      0   1283
   623   1217      0   1283
   624   1217      0   1283
   625   1217      0   1283
   626   1217      0   1283
   627   1217      0   1283
   628   1217      0   1283
   629   1217      0   1283
   630   1217      0   1283
   631   1217      0   1283
   632   1217      0   1283
   633   1217      0   1283
   634   1217      0   1283
   635   1217      0   1283
   636   1217      0   1283
   637   1217      0   1283
   638   1217      0   1283
   639   1217      0   1283
   640   1217      0   1283
   641   1217      0   1283
   642   1217      0   1283
   643   1217      0   1283
   644   1217      0   1283
   645   1217      0   1283
   646   1217      0   1283
   647   1217      0   1283
   648   1217      0   1283
   649   1217      0   1283
   650   1217      0   1283
   651   1217      0   1283
   652   1217      0   1283
   653   1217      0   1283
   654   1217      0   1283
   655   1217      0   1283
   656   1217      0   1283
   657   1217      0   1283
   658   1217      0   1283
   659   1217      0   1283
   660   1217      0   1283
   661   1217      0   1283
   662   1217      0   1283
   663   1217      0   1283
   664   1217      0   1283
   665   1217      0   1283
   666   1217      0   1283
   667   1217      0   1283
   668   1217      0   1283
   669   1217      0   1283
   670   1217      0   1283
   671   1217      0   1283
   672   1217      0   1283
   673   1217      0   1283
   674   1217      0   1283
   675   1217      0   1283
   676   1217      0   1283
   677   1217      0   1283
   678   1217      0   1283
   679   1217      0   1283
   680   1217      0   1283
   681   1217      0   1283
   682   1217      0   1283
   683   1217      0   1283
   684   1217      0   1283
   685   1217      0   1283
   686   1217      0   1283
   687   1217      0   1283
   688   1217      0   1283
   689   1217      0   1283
   690   1217      0   1283
   691   1217      0   1283
   692   1217      0   1283
   693   1217      0   1283
   694   1217      0   1283
   695   1217      0   1283
   696   1217      0   1283
   697   1217      0   1283
   698   1217      0   1283
   699   1217      0   1283
   700   1217      0   1283
   701   1217      0   1283
   702   1217      0   1283
   703   1217      0   1283
   704   1217      0   1283
   705   1217      0   1283
   706   1217      0   1283
   707   1217      0   1283
   708   1217      0   1283
   709   1217      0   1283
   710   1217      0   1283
   711   1217      0   1283
   712   1217      0   1283
   713   1217      0   1283
   714   1217      0   1283
   715   1217      0   1283
   716   1217      0   1283
   717   1217      0   1283
   718   1217      0   1283
   719   1217      0   1283
   720   1217      0   1283
   721   1217      0   1283
   722   1217      0   1283
   723   1217      0   1283
   724   1217      0   1283
   725   1217      0   1283
   726   1217      0   1283
   727   1217      0   1283
   728   1217      0   1283
   729   1217      0   1283
   730   1217      0   1283
   731   1217      0   1283
   732   1217      0   1283
   733   1217      0   1283
   734   1217      0   1283
   735   1217      0   1283
   736   1217      0   1283
   737   1217      0   1283
   738   1217      0   1283
   739   1217      0   1283
   740   1217      0   1283
   741   1217      0   1283
   742   1217      0   1283
   743   1217      0   1283
   744   1217      0   1283
   745   1217      0   1283
   746   1217      0   1283
   747   1217      0   1283
   748   1217      0   1283
   749   1217      0   1283
   750   1217      0   1283
   751   1217      0   1283
   752   1217      0   1283
   753   1217      0   1283
   754   1217      0   1283
   755   1217      0   1283
   756   1217      0   1283
   757   1217      0   1283
   758   1217      0   1283
   759   1217      0   1283
   760   1217      0   1283
   761   1217      0   1283
   762   1217      0   1283
   763   1217      0   1283
   764   1217      0   1283
   765   1217      0   1283
   766   1217      0   1283
   767   1217      0   1283
   768   1217      0   1283
   769   1217      0   1283
   770   1217      0   1283
   771   1217      0   1283
   772   1217      0   1283
   773   1217      0   1283
   774   1217      0   1283
   775   1217      0   1283
   776   1217      0   1283
   777   1217      0   1283
   778   1217      0   1283
   779   1217      0   1283
   780   1217      0   1283
   781   1217      0   1283
   782   1217      0   1283
   783   1217      0   1283
   784   1217      0   1283
   785   1217      0   1283
   786   1217      0   1283
   787   1217      0   1283
   788   1217      0   1283
   789   1217      0   1283
   790   1217      0   1283
   791   1217      0   1283
   792   1217      0   1283
   793   1217      0   1283
   794   1217      0   1283
   795   1217      0   1283
   796   1217      0   1283
   797   1217      0   1283
   798   1217      0   1283
   799   1217      0   1283
   800   1217      0   1283
   801   1217      0   1283
   802   1217      0   1283
   803   1217      0   1283
   804   1217      0   1283
   805   1217      0   1283
   806   1217      0   1283
   807   1217      0   1283
   808   1217      0   1283
   809   1217      0   1283
   810   1217      0   1283
   811   1217      0   1283
   812   1217      0   1283
   813   1217      0   1283
   814   1217      0   1283
   815   1217      0   1283
   816   1217      0   1283
   817   1217      0   1283
   818   1217      0   1283
   819   1217      0   1283
   820   1217      0   1283
   821   1217      0   1283
   822   1217      0   1283
   823   1217      0   1283
   824   1217      0   1283
   825   1217      0   1283
   826   1217      0   1283
   827   1217      0   1283
   828   1217      0   1283
   829   1217      0   1283
   830   1217      0   1283
   831   1217      0   1283
   832   1217      0   1283
   833   1217      0   1283
   834   1217      0   1283
   835   1217      0   1283
   836   1217      0   1283
   837   1217      0   1283
   838   1217      0   1283
   839   1217      0   1283
   840   1217      0   1283
   841   1217      0   1283
   842   1217      0   1283
   843   1217      0   1283
   844   1217      0   1283
   845   1217      0   1283
   846   1217      0   1283
   847   1217      0   1283
   848   1217      0   1283
   849   1217      0   1283
   850   1217      0   1283
   851   1217      0   1283
   852   1217      0   1283
   853   1217      0   1283
   854   1217      0   1283
   855   1217      0   1283
   856   1217      0   1283
   857   1217      0   1283
   858   1217      0   1283
   859   1217      0   1283
   860   1217      0   1283
   861   1217      0   1283
   862   1217      0   1283
   863   1217      0   1283
   864   1217      0   1283
   865   1217      0   1283
   866   1217      0   1283
   867   1217      0   1283
   868   1217      0   1283
   869   1217      0   1283
   870   1217      0   1283
   871   1217      0   1283
   872   1217      0   1283
   873   1217      0   1283
   874   1217      0   1283
   875   1217      0   1283
   876   1217      0   1283
   877   1217      0   1283
   878   1217      0   1283
   879   1217      0   1283
   880   1217      0   1283
   881   1217      0   1283
   882   1217      0   1283
   883   1217      0   1283
   884   1217      0   1283
   885   1217      0   1283
   886   1217      0   1283
   887   1217      0   1283
   888   1217      0   1283
   889   1217      0   1283
   890   1217      0   1283
   891   1217      0   1283
   892   1217      0   1283
   893   1217      0   1283
   894   1217      0   1283
   895   1217      0   1283
   896   1217      0   1283
   897   1217      0   1283
   898   1217      0   1283
   899   1217      0   1283
   900   1217      0   1283
   901   1217      0   1283
   902   1217      0   1283
   903   1217      0   1283
   904   1217      0   1283
   905   1217      0   1283
   906   1217      0   1283
   907   1217      0   1283
   908   1217      0   1283
   909   1217      0   1283
   910   1217      0   1283
   911   1217      0   1283
   912   1217      0   1283
   913   1217      0   1283
   914   1217      0   1283
   915   1217      0   1283
   916   1217      0   1283
   917   1217      0   1283
   918   1217      0   1283
   919   1217      0   1283
   920   1217      0   1283
   921   1217      0   1283
   922   1217      0   1283
   923   1217      0   1283
   924   1217      0   1283
   925   1217      0   1283
   926   1217      0   1283
   927   1217      0   1283
   928   1217      0   1283
   929   1217      0   1283
   930   1217      0   1283
   931   1217      0   1283
   932   1217      0   1283
   933   1217      0   1283
   934   1217      0   1283
   935   1217      0   1283
   936   1217      0   1283
   937   1217      0   1283
   938   1217      0   1283
   939   1217      0   1283
   940   1217      0   1283
   941   1217      0   1283
   942   1217      0   1283
   943   1217      0   1283
   944   1217      0   1283
   945   1217      0   1283
   946   1217      0   1283
   947   1217      0   1283
   948   1217      0   1283
   949   1217      0   1283
   950   1217      0   1283
   951   1217      0   1283
   952   1217      0   1283
   953   1217      0   1283
   954   1217      0   1283
   955   1217      0   1283
   956   1217      0   1283
   957   1217      0   1283
   958   1217      0   1283
   959   1217      0   1283
   960   1217      0   1283
   961   1217      0   1283
   962   1217      0   1283
   963   1217      0   1283
   964   1217      0   1283
   965   1217      0   1283
   966   1217      0   1283
   967   1217      0   1283
   968   1217      0   1283
   969   1217      0   1283
   970   1217      0   1283
   971   1217      0   1283
   972   1217      0   1283
   973   1217      0   1283
   974   1217      0   1283
   975   1217      0   1283
   976   1217      0   1283
   977   1217      0   1283
   978   1217      0   1283
   979   1217      0   1283
   980   1217      0   1283
   981   1217      0   1283
   982   1217      0   1283
   983   1217      0   1283
   984   1217      0   1283
   985   1217      0   1283
   986   1217      0   1283
   987   1217      0   1283
   988   1217      0   1283
   989   1217      0   1283
   990   1217      0   1283
   991   1217      0   1283
   992   1217      0   1283
   993   1217      0   1283
   994   1217      0   1283
   995   1217      0   1283
   996   1217      0   1283
   997   1217      0   1283
   998   1217      0   1283
   999   1217      0   1283
  1000   1217      0   1283
