# time (sweeps) | Susceptible | Infected | Recovered
     0   1257    512    731
     1   1273    505    722
     2   1261    542    697
     3   1247    534    719
     4   1264    507    729
     5   1262    520    718
     6   1250    498    752
     7   1243    513    744
     8   1253    504    743
     9   1258    521    721
    10   1252    525    723
    11   1256    529    715
    12   1265    528    707
    13   1267    510    723
    14   1239    493    768
    15   1269    470    761
    16   1333    459    708
    17   1332    475    693
    18   1329    489    682
    19   1304    512    684
    20   1308    478    714
    21   1326    480    694
    22   1309    494    697
    23   1300    488    712
    24   1291    489    720
    25   1292    500    708
    26   1290    526    684
    27   1302    504    694
    28   1304    509    687
    29   1253    545    702
    30   1260    521    719
    31   1254    512    734
    32   1275    511    714
    33   1264    501    735
    34   1275    495    730
    35   1289    479    732
    36   1293    492    715
    37   1341    492    667
    38   1321    509    670
    39   1310    497    693
    40   1308    493    699
    41   1290    488    722
    42   1285    530    685
    43   1293    483    724
    44   1303    491    706
    45   1313    480    707
    46   1313    457    730
    47   1343    466    691
    48   1333    504    663
    49   1325    501    674
    50   1321    517    662
    51   1300    527    673
    52   1260    518    722
    53   1274    493    733
    54   1289    484    727
    55   1321    476    703
    56   1308    467    725
    57   1291    491    718
    58   1294    509    697
    59   1315    492    693
    60   1295    512    693
    61   1268    533    699
    62   1255    528    717
    63   1239    525    736
    64   1237    529    734
    65   1223    532    745
    66   1222    502    776
    67   1253    487    760
    68   1274    474    752
    69   1321    479    700
    70   1301    494    705
    71   1316    472    712
    72   1319    474    707
    73   1311    500    689
    74   1292    509    699
    75   1262    498    740
    76   1278    489    733
    77   1317    461    722
    78   1318    482    700
    79   1305    496    699
    80   1307    474    719
    81   1285    512    703
    82   1254    525    721
    83   1230    531    739
    84   1246    489    765
    85   1265    518    717
    86   1260    537    703
    87   1273    540    687
    88   1239    524    737
    89   1287    492    721
    90   1292    511    697
    91   1278    514    708
    92   1253    542    705
    93   1217    567    716
    94   1216    538    746
    95   1210    551    739
    96   1224    508    768
    97   1228    512    760
    98   1237    529    734
    99   1238    528    734
   100   1266    518    716
   101   1254    519    727
   102   1225    533    742
   103   1216    549    735
   104   1201    563    736
   105   1192    588    720
   106   1168    576    756
   107   1200    552    748
   108   1179    527    794
   109   1206    510    784
   110   1253    504    743
   111   1220    541    739
   112   1202    533    765
   113   1209    535    756
   114   1243    503    754
   115   1275    479    746
   116   1261    516    723
   117   1282    498    720
   118   1281    489    730
   119   1294    488    718
   120   1297    508    695
   121   1316    496    688
   122   1309    488    703
   123   1269    547    684
   124   1269    558    673
   125   1205    543    752
   126   1206    550    744
   127   1198    545    757
   128   1237    517    746
   129   1241    520    739
   130   1255    509    736
   131   1246    487    767
   132   1249    468    783
   133   1281    460    759
   134   1265    500    735
   135   1253    506    741
   136   1237    516    747
   137   1219    552    729
   138   1216    554    730
   139   1240    535    725
   140   1229    527    744
   141   1256    537    707
   142   1223    536    741
   143   1247    468    785
   144   1287    468    745
   145   1319    463    718
   146   1296    507    697
   147   1314    490    696
   148   1271    519    710
   149   1298    510    692
   150   1302    501    697
   151   1326    475    699
   152   1303    507    690
   153   1294    489    717
   154   1340    444    716
   155   1364    437    699
   156   1394    435    671
   157   1350    444    706
   158   1374    444    682
   159   1373    468    659
   160   1374    457    669
   161   1348    480    672
   162   1324    488    688
   163   1285    517    698
   164   1277    518    705
   165   1277    519    704
   166   1263    532    705
   167   1224    543    733
   168   1242    503    755
   169   1254    502    744
   170   1256    498    746
   171   1272    500    728
   172   1243    528    729
   173   1232    522    746
   174   1201    580    719
   175   1212    542    746
   176   1205    550    745
   177   1239    529    732
   178   1257    526    717
   179   1246    535    719
   180   1238    507    755
   181   1236    517    747
   182   1282    468    750
   183   1327    456    717
   184   1323    451    726
   185   1308    477    715
   186   1327    457    716
   187   1333    487    680
   188   1332    485    683
   189   1300    518    682
   190   1262    536    702
   191   1266    510    724
   192   1234    543    723
   193   1244    516    740
   194   1222    521    757
   195   1219    534    747
   196   1253    509    738
   197   1277    497    726
   198   1284    495    721
   199   1301    491    708
   200   1309    487    704
   201   1230    539    731
   202   1192    522    786
   203   1234    529    737
   204   1246    523    731
   205   1254    520    726
   206   1245    535    720
   207   1238    508    754
   208   1241    508    751
   209   1229    513    758
   210   1247    504    749
   211   1288    491    721
   212   1287    499    714
   213   1297    497    706
   214   1302    475    723
   215   1309    489    702
   216   1289    504    707
   217   1281    548    671
   218   1255    541    704
   219   1222    570    708
   220   1200    529    771
   221   1206    507    787
   222   1238    531    731
   223   1235    501    764
   224   1262    495    743
   225   1276    499    725
   226   1284    506    710
   227   1262    513    725
   228   1246    495    759
   229   1285    483    732
   230   1291    483    726
   231   1344    472    684
   232   1349    466    685
   233   1332    454    714
   234   1338    437    725
   235   1365    435    700
   236   1364    451    685
   237   1379    450    671
   238   1358    456    686
   239   1311    503    686
   240   1280    515    705
   241   1307    479    714
   242   1297    507    696
   243   1274    508    718
   244   1261    529    710
   245   1282    508    710
   246   1252    511    737
   247   1279    477    744
   248   1298    496    706
   249   1301    498    701
   250   1262    525    713
   251   1267    492    741
   252   1292    461    747
   253   1320    478    702
   254   1349    472    679
   255   1330    488    682
   256   1303    506    691
   257   1295    521    684
   258   1291    498    711
   259   1325    491    684
   260   1315    509    676
   261   1286    506    708
   262   1313    476    711
   263   1304    482    714
   264   1304    476    720
   265   1290    477    733
   266   1302    486    712
   267   1302    497    701
   268   1299    485    716
   269   1305    488    707
   270   1296    503    701
   271   1293    505    702
   272   1290    499    711
   273   1285    495    720
   274   1290    499    711
   275   1274    485    741
   276   1288    517    695
   277   1277    535    688
   278   1274    511    715
   279   1291    509    700
   280   1279    491    730
   281   1295    472    733
   282   1333    475    692
   283   1324    482    694
   284   1318    507    675
   285   1262    548    690
   286   1264    542    694
   287   1243    558    699
   288   1230    527    743
   289   1284    496    720
   290   1274    502    724
   291   1250    532    718
   292   1241    503    756
   293   1256    538    706
   294   1222    550    728
   295   1205    561    734
   296   1178    529    793
   297   1239    477    784
   298   1239    496    765
   299   1232    545    723
   300   1233    536    731
   301   1238    524    738
   302   1228    518    754
   303   1250    508    742
   304   1226    525    749
   305   1255    508    737
   306   1231    506    763
   307   1302    452    746
   308   1313    491    696
   309   1342    459    699
   310   1335    470    695
   311   1328    466    706
   312   1320    481    699
   313   1314    458    728
   314   1338    466    696
   315   1357    447    696
   316   1358    449    693
   317   1359    456    685
   318   1339    483    678
   319   1323    476    701
   320   1327    459    714
   321   1359    469    672
   322   1377    464    659
   323   1357    501    642
   324   1305    525    670
   325   1290    492    718
   326   1281    500    719
   327   1258    525    717
   328   1273    532    695
   329   1227    558    715
   330   1205    563    732
   331   1198    564    738
   332   1220    525    755
   333   1233    518    749
   334   1259    491    750
   335   1232    547    721
   336   1217    561    722
   337   1199    564    737
   338   1210    562    728
   339   1191    581    728
   340   1189    534    777
   341   1215    538    747
   342   1211    505    784
   343   1266    477    757
   344   1319    430    751
   345   1352    438    710
   346   1375    450    675
   347   1358    475    667
   348   1329    483    688
   349   1323    448    729
   350   1356    442    702
   351   1342    471    687
   352   1346    486    668
   353   1340    491    669
   354   1306    521    673
   355   1285    514    701
   356   1277    506    717
   357   1275    535    690
   358   1271    545    684
   359   1253    544    703
   360   1214    547    739
   361   1196    544    760
   362   1226    516    758
   363   1224    531    745
   364   1242    502    756
   365   1222    556    722
   366   1216    537    747
   367   1242    486    772
   368   1242    529    729
   369   1227    533    740
   370   1195    545    760
   371   1209    537    754
   372   1206    526    768
   373   1226    495    779
   374   1290    467    743
   375   1284    480    736
   376   1291    452    757
   377   1382    400    718
   378   1364    448    688
   379   1322    466    712
   380   1326    476    698
   381   1300    497    703
   382   1268    503    729
   383   1276    523    701
   384   1253    533    714
   385   1271    468    761
   386   1297    476    727
   387   1293    497    710
   388   1260    524    716
   389   1287    521    692
   390   1246    536    718
   391   1238    543    719
   392   1199    547    754
   393   1221    512    767
   394   1253    497    750
   395   1280    497    723
   396   1277    504    719
   397   1243    514    743
   398   1207    569    724
   399   1167    561    772
   400   1201    537    762
   401   1207    530    763
   402   1181    556    763
   403   1215    513    772
   404   1244    509    747
   405   1254    521    725
   406   1239    528    733
   407   1236    535    729
   408   1264    528    708
   409   1227    559    714
   410   1215    578    707
   411   1184    581    735
   412   1157    576    767
   413   1198    527    775
   414   1188    539    773
   415   1229    534    737
   416   1225    532    743
   417   1231    543    726
   418   1296    514    690
   419   1269    522    709
   420   1245    539    716
   421   1191    564    745
   422   1225    532    743
   423   1246    517    737
   424   1224    532    744
   425   1230    529    741
   426   1246    523    731
   427   1243    507    750
   428   1249    502    749
   429   1202    527    771
   430   1233    504    763
   431   1245    510    745
   432   1213    506    781
   433   1253    496    751
   434   1252    507    741
   435   1271    490    739
   436   1258    502    740
   437   1269    495    736
   438   1276    470    754
   439   1303    475    722
   440   1315    501    684
   441   1314    494    692
   442   1291    517    692
   443   1280    490    730
   444   1273    498    729
   445   1271    498    731
   446   1292    501    707
   447   1281    502    717
   448   1303    483    714
   449   1268    525    707
   450   1268    509    723
   451   1288    510    702
   452   1300    506    694
   453   1306    488    706
   454   1318    468    714
   455   1305    488    707
   456   1297    478    725
   457   1275    541    684
   458   1249    553    698
   459   1208    548    744
   460   1226    529    745
   461   1225    534    741
   462   1240    540    720
   463   1219    551    730
   464   1235    529    736
   465   1298    479    723
   466   1282    483    735
   467   1271    508    721
   468   1295    481    724
   469   1309    494    697
   470   1262    528    710
   471   1287    489    724
   472   1314    484    702
   473   1295    499    706
   474   1304    484    712
   475   1352    473    675
   476   1341    455    704
   477   1356    434    710
   478   1392    434    674
   479   1348    477    675
   480   1351    478    671
   481   1377    444    679
   482   1364    469    667
   483   1342    495    663
   484   1308    526    666
   485   1256    531    713
   486   1263    525    712
   487   1250    523    727
   488   1249    508    743
   489   1263    524    713
   490   1249    515    736
   491   1255    516    729
   492   1277    515    708
   493   1277    506    717
   494   1247    504    749
   495   1301    481    718
   496   1274    523    703
   497   1285    511    704
   498   1295    465    740
   499   1311    479    710
   500   1300    505    695
   501   1285    499    716
   502   1299    485    716
   503   1297    493    710
   504   1293    488    719
   505   1273    525    702
   506   1201    558    741
   507   1220    512    768
   508   1267    486    747
   509   1300    473    727
   510   1346    480    674
   511   1317    484    699
   512   1284    510    706
   513   1280    494    726
   514   1263    505    732
   515   1274    493    733
   516   1284    493    723
   517   1296    479    725
   518   1272    495    733
   519   1294    486    720
   520   1294    523    683
   521   1295    525    680
   522   1241    528    731
   523   1220    533    747
   524   1229    530    741
   525   1234    541    725
   526   1250    555    695
   527   1258    526    716
   528   1222    560    718
   529   1196    588    716
   530   1156    609    735
   531   1199    565    736
   532   1215    558    727
   533   1193    540    767
   534   1174    554    772
   535   1210    530    760
   536   1225    514    761
   537   1227    535    738
   538   1237    514    749
   539   1309    484    707
   540   1304    487    709
   541   1312    458    730
   542   1331    456    713
   543   1330    476    694
   544   1369    479    652
   545   1366    470    664
   546   1331    470    699
   547   1329    482    689
   548   1317    466    717
   549   1365    443    692
   550   1350    451    699
   551   1335    488    677
   552   1313    495    692
   553   1337    473    690
   554   1339    469    692
   555   1309    458    733
   556   1378    431    691
   557   1386    433    681
   558   1368    435    697
   559   1384    468    648
   560   1351    500    649
   561   1336    519    645
   562   1309    483    708
   563   1269    490    741
   564   1260    522    718
   565   1264    529    707
   566   1300    485    715
   567   1322    461    717
   568   1308    486    706
   569   1287    516    697
   570   1277    505    718
   571   1288    495    717
   572   1253    527    720
   573   1257    495    748
   574   1283    491    726
   575   1249    544    707
   576   1219    554    727
   577   1220    567    713
   578   1191    542    767
   579   1199    539    762
   580   1220    531    749
   581   1195    532    773
   582   1213    542    745
   583   1236    482    782
   584   1255    486    759
   585   1291    478    731
   586   1311    475    714
   587   1313    505    682
   588   1293    497    710
   589   1294    485    721
   590   1291    471    738
   591   1280    489    731
   592   1289    503    708
   593   1315    465    720
   594   1327    481    692
   595   1299    506    695
   596   1280    524    696
   597   1246    519    735
   598   1285    495    720
   599   1253    530    717
   600   1302    497    701
   601   1283    532    685
   602   1249    566    685
   603   1256    542    702
   604   1257    541    702
   605   1245    543    712
   606   1262    522    716
   607   1265    539    696
   608   1207    549    744
   609   1220    525    755
   610   1232    535    733
   611   1227    532    741
   612   1230    510    760
   613   1242    516    742
   614   1240    516    744
   615   1232    517    751
   616   1244    515    741
   617   1253    506    741
   618   1278    490    732
   619   1279    496    725
   620   1270    516    714
   621   1255    538    707
   622   1258    521    721
   623   1253    508    739
   624   1219    540    741
   625   1182    562    756
   626   1215    548    737
   627   1232    546    722
   628   1232    530    738
   629   1240    515    745
   630   1255    528    717
   631   1240    552    708
   632   1241    523    736
   633   1238    537    725
   634   1247    533    720
   635   1252    502    746
   636   1218    536    746
   637   1227    504    769
   638   1276    471    753
   639   1308    452    740
   640   1342    441    717
   641   1303    487    710
   642   1316    482    702
   643   1328    483    689
   644   1292    481    727
   645   1273    493    734
   646   1257    498    745
   647   1286    481    733
   648   1278    471    751
   649   1317    446    737
   650   1365    439    696
   651   1380    436    684
   652   1357    475    668
   653   1314    508    678
   654   1304    500    696
   655   1325    486    689
   656   1303    487    710
   657   1299    495    706
   658   1312    495    693
   659   1322    472    706
   660   1337    458    705
   661   1325    482    693
   662   1292    513    695
   663   1306    484    710
   664   1336    501    663
   665   1300    510    690
   666   1283    495    722
   667   1244    508    748
   668   1290    462    748
   669   1285    469    746
   670   1280    480    740
   671   1304    474    722
   672   1306    516    678
   673   1291    512    697
   674   1285    509    706
   675   1297    498    705
   676   1251    519    730
   677   1254    515    731
   678   1277    510    713
   679   1264    526    710
   680   1268    543    689
   681   1199    546    755
   682   1206    536    758
   683   1238    500    762
   684   1250    523    727
   685   1238    511    751
   686   1255    510    735
   687   1251    548    701
   688   1224    550    726
   689   1202    538    760
   690   1224    521    755
   691   1222    547    731
   692   1199    554    747
   693   1239    500    761
   694   1286    506    708
   695   1243    548    709
   696   1235    521    744
   697   1222    552    726
   698   1235    537    728
   699   1230    546    724
   700   1198    549    753
   701   1199    546    755
   702   1239    524    737
   703   1225    506    769
   704   1278    467    755
   705   1306    485    709
   706   1304    488    708
   707   1316    477    707
   708   1334    494    672
   709   1321    470    709
   710   1348    474    678
   711   1308    487    705
   712   1329    473    698
   713   1330    475    695
   714   1309    478    713
   715   1308    457    735
   716   1334    471    695
   717   1346    469    685
   718   1354    469    677
   719   1371    446    683
   720   1395    437    668
   721   1356    481    663
   722   1345    432    723
   723   1376    450    674
   724   1353    476    671
   725   1331    479    690
   726   1277    539    684
   727   1293    512    695
   728   1268    542    690
   729   1278    535    687
   730   1264    520    716
   731   1249    536    715
   732   1253    520    727
   733   1237    521    742
   734   1273    474    753
   735   1274    479    747
   736   1302    470    728
   737   1284    526    690
   738   1293    500    707
   739   1292    483    725
   740   1317    483    700
   741   1308    502    690
   742   1301    494    705
   743   1316    478    706
   744   1324    488    688
   745   1322    492    686
   746   1309    521    670
   747   1309    498    693
   748   1323    482    695
   749   1293    508    699
   750   1277    499    724
   751   1253    514    733
   752   1268    499    733
   753   1267    498    735
   754   1293    460    747
   755   1336    452    712
   756   1325    494    681
   757   1278    539    683
   758   1236    529    735
   759   1255    477    768
   760   1307    468    725
   761   1334    481    685
   762   1326    496    678
   763   1307    526    667
   764   1236    578    686
   765   1235    574    691
   766   1212    554    734
   767   1199    518    783
   768   1209    503    788
   769   1232    481    787
   770   1272    471    757
   771   1287    498    715
   772   1251    510    739
   773   1252    516    732
   774   1227    536    737
   775   1229    508    763
   776   1244    536    720
   777   1247    520    733
   778   1225    542    733
   779   1232    525    743
   780   1264    503    733
   781   1225    537    738
   782   1245    491    764
   783   1283    486    731
   784   1276    509    715
   785   1310    487    703
   786   1365    446    689
   787   1341    459    700
   788   1337    460    703
   789   1358    466    676
   790   1347    467    686
   791   1339    494    667
   792   1343    475    682
   793   1318    504    678
   794   1309    486    705
   795   1281    507    712
   796   1253    509    738
   797   1262    503    735
   798   1259    523    718
   799   1273    497    730
   800   1291    485    724
   801   1316    459    725
   802   1356    472    672
   803   1328    485    687
   804   1307    518    675
   805   1309    479    712
   806   1336    451    713
   807   1353    450    697
   808   1337    484    679
   809   1313    496    691
   810   1295    479    726
   811   1306    477    717
   812   1346    472    682
   813   1325    497    678
   814   1327    487    686
   815   1306    482    712
   816   1309    502    689
   817   1279    528    693
   818   1290    520    690
   819   1350    465    685
   820   1371    444    685
   821   1338    482    680
   822   1350    462    688
   823   1324    482    694
   824   1359    459    682
   825   1361    475    664
   826   1349    472    679
   827   1312    450    738
   828   1343    471    686
   829   1337    463    700
   830   1339    472    689
   831   1338    491    671
   832   1299    492    709
   833   1300    504    696
   834   1296    510    694
   835   1316    501    683
   836   1306    494    700
   837   1288    510    702
   838   1284    515    701
   839   1304    493    703
   840   1298    530    672
   841   1280    533    687
   842   1236    551    713
   843   1195    567    738
   844   1177    570    753
   845   1166    559    775
   846   1139    576    785
   847   1173    574    753
   848   1193    538    769
   849   1225    506    769
   850   1254    518    728
   851   1288    517    695
   852   1279    514    707
   853   1251    520    729
   854   1234    493    773
   855   1264    481    755
   856   1267    481    752
   857   1299    479    722
   858   1314    481    705
   859   1296    486    718
   860   1355    489    656
   861   1315    503    682
   862   1288    518    694
   863   1295    519    686
   864   1333    479    688
   865   1332    455    713
   866   1366    460    674
   867   1404    449    647
   868   1409    420    671
   869   1367    460    673
   870   1361    445    694
   871   1368    444    688
   872   1406    425    669
   873   1418    431    651
   874   1393    455    652
   875   1413    418    669
   876   1449    403    648
   877   1449    415    636
   878   1429    445    626
   879   1383    453    664
   880   1313    490    697
   881   1308    482    710
   882   1326    477    697
   883   1359    477    664
   884   1324    499    677
   885   1338    484    678
   886   1313    503    684
   887   1287    509    704
   888   1289    538    673
   889   1251    559    690
   890   1222    556    722
   891   1205    524    771
   892   1218    538    744
   893   1201    520    779
   894   1237    504    759
   895   1258    510    732
   896   1205    553    742
   897   1210    551    739
   898   1208    570    722
   899   1197    536    767
   900   1217    515    768
   901   1227    519    754
   902   1233    525    742
   903   1223    537    740
   904   1226    504    770
   905   1242    498    760
   906   1259    492    749
   907   1275    496    729
   908   1306    494    700
   909   1339    465    696
   910   1346    489    665
   911   1312    520    668
   912   1294    514    692
   913   1304    493    703
   914   1297    500    703
   915   1274    496    730
   916   1310    465    725
   917   1360    469    671
   918   1324    478    698
   919   1321    485    694
   920   1268    554    678
   921   1246    526    728
   922   1258    509    733
   923   1275    498    727
   924   1282    508    710
   925   1308    504    688
   926   1265    531    704
   927   1295    499    706
   928   1279    483    738
   929   1311    485    704
   930   1329    455    716
   931   1330    452    718
   932   1324    460    716
   933   1316    499    685
   934   1295    510    695
   935   1264    524    712
   936   1258    507    735
   937   1264    492    744
   938   1238    535    727
   939   1245    510    745
   940   1254    496    750
   941   1259    515    726
   942   1259    519    722
   943   1249    500    751
   944   1261    523    716
   945   1282    486    732
   946   1307    506    687
   947   1284    520    696
   948   1270    500    730
   949   1305    468    727
   950   1278    482    740
   951   1269    485    746
   952   1287    498    715
   953   1276    477    747
   954   1323    469    708
   955   1336    453    711
   956   1325    458    717
   957   1348    446    706
   958   1355    455    690
   959   1370    435    695
   960   1361    445    694
   961   1376    453    671
   962   1353    473    674
   963   1338    502    660
   964   1293    505    702
   965   1273    508    719
   966   1272    479    749
   967   1305    480    715
   968   1319    493    688
   969   1301    489    710
   970   1307    507    686
   971   1244    546    710
   972   1247    523    730
   973   1257    538    705
   974   1244    490    766
   975   1236    528    736
   976   1220    526    754
   977   1237    540    723
   978   1242    533    725
   979   1281    513    706
   980   1291    486    723
   981   1317    455    728
   982   1272    508    720
   983   1297    506    697
   984   1270    517    713
   985   1245    546    709
   986   1246    521    733
   987   1256    531    713
   988   1262    550    688
   989   1256    557    687
   990   1267    521    712
   991   1225    529    746
   992   1226    516    758
   993   1257    500    743
   994   1266    495    739
   995   1248    521    731
   996   1255    519    726
   997   1271    496    733
   998   1258    522    720
   999   1227    537    736
  1000   1231    526    743
