# time (sweeps) | Susceptible | Infected | Recovered
     0    666      0   1834
     1    666      0   1834
     2    666      0   1834
     3    666      0   1834
     4    666      0   1834
     5    666      0   1834
     6    666      0   1834
     7    666      0   1834
     8    666      0   1834
     9    666      0   1834
    10    666      0   1834
    11    666      0   1834
    12    666      0   1834
    13    666      0   1834
    14    666      0   1834
    15    666      0   1834
    16    666      0   1834
    17    666      0   1834
    18    666      0   1834
    19    666      0   1834
    20    666      0   1834
    21    666      0   1834
    22    666      0   1834
    23    666      0   1834
    24    666      0   1834
    25    666      0   1834
    26    666      0   1834
    27    666      0   1834
    28    666      0   1834
    29    666      0   1834
    30    666      0   1834
    31    666      0   1834
    32    666      0   1834
    33    666      0   1834
    34    666      0   1834
    35    666      0   1834
    36    666      0   1834
    37    666      0   1834
    38    666      0   1834
    39    666      0   1834
    40    666      0   1834
    41    666      0   1834
    42    666      0   1834
    43    666      0   1834
    44    666      0   1834
    45    666      0   1834
    46    666      0   1834
    47    666      0   1834
    48    666      0   1834
    49    666      0   1834
    50    666      0   1834
    51    666      0   1834
    52    666      0   1834
    53    666      0   1834
    54    666      0   1834
    55    666      0   1834
    56    666      0   1834
    57    666      0   1834
    58    666      0   1834
    59    666      0   1834
    60    666      0   1834
    61    666      0   1834
    62    666      0   1834
    63    666      0   1834
    64    666      0   1834
    65    666      0   1834
    66    666      0   1834
    67    666      0   1834
    68    666      0   1834
    69    666      0   1834
    70    666      0   1834
    71    666      0   1834
    72    666      0   1834
    73    666      0   1834
    74    666      0   1834
    75    666      0   1834
    76    666      0   1834
    77    666      0   1834
    78    666      0   1834
    79    666      0   1834
    80    666      0   1834
    81    666      0   1834
    82    666      0   1834
    83    666      0   1834
    84    666      0   1834
    85    666      0   1834
    86    666      0   1834
    87    666      0   1834
    88    666      0   1834
    89    666      0   1834
    90    666      0   1834
    91    666      0   1834
    92    666      0   1834
    93    666      0   1834
    94    666      0   1834
    95    666      0   1834
    96    666      0   1834
    97    666      0   1834
    98    666      0   1834
    99    666      0   1834
   100    666      0   1834
   101    666      0   1834
   102    666      0   1834
   103    666      0   1834
   104    666      0   1834
   105    666      0   1834
   106    666      0   1834
   107    666      0   1834
   108    666      0   1834
   109    666      0   1834
   110    666      0   1834
   111    666      0   1834
   112    666      0   1834
   113    666      0   1834
   114    666      0   1834
   115    666      0   1834
   116    666      0   1834
   117    666      0   1834
   118    666      0   1834
   119    666      0   1834
   120    666      0   1834
   121    666      0   1834
   122    666      0   1834
   123    666      0   1834
   124    666      0   1834
   125    666      0   1834
   126    666      0   1834
   127    666      0   1834
   128    666      0   1834
   129    666      0   1834
   130    666      0   1834
   131    666      0   1834
   132    666      0   1834
   133    666      0   1834
   134    666      0   1834
   135    666      0   1834
   136    666      0   1834
   137    666      0   1834
   138    666      0   1834
   139    666      0   1834
   140    666      0   1834
   141    666      0   1834
   142    666      0   1834
   143    666      0   1834
   144    666      0   1834
   145    666      0   1834
   146    666      0   1834
   147    666      0   1834
   148    666      0   1834
   149    666      0   1834
   150    666      0   1834
   151    666      0   1834
   152    666      0   1834
   153    666      0   1834
   154    666      0   1834
   155    666      0   1834
   156    666      0   1834
   157    666      0   1834
   158    666      0   1834
   159    666      0   1834
   160    666      0   1834
   161    666      0   1834
   162    666      0   1834
   163    666      0   1834
   164    666      0   1834
   165    666      0   1834
   166    666      0   1834
   167    666      0   1834
   168    666      0   1834
   169    666      0   1834
   170    666      0   1834
   171    666      0   1834
   172    666      0   1834
   173    666      0   1834
   174    666      0   1834
   175    666      0   1834
   176    666      0   1834
   177    666      0   1834
   178    666      0   1834
   179    666      0   1834
   180    666      0   1834
   181    666      0   1834
   182    666      0   1834
   183    666      0   1834
   184    666      0   1834
   185    666      0   1834
   186    666      0   1834
   187    666      0   1834
   188    666      0   1834
   189    666      0   1834
   190    666      0   1834
   191    666      0   1834
   192    666      0   1834
   193    666      0   1834
   194    666      0   1834
   195    666      0   1834
   196    666      0   1834
   197    666      0   1834
   198    666      0   1834
   199    666      0   1834
   200    666      0   1834
   201    666      0   1834
   202    666      0   1834
   203    666      0   1834
   204    666      0   1834
   205    666      0   1834
   206    666      0   1834
   207    666      0   1834
   208    666      0   1834
   209    666      0   1834
   210    666      0   1834
   211    666      0   1834
   212    666      0   1834
   213    666      0   1834
   214    666      0   1834
   215    666      0   1834
   216    666      0   1834
   217    666      0   1834
   218    666      0   1834
   219    666      0   1834
   220    666      0   1834
   221    666      0   1834
   222    666      0   1834
   223    666      0   1834
   224    666      0   1834
   225    666      0   1834
   226    666      0   1834
   227    666      0   1834
   228    666      0   1834
   229    666      0   1834
   230    666      0   1834
   231    666      0   1834
   232    666      0   1834
   233    666      0   1834
   234    666      0   1834
   235    666      0   1834
   236    666      0   1834
   237    666      0   1834
   238    666      0   1834
   239    666      0   1834
   240    666      0   1834
   241    666      0   1834
   242    666      0   1834
   243    666      0   1834
   244    666      0   1834
   245    666      0   1834
   246    666      0   1834
   247    666      0   1834
   248    666      0   1834
   249    666      0   1834
   250    666      0   1834
   251    666      0   1834
   252    666      0   1834
   253    666      0   1834
   254    666      0   1834
   255    666      0   1834
   256    666      0   1834
   257    666      0   1834
   258    666      0   1834
   259    666      0   1834
   260    666      0   1834
   261    666      0   1834
   262    666      0   1834
   263    666      0   1834
   264    666      0   1834
   265    666      0   1834
   266    666      0   1834
   267    666      0   1834
   268    666      0   1834
   269    666      0   1834
   270    666      0   1834
   271    666      0   1834
   272    666      0   1834
   273    666      0   1834
   274    666      0   1834
   275    666      0   1834
   276    666      0   1834
   277    666      0   1834
   278    666      0   1834
   279    666      0   1834
   280    666      0   1834
   281    666      0   1834
   282    666      0   1834
   283    666      0   1834
   284    666      0   1834
   285    666      0   1834
   286    666      0   1834
   287    666      0   1834
   288    666      0   1834
   289    666      0   1834
   290    666      0   1834
   291    666      0   1834
   292    666      0   1834
   293    666      0   1834
   294    666      0   1834
   295    666      0   1834
   296    666      0   1834
   297    666      0   1834
   298    666      0   1834
   299    666      0   1834
   300    666      0   1834
   301    666      0   1834
   302    666      0   1834
   303    666      0   1834
   304    666      0   1834
   305    666      0   1834
   306    666      0   1834
   307    666      0   1834
   308    666      0   1834
   309    666      0   1834
   310    666      0   1834
   311    666      0   1834
   312    666      0   1834
   313    666      0   1834
   314    666      0   1834
   315    666      0   1834
   316    666      0   1834
   317    666      0   1834
   318    666      0   1834
   319    666      0   1834
   320    666      0   1834
   321    666      0   1834
   322    666      0   1834
   323    666      0   1834
   324    666      0   1834
   325    666      0   1834
   326    666      0   1834
   327    666      0   1834
   328    666      0   1834
   329    666      0   1834
   330    666      0   1834
   331    666      0   1834
   332    666      0   1834
   333    666      0   1834
   334    666      0   1834
   335    666      0   1834
   336    666      0   1834
   337    666      0   1834
   338    666      0   1834
   339    666      0   1834
   340    666      0   1834
   341    666      0   1834
   342    666      0   1834
   343    666      0   1834
   344    666      0   1834
   345    666      0   1834
   346    666      0   1834
   347    666      0   1834
   348    666      0   1834
   349    666      0   1834
   350    666      0   1834
   351    666      0   1834
   352    666      0   1834
   353    666      0   1834
   354    666      0   1834
   355    666      0   1834
   356    666      0   1834
   357    666      0   1834
   358    666      0   1834
   359    666      0   1834
   360    666      0   1834
   361    666      0   1834
   362    666      0   1834
   363    666      0   1834
   364    666      0   1834
   365    666      0   1834
   366    666      0   1834
   367    666      0   1834
   368    666      0   1834
   369    666      0   1834
   370    666      0   1834
   371    666      0   1834
   372    666      0   1834
   373    666      0   1834
   374    666      0   1834
   375    666      0   1834
   376    666      0   1834
   377    666      0   1834
   378    666      0   1834
   379    666      0   1834
   380    666      0   1834
   381    666      0   1834
   382    666      0   1834
   383    666      0   1834
   384    666      0   1834
   385    666      0   1834
   386    666      0   1834
   387    666      0   1834
   388    666      0   1834
   389    666      0   1834
   390    666      0   1834
   391    666      0   1834
   392    666      0   1834
   393    666      0   1834
   394    666      0   1834
   395    666      0   1834
   396    666      0   1834
   397    666      0   1834
   398    666      0   1834
   399    666      0   1834
   400    666      0   1834
   401    666      0   1834
   402    666      0   1834
   403    666      0   1834
   404    666      0   1834
   405    666      0   1834
   406    666      0   1834
   407    666      0   1834
   408    666      0   1834
   409    666      0   1834
   410    666      0   1834
   411    666      0   1834
   412    666      0   1834
   413    666      0   1834
   414    666      0   1834
   415    666      0   1834
   416    666      0   1834
   417    666      0   1834
   418    666      0   1834
   419    666      0   1834
   420    666      0   1834
   421    666      0   1834
   422    666      0   1834
   423    666      0   1834
   424    666      0   1834
   425    666      0   1834
   426    666      0   1834
   427    666      0   1834
   428    666      0   1834
   429    666      0   1834
   430    666      0   1834
   431    666      0   1834
   432    666      0   1834
   433    666      0   1834
   434    666      0   1834
   435    666      0   1834
   436    666      0   1834
   437    666      0   1834
   438    666      0   1834
   439    666      0   1834
   440    666      0   1834
   441    666      0   1834
   442    666      0   1834
   443    666      0   1834
   444    666      0   1834
   445    666      0   1834
   446    666      0   1834
   447    666      0   1834
   448    666      0   1834
   449    666      0   1834
   450    666      0   1834
   451    666      0   1834
   452    666      0   1834
   453    666      0   1834
   454    666      0   1834
   455    666      0   1834
   456    666      0   1834
   457    666      0   1834
   458    666      0   1834
   459    666      0   1834
   460    666      0   1834
   461    666      0   1834
   462    666      0   1834
   463    666      0   1834
   464    666      0   1834
   465    666      0   1834
   466    666      0   1834
   467    666      0   1834
   468    666      0   1834
   469    666      0   1834
   470    666      0   1834
   471    666      0   1834
   472    666      0   1834
   473    666      0   1834
   474    666      0   1834
   475    666      0   1834
   476    666      0   1834
   477    666      0   1834
   478    666      0   1834
   479    666      0   1834
   480    666      0   1834
   481    666      0   1834
   482    666      0   1834
   483    666      0   1834
   484    666      0   1834
   485    666      0   1834
   486    666      0   1834
   487    666      0   1834
   488    666      0   1834
   489    666      0   1834
   490    666      0   1834
   491    666      0   1834
   492    666      0   1834
   493    666      0   1834
   494    666      0   1834
   495    666      0   1834
   496    666      0   1834
   497    666      0   1834
   498    666      0   1834
   499    666      0   1834
   500    666      0   1834
   501    666      0   1834
   502    666      0   1834
   503    666      0   1834
   504    666      0   1834
   505    666      0   1834
   506    666      0   1834
   507    666      0   1834
   508    666      0   1834
   509    666      0   1834
   510    666      0   1834
   511    666      0   1834
   512    666      0   1834
   513    666      0   1834
   514    666      0   1834
   515    666      0   1834
   516    666      0   1834
   517    666      0   1834
   518    666      0   1834
   519    666      0   1834
   520    666      0   1834
   521    666      0   1834
   522    666      0   1834
   523    666      0   1834
   524    666      0   1834
   525    666      0   1834
   526    666      0   1834
   527    666      0   1834
   528    666      0   1834
   529    666      0   1834
   530    666      0   1834
   531    666      0   1834
   532    666      0   1834
   533    666      0   1834
   534    666      0   1834
   535    666      0   1834
   536    666      0   1834
   537    666      0   1834
   538    666      0   1834
   539    666      0   1834
   540    666      0   1834
   541    666      0   1834
   542    666      0   1834
   543    666      0   1834
   544    666      0   1834
   545    666      0   1834
   546    666      0   1834
   547    666      0   1834
   548    666      0   1834
   549    666      0   1834
   550    666      0   1834
   551    666      0   1834
   552    666      0   1834
   553    666      0   1834
   554    666      0   1834
   555    666      0   1834
   556    666      0   1834
   557    666      0   1834
   558    666      0   1834
   559    666      0   1834
   560    666      0   1834
   561    666      0   1834
   562    666      0   1834
   563    666      0   1834
   564    666      0   1834
   565    666      0   1834
   566    666      0   1834
   567    666      0   1834
   568    666      0   1834
   569    666      0   1834
   570    666      0   1834
   571    666      0   1834
   572    666      0   1834
   573    666      0   1834
   574    666      0   1834
   575    666      0   1834
   576    666      0   1834
   577    666      0   1834
   578    666      0   1834
   579    666      0   1834
   580    666      0   1834
   581    666      0   1834
   582    666      0   1834
   583    666      0   1834
   584    666      0   1834
   585    666      0   1834
   586    666      0   1834
   587    666      0   1834
   588    666      0   1834
   589    666      0   1834
   590    666      0   1834
   591    666      0   1834
   592    666      0   1834
   593    666      0   1834
   594    666      0   1834
   595    666      0   1834
   596    666      0   1834
   597    666      0   1834
   598    666      0   1834
   599    666      0   1834
   600    666      0   1834
   601    666      0   1834
   602    666      0   1834
   603    666      0   1834
   604    666      0   1834
   605    666      0   1834
   606    666      0   1834
   607    666      0   1834
   608    666      0   1834
   609    666      0   1834
   610    666      0   1834
   611    666      0   1834
   612    666      0   1834
   613    666      0   1834
   614    666      0   1834
   615    666      0   1834
   616    666      0   1834
   617    666      0   1834
   618    666      0   1834
   619    666      0   1834
   620    666      0   1834
   621    666      0   1834
   622    666      0   1834
   623    666      0   1834
   624    666      0   1834
   625    666      0   1834
   626    666      0   1834
   627    666      0   1834
   628    666      0   1834
   629    666      0   1834
   630    666      0   1834
   631    666      0   1834
   632    666      0   1834
   633    666      0   1834
   634    666      0   1834
   635    666      0   1834
   636    666      0   1834
   637    666      0   1834
   638    666      0   1834
   639    666      0   1834
   640    666      0   1834
   641    666      0   1834
   642    666      0   1834
   643    666      0   1834
   644    666      0   1834
   645    666      0   1834
   646    666      0   1834
   647    666      0   1834
   648    666      0   1834
   649    666      0   1834
   650    666      0   1834
   651    666      0   1834
   652    666      0   1834
   653    666      0   1834
   654    666      0   1834
   655    666      0   1834
   656    666      0   1834
   657    666      0   1834
   658    666      0   1834
   659    666      0   1834
   660    666      0   1834
   661    666      0   1834
   662    666      0   1834
   663    666      0   1834
   664    666      0   1834
   665    666      0   1834
   666    666      0   1834
   667    666      0   1834
   668    666      0   1834
   669    666      0   1834
   670    666      0   1834
   671    666      0   1834
   672    666      0   1834
   673    666      0   1834
   674    666      0   1834
   675    666      0   1834
   676    666      0   1834
   677    666      0   1834
   678    666      0   1834
   679    666      0   1834
   680    666      0   1834
   681    666      0   1834
   682    666      0   1834
   683    666      0   1834
   684    666      0   1834
   685    666      0   1834
   686    666      0   1834
   687    666      0   1834
   688    666      0   1834
   689    666      0   1834
   690    666      0   1834
   691    666      0   1834
   692    666      0   1834
   693    666      0   1834
   694    666      0   1834
   695    666      0   1834
   696    666      0   1834
   697    666      0   1834
   698    666      0   1834
   699    666      0   1834
   700    666      0   1834
   701    666      0   1834
   702    666      0   1834
   703    666      0   1834
   704    666      0   1834
   705    666      0   1834
   706    666      0   1834
   707    666      0   1834
   708    666      0   1834
   709    666      0   1834
   710    666      0   1834
   711    666      0   1834
   712    666      0   1834
   713    666      0   1834
   714    666      0   1834
   715    666      0   1834
   716    666      0   1834
   717    666      0   1834
   718    666      0   1834
   719    666      0   1834
   720    666      0   1834
   721    666      0   1834
   722    666      0   1834
   723    666      0   1834
   724    666      0   1834
   725    666      0   1834
   726    666      0   1834
   727    666      0   1834
   728    666      0   1834
   729    666      0   1834
   730    666      0   1834
   731    666      0   1834
   732    666      0   1834
   733    666      0   1834
   734    666      0   1834
   735    666      0   1834
   736    666      0   1834
   737    666      0   1834
   738    666      0   1834
   739    666      0   1834
   740    666      0   1834
   741    666      0   1834
   742    666      0   1834
   743    666      0   1834
   744    666      0   1834
   745    666      0   1834
   746    666      0   1834
   747    666      0   1834
   748    666      0   1834
   749    666      0   1834
   750    666      0   1834
   751    666      0   1834
   752    666      0   1834
   753    666      0   1834
   754    666      0   1834
   755    666      0   1834
   756    666      0   1834
   757    666      0   1834
   758    666      0   1834
   759    666      0   1834
   760    666      0   1834
   761    666      0   1834
   762    666      0   1834
   763    666      0   1834
   764    666      0   1834
   765    666      0   1834
   766    666      0   1834
   767    666      0   1834
   768    666      0   1834
   769    666      0   1834
   770    666      0   1834
   771    666      0   1834
   772    666      0   1834
   773    666      0   1834
   774    666      0   1834
   775    666      0   1834
   776    666      0   1834
   777    666      0   1834
   778    666      0   1834
   779    666      0   1834
   780    666      0   1834
   781    666      0   1834
   782    666      0   1834
   783    666      0   1834
   784    666      0   1834
   785    666      0   1834
   786    666      0   1834
   787    666      0   1834
   788    666      0   1834
   789    666      0   1834
   790    666      0   1834
   791    666      0   1834
   792    666      0   1834
   793    666      0   1834
   794    666      0   1834
   795    666      0   1834
   796    666      0   1834
   797    666      0   1834
   798    666      0   1834
   799    666      0   1834
   800    666      0   1834
   801    666      0   1834
   802    666      0   1834
   803    666      0   1834
   804    666      0   1834
   805    666      0   1834
   806    666      0   1834
   807    666      0   1834
   808    666      0   1834
   809    666      0   1834
   810    666      0   1834
   811    666      0   1834
   812    666      0   1834
   813    666      0   1834
   814    666      0   1834
   815    666      0   1834
   816    666      0   1834
   817    666      0   1834
   818    666      0   1834
   819    666      0   1834
   820    666      0   1834
   821    666      0   1834
   822    666      0   1834
   823    666      0   1834
   824    666      0   1834
   825    666      0   1834
   826    666      0   1834
   827    666      0   1834
   828    666      0   1834
   829    666      0   1834
   830    666      0   1834
   831    666      0   1834
   832    666      0   1834
   833    666      0   1834
   834    666      0   1834
   835    666      0   1834
   836    666      0   1834
   837    666      0   1834
   838    666      0   1834
   839    666      0   1834
   840    666      0   1834
   841    666      0   1834
   842    666      0   1834
   843    666      0   1834
   844    666      0   1834
   845    666      0   1834
   846    666      0   1834
   847    666      0   1834
   848    666      0   1834
   849    666      0   1834
   850    666      0   1834
   851    666      0   1834
   852    666      0   1834
   853    666      0   1834
   854    666      0   1834
   855    666      0   1834
   856    666      0   1834
   857    666      0   1834
   858    666      0   1834
   859    666      0   1834
   860    666      0   1834
   861    666      0   1834
   862    666      0   1834
   863    666      0   1834
   864    666      0   1834
   865    666      0   1834
   866    666      0   1834
   867    666      0   1834
   868    666      0   1834
   869    666      0   1834
   870    666      0   1834
   871    666      0   1834
   872    666      0   1834
   873    666      0   1834
   874    666      0   1834
   875    666      0   1834
   876    666      0   1834
   877    666      0   1834
   878    666      0   1834
   879    666      0   1834
   880    666      0   1834
   881    666      0   1834
   882    666      0   1834
   883    666      0   1834
   884    666      0   1834
   885    666      0   1834
   886    666      0   1834
   887    666      0   1834
   888    666      0   1834
   889    666      0   1834
   890    666      0   1834
   891    666      0   1834
   892    666      0   1834
   893    666      0   1834
   894    666      0   1834
   895    666      0   1834
   896    666      0   1834
   897    666      0   1834
   898    666      0   1834
   899    666      0   1834
   900    666      0   1834
   901    666      0   1834
   902    666      0   1834
   903    666      0   1834
   904    666      0   1834
   905    666      0   1834
   906    666      0   1834
   907    666      0   1834
   908    666      0   1834
   909    666      0   1834
   910    666      0   1834
   911    666      0   1834
   912    666      0   1834
   913    666      0   1834
   914    666      0   1834
   915    666      0   1834
   916    666      0   1834
   917    666      0   1834
   918    666      0   1834
   919    666      0   1834
   920    666      0   1834
   921    666      0   1834
   922    666      0   1834
   923    666      0   1834
   924    666      0   1834
   925    666      0   1834
   926    666      0   1834
   927    666      0   1834
   928    666      0   1834
   929    666      0   1834
   930    666      0   1834
   931    666      0   1834
   932    666      0   1834
   933    666      0   1834
   934    666      0   1834
   935    666      0   1834
   936    666      0   1834
   937    666      0   1834
   938    666      0   1834
   939    666      0   1834
   940    666      0   1834
   941    666      0   1834
   942    666      0   1834
   943    666      0   1834
   944    666      0   1834
   945    666      0   1834
   946    666      0   1834
   947    666      0   1834
   948    666      0   1834
   949    666      0   1834
   950    666      0   1834
   951    666      0   1834
   952    666      0   1834
   953    666      0   1834
   954    666      0   1834
   955    666      0   1834
   956    666      0   1834
   957    666      0   1834
   958    666      0   1834
   959    666      0   1834
   960    666      0   1834
   961    666      0   1834
   962    666      0   1834
   963    666      0   1834
   964    666      0   1834
   965    666      0   1834
   966    666      0   1834
   967    666      0   1834
   968    666      0   1834
   969    666      0   1834
   970    666      0   1834
   971    666      0   1834
   972    666      0   1834
   973    666      0   1834
   974    666      0   1834
   975    666      0   1834
   976    666      0   1834
   977    666      0   1834
   978    666      0   1834
   979    666      0   1834
   980    666      0   1834
   981    666      0   1834
   982    666      0   1834
   983    666      0   1834
   984    666      0   1834
   985    666      0   1834
   986    666      0   1834
   987    666      0   1834
   988    666      0   1834
   989    666      0   1834
   990    666      0   1834
   991    666      0   1834
   992    666      0   1834
   993    666      0   1834
   994    666      0   1834
   995    666      0   1834
   996    666      0   1834
   997    666      0   1834
   998    666      0   1834
   999    666      0   1834
  1000    666      0   1834
