# time (sweeps) | Susceptible | Infected | Recovered
     0   1468    667    365
     1   1461    665    374
     2   1456    657    387
     3   1410    701    389
     4   1404    701    395
     5   1433    694    373
     6   1469    652    379
     7   1449    674    377
     8   1420    716    364
     9   1455    653    392
    10   1445    668    387
    11   1474    657    369
    12   1469    650    381
    13   1462    677    361
    14   1493    644    363
    15   1489    638    373
    16   1437    688    375
    17   1433    678    389
    18   1409    685    406
    19   1370    742    388
    20   1356    743    401
    21   1380    752    368
    22   1403    698    399
    23   1341    764    395
    24   1303    766    431
    25   1309    744    447
    26   1359    712    429
    27   1383    691    426
    28   1436    658    406
    29   1483    636    381
    30   1440    702    358
    31   1416    709    375
    32   1414    682    404
    33   1393    710    397
    34   1461    676    363
    35   1425    670    405
    36   1480    641    379
    37   1419    703    378
    38   1435    701    364
    39   1385    721    394
    40   1376    719    405
    41   1376    725    399
    42   1389    685    426
    43   1417    680    403
    44   1429    666    405
    45   1433    666    401
    46   1484    619    397
    47   1437    668    395
    48   1430    685    385
    49   1441    679    380
    50   1414    699    387
    51   1445    654    401
    52   1418    699    383
    53   1427    692    381
    54   1428    706    366
    55   1428    727    345
    56   1411    695    394
    57   1371    760    369
    58   1372    723    405
    59   1394    707    399
    60   1375    731    394
    61   1406    729    365
    62   1335    751    414
    63   1372    712    416
    64   1395    698    407
    65   1428    687    385
    66   1389    721    390
    67   1423    693    384
    68   1421    670    409
    69   1475    635    390
    70   1450    670    380
    71   1458    648    394
    72   1424    699    377
    73   1429    696    375
    74   1410    725    365
    75   1355    767    378
    76   1402    710    388
    77   1419    667    414
    78   1440    661    399
    79   1425    676    399
    80   1417    696    387
    81   1474    619    407
    82   1455    671    374
    83   1355    751    394
    84   1378    728    394
    85   1397    732    371
    86   1386    726    388
    87   1404    719    377
    88   1425    664    411
    89   1415    703    382
    90   1437    670    393
    91   1466    662    372
    92   1460    639    401
    93   1490    656    354
    94   1494    625    381
    95   1460    690    350
    96   1463    628    409
    97   1438    665    397
    98   1486    630    384
    99   1419    732    349
   100   1393    731    376
   101   1374    747    379
   102   1328    752    420
   103   1387    704    409
   104   1415    699    386
   105   1416    649    435
   106   1508    642    350
   107   1464    666    370
   108   1470    664    366
   109   1428    662    410
   110   1452    662    386
   111   1460    675    365
   112   1466    646    388
   113   1530    616    354
   114   1464    688    348
   115   1449    665    386
   116   1360    743    397
   117   1386    694    420
   118   1379    687    434
   119   1411    701    388
   120   1453    678    369
   121   1431    690    379
   122   1407    697    396
   123   1413    678    409
   124   1472    672    356
   125   1462    691    347
   126   1429    696    375
   127   1405    710    385
   128   1380    729    391
   129   1425    651    424
   130   1422    693    385
   131   1420    672    408
   132   1414    695    391
   133   1381    727    392
   134   1389    704    407
   135   1437    657    406
   136   1425    691    384
   137   1373    722    405
   138   1365    719    416
   139   1389    694    417
   140   1435    654    411
   141   1386    742    372
   142   1422    697    381
   143   1398    712    390
   144   1394    706    400
   145   1427    654    419
   146   1407    683    410
   147   1410    709    381
   148   1423    699    378
   149   1382    732    386
   150   1381    711    408
   151   1428    684    388
   152   1452    669    379
   153   1380    741    379
   154   1401    709    390
   155   1373    722    405
   156   1454    653    393
   157   1457    669    374
   158   1464    653    383
   159   1436    690    374
   160   1399    706    395
   161   1363    753    384
   162   1326    759    415
   163   1330    709    461
   164   1357    721    422
   165   1344    751    405
   166   1378    744    378
   167   1413    687    400
   168   1377    715    408
   169   1394    703    403
   170   1373    703    424
   171   1462    633    405
   172   1480    679    341
   173   1457    684    359
   174   1462    674    364
   175   1449    691    360
   176   1406    720    374
   177   1393    700    407
   178   1426    675    399
   179   1421    712    367
   180   1428    668    404
   181   1369    740    391
   182   1362    728    410
   183   1425    652    423
   184   1402    673    425
   185   1404    703    393
   186   1418    703    379
   187   1414    743    343
   188   1412    729    359
   189   1334    791    375
   190   1330    783    387
   191   1360    739    401
   192   1373    724    403
   193   1369    734    397
   194   1423    698    379
   195   1391    701    408
   196   1392    726    382
   197   1379    735    386
   198   1396    726    378
   199   1394    722    384
   200   1406    730    364
   201   1358    740    402
   202   1324    761    415
   203   1334    733    433
   204   1387    709    404
   205   1388    716    396
   206   1369    755    376
   207   1357    735    408
   208   1345    770    385
   209   1371    742    387
   210   1411    739    350
   211   1353    763    384
   212   1358    700    442
   213   1371    714    415
   214   1448    672    380
   215   1400    699    401
   216   1419    711    370
   217   1391    746    363
   218   1458    681    361
   219   1371    718    411
   220   1417    693    390
   221   1417    701    382
   222   1456    665    379
   223   1479    668    353
   224   1452    678    370
   225   1403    711    386
   226   1393    715    392
   227   1348    751    401
   228   1387    691    422
   229   1382    712    406
   230   1401    703    396
   231   1380    716    404
   232   1394    709    397
   233   1436    685    379
   234   1447    681    372
   235   1400    717    383
   236   1435    677    388
   237   1438    689    373
   238   1477    656    367
   239   1447    681    372
   240   1425    706    369
   241   1428    693    379
   242   1426    683    391
   243   1417    678    405
   244   1471    688    341
   245   1432    711    357
   246   1415    688    397
   247   1447    702    351
   248   1405    717    378
   249   1389    693    418
   250   1414    674    412
   251   1450    645    405
   252   1411    700    389
   253   1441    663    396
   254   1451    645    404
   255   1505    627    368
   256   1456    675    369
   257   1448    676    376
   258   1404    691    405
   259   1474    646    380
   260   1431    668    401
   261   1426    698    376
   262   1448    689    363
   263   1416    706    378
   264   1391    717    392
   265   1414    708    378
   266   1423    697    380
   267   1397    725    378
   268   1373    729    398
   269   1392    725    383
   270   1377    723    400
   271   1406    676    418
   272   1471    652    377
   273   1482    631    387
   274   1501    652    347
   275   1490    666    344
   276   1441    685    374
   277   1469    686    345
   278   1421    725    354
   279   1339    756    405
   280   1381    705    414
   281   1428    675    397
   282   1459    656    385
   283   1454    658    388
   284   1405    692    403
   285   1453    677    370
   286   1426    703    371
   287   1391    745    364
   288   1417    713    370
   289   1413    690    397
   290   1407    686    407
   291   1420    694    386
   292   1428    694    378
   293   1443    664    393
   294   1452    683    365
   295   1444    665    391
   296   1442    688    370
   297   1402    731    367
   298   1412    695    393
   299   1432    673    395
   300   1454    686    360
   301   1382    730    388
   302   1391    696    413
   303   1396    682    422
   304   1420    684    396
   305   1435    671    394
   306   1422    677    401
   307   1436    703    361
   308   1383    736    381
   309   1397    719    384
   310   1384    705    411
   311   1405    706    389
   312   1425    686    389
   313   1435    647    418
   314   1459    667    374
   315   1430    703    367
   316   1376    751    373
   317   1373    703    424
   318   1379    719    402
   319   1406    708    386
   320   1400    725    375
   321   1369    753    378
   322   1391    733    376
   323   1353    748    399
   324   1328    725    447
   325   1402    667    431
   326   1492    614    394
   327   1438    671    391
   328   1473    645    382
   329   1505    645    350
   330   1444    687    369
   331   1398    708    394
   332   1439    665    396
   333   1497    645    358
   334   1475    635    390
   335   1475    679    346
   336   1457    692    351
   337   1494    642    364
   338   1458    678    364
   339   1391    708    401
   340   1412    691    397
   341   1408    692    400
   342   1376    717    407
   343   1388    705    407
   344   1394    687    419
   345   1395    717    388
   346   1357    725    418
   347   1426    680    394
   348   1436    678    386
   349   1463    682    355
   350   1439    691    370
   351   1421    674    405
   352   1442    680    378
   353   1460    684    356
   354   1455    684    361
   355   1422    733    345
   356   1351    777    372
   357   1364    741    395
   358   1379    721    400
   359   1342    749    409
   360   1418    692    390
   361   1393    732    375
   362   1346    756    398
   363   1357    753    390
   364   1398    685    417
   365   1374    703    423
   366   1385    703    412
   367   1415    675    410
   368   1440    659    401
   369   1474    644    382
   370   1422    701    377
   371   1482    625    393
   372   1426    690    384
   373   1431    693    376
   374   1428    710    362
   375   1414    692    394
   376   1408    703    389
   377   1363    723    414
   378   1368    740    392
   379   1340    759    401
   380   1331    745    424
   381   1382    729    389
   382   1359    711    430
   383   1390    668    442
   384   1451    636    413
   385   1408    712    380
   386   1376    762    362
   387   1385    735    380
   388   1330    774    396
   389   1402    716    382
   390   1353    738    409
   391   1420    694    386
   392   1373    749    378
   393   1402    739    359
   394   1384    734    382
   395   1373    736    391
   396   1425    665    410
   397   1395    713    392
   398   1401    726    373
   399   1402    696    402
   400   1389    713    398
   401   1352    778    370
   402   1354    771    375
   403   1376    732    392
   404   1349    737    414
   405   1366    725    409
   406   1390    702    408
   407   1403    692    405
   408   1372    726    402
   409   1364    734    402
   410   1394    708    398
   411   1448    664    388
   412   1394    706    400
   413   1400    716    384
   414   1335    756    409
   415   1394    752    354
   416   1436    705    359
   417   1349    769    382
   418   1342    740    418
   419   1389    685    426
   420   1427    678    395
   421   1440    668    392
   422   1438    668    394
   423   1431    693    376
   424   1472    658    370
   425   1461    655    384
   426   1495    635    370
   427   1530    611    359
   428   1485    636    379
   429   1468    644    388
   430   1476    657    367
   431   1426    688    386
   432   1438    688    374
   433   1488    651    361
   434   1433    709    358
   435   1304    780    416
   436   1322    739    439
   437   1418    682    400
   438   1418    718    364
   439   1375    749    376
   440   1383    715    402
   441   1359    744    397
   442   1396    695    409
   443   1448    641    411
   444   1471    657    372
   445   1459    675    366
   446   1471    689    340
   447   1425    732    343
   448   1423    697    380
   449   1406    726    368
   450   1375    725    400
   451   1385    718    397
   452   1346    752    402
   453   1341    728    431
   454   1364    705    431
   455   1352    743    405
   456   1373    691    436
   457   1434    659    407
   458   1437    664    399
   459   1440    674    386
   460   1418    700    382
   461   1424    709    367
   462   1436    679    385
   463   1422    710    368
   464   1387    731    382
   465   1396    710    394
   466   1392    712    396
   467   1372    698    430
   468   1406    693    401
   469   1417    679    404
   470   1424    689    387
   471   1371    721    408
   472   1343    728    429
   473   1385    698    417
   474   1369    706    425
   475   1430    684    386
   476   1495    664    341
   477   1402    724    374
   478   1414    700    386
   479   1409    680    411
   480   1406    707    387
   481   1352    735    413
   482   1366    700    434
   483   1369    733    398
   484   1380    703    417
   485   1387    696    417
   486   1405    703    392
   487   1397    708    395
   488   1387    726    387
   489   1391    713    396
   490   1438    680    382
   491   1398    702    400
   492   1418    723    359
   493   1381    717    402
   494   1401    711    388
   495   1421    717    362
   496   1442    665    393
   497   1494    618    388
   498   1489    641    370
   499   1486    653    361
   500   1488    654    358
   501   1486    646    368
   502   1478    649    373
   503   1443    665    392
   504   1447    678    375
   505   1458    665    377
   506   1437    686    377
   507   1364    761    375
   508   1282    819    399
   509   1326    744    430
   510   1368    741    391
   511   1359    732    409
   512   1389    743    368
   513   1382    718    400
   514   1366    741    393
   515   1365    744    391
   516   1384    722    394
   517   1397    707    396
   518   1342    746    412
   519   1391    694    415
   520   1398    680    422
   521   1401    666    433
   522   1427    671    402
   523   1392    728    380
   524   1402    721    377
   525   1388    735    377
   526   1353    754    393
   527   1327    750    423
   528   1367    711    422
   529   1394    692    414
   530   1375    722    403
   531   1345    736    419
   532   1371    729    400
   533   1364    731    405
   534   1415    695    390
   535   1443    657    400
   536   1465    648    387
   537   1487    657    356
   538   1480    652    368
   539   1457    675    368
   540   1448    690    362
   541   1477    647    376
   542   1458    649    393
   543   1401    703    396
   544   1394    727    379
   545   1391    735    374
   546   1397    705    398
   547   1456    655    389
   548   1441    675    384
   549   1395    715    390
   550   1403    690    407
   551   1350    763    387
   552   1355    731    414
   553   1405    684    411
   554   1449    665    386
   555   1432    694    374
   556   1401    696    403
   557   1411    694    395
   558   1432    652    416
   559   1465    653    382
   560   1477    651    372
   561   1444    671    385
   562   1419    707    374
   563   1390    701    409
   564   1406    717    377
   565   1345    755    400
   566   1321    759    420
   567   1321    780    399
   568   1342    754    404
   569   1390    721    389
   570   1396    722    382
   571   1354    766    380
   572   1383    704    413
   573   1368    699    433
   574   1399    703    398
   575   1375    732    393
   576   1380    709    411
   577   1406    713    381
   578   1426    691    383
   579   1417    709    374
   580   1392    697    411
   581   1442    641    417
   582   1440    685    375
   583   1467    648    385
   584   1422    689    389
   585   1476    671    353
   586   1484    658    358
   587   1416    724    360
   588   1409    700    391
   589   1431    675    394
   590   1416    734    350
   591   1385    736    379
   592   1380    711    409
   593   1402    687    411
   594   1411    707    382
   595   1354    741    405
   596   1347    760    393
   597   1383    710    407
   598   1382    723    395
   599   1386    706    408
   600   1375    739    386
   601   1361    744    395
   602   1386    737    377
   603   1356    728    416
   604   1385    705    410
   605   1418    687    395
   606   1399    750    351
   607   1376    731    393
   608   1415    682    403
   609   1466    644    390
   610   1487    649    364
   611   1473    636    391
   612   1460    677    363
   613   1435    692    373
   614   1476    653    371
   615   1490    630    380
   616   1515    645    340
   617   1496    660    344
   618   1426    717    357
   619   1407    707    386
   620   1404    692    404
   621   1431    679    390
   622   1413    705    382
   623   1398    716    386
   624   1377    712    411
   625   1400    682    418
   626   1415    704    381
   627   1403    716    381
   628   1372    746    382
   629   1349    756    395
   630   1394    675    431
   631   1417    691    392
   632   1407    701    392
   633   1356    718    426
   634   1360    717    423
   635   1386    681    433
   636   1443    671    386
   637   1430    684    386
   638   1419    671    410
   639   1436    668    396
   640   1476    654    370
   641   1405    714    381
   642   1397    741    362
   643   1381    717    402
   644   1441    696    363
   645   1430    716    354
   646   1387    746    367
   647   1359    745    396
   648   1345    748    407
   649   1386    698    416
   650   1348    763    389
   651   1359    748    393
   652   1421    721    358
   653   1400    732    368
   654   1355    769    376
   655   1352    759    389
   656   1349    734    417
   657   1306    778    416
   658   1382    708    410
   659   1409    675    416
   660   1407    706    387
   661   1373    746    381
   662   1308    741    451
   663   1382    705    413
   664   1445    687    368
   665   1388    711    401
   666   1405    705    390
   667   1405    705    390
   668   1383    703    414
   669   1421    671    408
   670   1457    645    398
   671   1521    611    368
   672   1486    655    359
   673   1467    684    349
   674   1402    717    381
   675   1429    651    420
   676   1464    672    364
   677   1435    698    367
   678   1441    671    388
   679   1473    623    404
   680   1477    637    386
   681   1484    643    373
   682   1459    693    348
   683   1445    677    378
   684   1419    684    397
   685   1455    678    367
   686   1411    704    385
   687   1409    704    387
   688   1435    694    371
   689   1400    706    394
   690   1378    717    405
   691   1415    708    377
   692   1447    661    392
   693   1417    711    372
   694   1440    664    396
   695   1434    640    426
   696   1416    692    392
   697   1365    754    381
   698   1373    712    415
   699   1393    702    405
   700   1376    713    411
   701   1389    707    404
   702   1423    685    392
   703   1399    741    360
   704   1351    760    389
   705   1343    705    452
   706   1355    722    423
   707   1366    732    402
   708   1420    719    361
   709   1373    733    394
   710   1367    706    427
   711   1427    682    391
   712   1418    684    398
   713   1444    677    379
   714   1459    682    359
   715   1425    696    379
   716   1439    662    399
   717   1455    689    356
   718   1414    685    401
   719   1453    657    390
   720   1449    667    384
   721   1407    699    394
   722   1419    715    366
   723   1385    740    375
   724   1341    734    425
   725   1382    698    420
   726   1417    702    381
   727   1438    683    379
   728   1428    702    370
   729   1411    716    373
   730   1425    663    412
   731   1420    689    391
   732   1444    679    377
   733   1344    747    409
   734   1378    703    419
   735   1428    658    414
   736   1452    687    361
   737   1390    703    407
   738   1383    730    387
   739   1390    716    394
   740   1377    710    413
   741   1395    717    388
   742   1380    715    405
   743   1399    704    397
   744   1375    747    378
   745   1336    750    414
   746   1346    733    421
   747   1431    681    388
   748   1388    723    389
   749   1366    728    406
   750   1473    621    406
   751   1447    639    414
   752   1415    704    381
   753   1396    711    393
   754   1363    748    389
   755   1314    791    395
   756   1386    695    419
   757   1382    721    397
   758   1356    750    394
   759   1320    760    420
   760   1378    724    398
   761   1379    739    382
   762   1398    714    388
   763   1380    709    411
   764   1391    723    386
   765   1361    747    392
   766   1436    659    405
   767   1449    641    410
   768   1414    718    368
   769   1368    733    399
   770   1429    701    370
   771   1372    760    368
   772   1366    732    402
   773   1382    703    415
   774   1437    693    370
   775   1414    681    405
   776   1401    702    397
   777   1402    683    415
   778   1434    675    391
   779   1448    680    372
   780   1454    693    353
   781   1386    742    372
   782   1407    706    387
   783   1477    650    373
   784   1398    729    373
   785   1423    680    397
   786   1391    700    409
   787   1433    678    389
   788   1416    699    385
   789   1440    690    370
   790   1418    696    386
   791   1413    704    383
   792   1399    740    361
   793   1392    719    389
   794   1384    736    380
   795   1370    729    401
   796   1447    649    404
   797   1455    658    387
   798   1430    684    386
   799   1378    732    390
   800   1393    735    372
   801   1419    691    390
   802   1379    719    402
   803   1410    661    429
   804   1464    662    374
   805   1482    651    367
   806   1454    671    375
   807   1467    651    382
   808   1443    710    347
   809   1435    692    373
   810   1460    691    349
   811   1471    645    384
   812   1452    662    386
   813   1466    671    363
   814   1428    695    377
   815   1379    729    392
   816   1371    717    412
   817   1354    757    389
   818   1384    713    403
   819   1379    702    419
   820   1443    655    402
   821   1460    643    397
   822   1428    686    386
   823   1458    688    354
   824   1420    701    379
   825   1423    707    370
   826   1436    684    380
   827   1433    684    383
   828   1473    643    384
   829   1436    690    374
   830   1386    711    403
   831   1425    680    395
   832   1409    680    411
   833   1435    694    371
   834   1430    692    378
   835   1438    684    378
   836   1400    712    388
   837   1409    676    415
   838   1436    682    382
   839   1411    706    383
   840   1395    732    373
   841   1411    701    388
   842   1415    678    407
   843   1364    736    400
   844   1443    659    398
   845   1432    683    385
   846   1481    663    356
   847   1478    691    331
   848   1432    688    380
   849   1405    728    367
   850   1403    726    371
   851   1405    695    400
   852   1386    720    394
   853   1371    722    407
   854   1339    747    414
   855   1320    750    430
   856   1384    708    408
   857   1406    690    404
   858   1397    701    402
   859   1433    689    378
   860   1438    702    360
   861   1427    704    369
   862   1429    714    357
   863   1425    698    377
   864   1401    729    370
   865   1438    680    382
   866   1450    661    389
   867   1466    656    378
   868   1472    649    379
   869   1440    692    368
   870   1460    669    371
   871   1447    664    389
   872   1415    699    386
   873   1404    699    397
   874   1389    707    404
   875   1375    709    416
   876   1383    711    406
   877   1430    672    398
   878   1407    688    405
   879   1443    682    375
   880   1477    639    384
   881   1431    683    386
   882   1462    654    384
   883   1426    677    397
   884   1470    627    403
   885   1480    632    388
   886   1469    637    394
   887   1449    685    366
   888   1413    683    404
   889   1400    723    377
   890   1347    762    391
   891   1392    729    379
   892   1395    694    411
   893   1421    685    394
   894   1403    704    393
   895   1423    699    378
   896   1391    696    413
   897   1404    698    398
   898   1411    653    436
   899   1469    637    394
   900   1450    658    392
   901   1443    686    371
   902   1416    714    370
   903   1389    723    388
   904   1388    689    423
   905   1406    702    392
   906   1416    713    371
   907   1375    750    375
   908   1413    683    404
   909   1464    650    386
   910   1451    674    375
   911   1413    706    381
   912   1412    692    396
   913   1395    711    394
   914   1393    709    398
   915   1429    684    387
   916   1388    716    396
   917   1390    721    389
   918   1396    684    420
   919   1418    686    396
   920   1430    686    384
   921   1431    680    389
   922   1460    655    385
   923   1464    651    385
   924   1423    689    388
   925   1418    694    388
   926   1416    665    419
   927   1408    695    397
   928   1455    642    403
   929   1504    635    361
   930   1453    666    381
   931   1421    682    397
   932   1395    723    382
   933   1416    704    380
   934   1441    694    365
   935   1359    763    378
   936   1388    695    417
   937   1407    679    414
   938   1393    718    389
   939   1361    728    411
   940   1432    689    379
   941   1402    745    353
   942   1410    699    391
   943   1388    713    399
   944   1429    680    391
   945   1392    685    423
   946   1422    655    423
   947   1461    671    368
   948   1442    691    367
   949   1397    733    370
   950   1421    693    386
   951   1413    680    407
   952   1442    674    384
   953   1429    688    383
   954   1452    654    394
   955   1485    624    391
   956   1521    610    369
   957   1526    627    347
   958   1461    703    336
   959   1398    736    366
   960   1416    725    359
   961   1438    692    370
   962   1439    660    401
   963   1430    684    386
   964   1450    684    366
   965   1439    727    334
   966   1364    772    364
   967   1381    707    412
   968   1382    746    372
   969   1366    737    397
   970   1357    751    392
   971   1342    760    398
   972   1370    715    415
   973   1396    718    386
   974   1375    726    399
   975   1430    665    405
   976   1426    695    379
   977   1442    675    383
   978   1416    694    390
   979   1385    721    394
   980   1399    707    394
   981   1369    734    397
   982   1430    687    383
   983   1465    688    347
   984   1453    702    345
   985   1407    711    382
   986   1365    751    384
   987   1394    698    408
   988   1390    713    397
   989   1428    691    381
   990   1434    684    382
   991   1435    704    361
   992   1419    694    387
   993   1437    675    388
   994   1416    690    394
   995   1433    636    431
   996   1457    645    398
   997   1460    655    385
   998   1418    707    375
   999   1384    733    383
  1000   1399    692    409
