# time (sweeps) | Susceptible | Infected | Recovered
     0   1397    221    882
     1   1348    250    902
     2   1307    259    934
     3   1265    266    969
     4   1247    244   1009
     5   1210    244   1046
     6   1175    247   1078
     7   1172    243   1085
     8   1157    233   1110
     9   1086    285   1129
    10   1057    291   1152
    11   1004    306   1190
    12    952    325   1223
    13    949    286   1265
    14    930    272   1298
    15    946    263   1291
    16    985    232   1283
    17   1009    219   1272
    18   1049    212   1239
    19   1090    200   1210
    20   1104    210   1186
    21   1130    208   1162
    22   1149    198   1153
    23   1154    202   1144
    24   1170    198   1132
    25   1091    251   1158
    26   1079    245   1176
    27   1060    269   1171
    28   1077    244   1179
    29   1110    206   1184
    30   1139    199   1162
    31   1156    202   1142
    32   1180    199   1121
    33   1186    217   1097
    34   1193    218   1089
    35   1213    217   1070
    36   1180    256   1064
    37   1150    264   1086
    38   1132    252   1116
    39   1130    226   1144
    40   1135    231   1134
    41   1128    254   1118
    42   1105    267   1128
    43   1089    255   1156
    44   1086    265   1149
    45   1071    266   1163
    46   1061    243   1196
    47   1053    245   1202
    48   1071    237   1192
    49   1089    222   1189
    50   1135    219   1146
    51   1134    207   1159
    52   1140    220   1140
    53   1127    243   1130
    54   1147    248   1105
    55   1153    211   1136
    56   1154    202   1144
    57   1161    222   1117
    58   1145    235   1120
    59   1174    221   1105
    60   1191    178   1131
    61   1206    191   1103
    62   1195    221   1084
    63   1170    236   1094
    64   1137    257   1106
    65   1139    233   1128
    66   1137    239   1124
    67   1166    201   1133
    68   1188    189   1123
    69   1223    189   1088
    70   1243    201   1056
    71   1261    191   1048
    72   1252    198   1050
    73   1269    194   1037
    74   1269    196   1035
    75   1262    216   1022
    76   1234    212   1054
    77   1265    186   1049
    78   1272    176   1052
    79   1285    190   1025
    80   1280    202   1018
    81   1231    236   1033
    82   1179    250   1071
    83   1157    254   1089
    84   1141    249   1110
    85   1131    256   1113
    86   1123    270   1107
    87   1124    268   1108
    88   1109    274   1117
    89   1083    264   1153
    90   1057    262   1181
    91   1036    266   1198
    92   1009    261   1230
    93    998    278   1224
    94    982    273   1245
    95    984    278   1238
    96    971    259   1270
    97    958    279   1263
    98    994    237   1269
    99    994    219   1287
   100   1038    208   1254
   101   1061    224   1215
   102   1068    239   1193
   103   1058    218   1224
   104   1051    236   1213
   105   1027    244   1229
   106   1049    229   1222
   107   1065    230   1205
   108   1083    217   1200
   109   1104    202   1194
   110   1124    188   1188
   111   1154    173   1173
   112   1203    172   1125
   113   1235    172   1093
   114   1233    171   1096
   115   1226    191   1083
   116   1255    184   1061
   117   1260    195   1045
   118   1220    225   1055
   119   1233    206   1061
   120   1219    207   1074
   121   1240    206   1054
   122   1244    201   1055
   123   1235    199   1066
   124   1241    192   1067
   125   1242    220   1038
   126   1238    231   1031
   127   1235    226   1039
   128   1212    238   1050
   129   1141    281   1078
   130   1105    283   1112
   131   1068    268   1164
   132   1070    239   1191
   133   1078    239   1183
   134   1092    227   1181
   135   1071    230   1199
   136   1081    213   1206
   137   1111    205   1184
   138   1128    195   1177
   139   1165    180   1155
   140   1210    195   1095
   141   1192    226   1082
   142   1195    225   1080
   143   1186    217   1097
   144   1162    248   1090
   145   1141    240   1119
   146   1112    268   1120
   147   1069    265   1166
   148   1037    292   1171
   149    985    306   1209
   150    989    265   1246
   151    986    261   1253
   152   1004    248   1248
   153   1021    219   1260
   154   1051    220   1229
   155   1060    215   1225
   156   1090    223   1187
   157   1072    257   1171
   158   1080    249   1171
   159   1041    233   1226
   160   1070    226   1204
   161   1078    221   1201
   162   1105    221   1174
   163   1111    212   1177
   164   1118    221   1161
   165   1116    222   1162
   166   1111    235   1154
   167   1113    223   1164
   168   1110    218   1172
   169   1112    201   1187
   170   1160    188   1152
   171   1183    185   1132
   172   1184    193   1123
   173   1218    174   1108
   174   1237    156   1107
   175   1282    147   1071
   176   1331    130   1039
   177   1382    126    992
   178   1390    151    959
   179   1425    153    922
   180   1445    124    931
   181   1434    156    910
   182   1452    156    892
   183   1433    172    895
   184   1438    194    868
   185   1419    215    866
   186   1417    209    874
   187   1386    215    899
   188   1361    217    922
   189   1337    209    954
   190   1322    220    958
   191   1287    239    974
   192   1222    288    990
   193   1133    310   1057
   194   1062    341   1097
   195   1008    341   1151
   196    990    310   1200
   197    959    307   1234
   198    945    304   1251
   199    945    293   1262
   200    944    275   1281
   201    963    247   1290
   202    976    236   1288
   203   1007    224   1269
   204   1035    216   1249
   205   1053    211   1236
   206   1092    187   1221
   207   1140    177   1183
   208   1147    191   1162
   209   1161    195   1144
   210   1182    204   1114
   211   1169    249   1082
   212   1141    257   1102
   213   1112    277   1111
   214   1095    276   1129
   215   1093    284   1123
   216   1031    302   1167
   217   1010    267   1223
   218   1047    250   1203
   219   1017    252   1231
   220   1017    243   1240
   221    990    260   1250
   222    993    234   1273
   223    995    229   1276
   224    969    243   1288
   225    994    236   1270
   226   1010    216   1274
   227   1054    205   1241
   228   1100    188   1212
   229   1143    161   1196
   230   1197    153   1150
   231   1241    134   1125
   232   1284    138   1078
   233   1308    147   1045
   234   1330    145   1025
   235   1322    150   1028
   236   1340    159   1001
   237   1347    152   1001
   238   1363    157    980
   239   1369    168    963
   240   1361    189    950
   241   1344    191    965
   242   1331    199    970
   243   1317    202    981
   244   1304    204    992
   245   1276    221   1003
   246   1250    248   1002
   247   1187    282   1031
   248   1149    291   1060
   249   1101    312   1087
   250   1036    329   1135
   251   1007    321   1172
   252    966    322   1212
   253    954    311   1235
   254    952    294   1254
   255    968    265   1267
   256    972    229   1299
   257   1000    215   1285
   258   1025    214   1261
   259   1023    203   1274
   260   1020    206   1274
   261   1045    203   1252
   262   1061    203   1236
   263   1109    186   1205
   264   1129    188   1183
   265   1157    170   1173
   266   1183    183   1134
   267   1198    187   1115
   268   1212    204   1084
   269   1263    199   1038
   270   1284    200   1016
   271   1286    208   1006
   272   1284    211   1005
   273   1308    203    989
   274   1293    226    981
   275   1253    226   1021
   276   1234    234   1032
   277   1223    226   1051
   278   1205    238   1057
   279   1187    254   1059
   280   1141    278   1081
   281   1107    285   1108
   282   1073    273   1154
   283   1039    261   1200
   284   1033    238   1229
   285   1043    219   1238
   286   1058    218   1224
   287   1054    231   1215
   288   1072    227   1201
   289   1088    225   1187
   290   1098    210   1192
   291   1131    189   1180
   292   1147    203   1150
   293   1132    222   1146
   294   1133    230   1137
   295   1119    217   1164
   296   1135    209   1156
   297   1155    206   1139
   298   1179    173   1148
   299   1206    170   1124
   300   1235    165   1100
   301   1263    151   1086
   302   1270    163   1067
   303   1310    160   1030
   304   1324    160   1016
   305   1343    158    999
   306   1357    148    995
   307   1362    151    987
   308   1351    198    951
   309   1288    260    952
   310   1261    300    939
   311   1206    307    987
   312   1147    296   1057
   313   1083    323   1094
   314   1029    321   1150
   315    987    318   1195
   316    960    312   1228
   317    930    326   1244
   318    917    296   1287
   319    944    252   1304
   320    981    241   1278
   321   1004    246   1250
   322   1023    254   1223
   323   1005    254   1241
   324   1024    231   1245
   325   1059    224   1217
   326   1060    225   1215
   327   1103    217   1180
   328   1125    212   1163
   329   1165    193   1142
   330   1174    196   1130
   331   1179    198   1123
   332   1187    192   1121
   333   1203    189   1108
   334   1169    214   1117
   335   1176    202   1122
   336   1185    208   1107
   337   1206    216   1078
   338   1225    221   1054
   339   1206    237   1057
   340   1183    252   1065
   341   1156    278   1066
   342   1117    273   1110
   343   1090    269   1141
   344   1067    265   1168
   345   1024    272   1204
   346   1004    265   1231
   347   1014    249   1237
   348   1028    235   1237
   349   1048    215   1237
   350   1057    213   1230
   351   1051    237   1212
   352   1072    217   1211
   353   1085    220   1195
   354   1124    207   1169
   355   1146    193   1161
   356   1160    186   1154
   357   1185    159   1156
   358   1233    157   1110
   359   1231    168   1101
   360   1233    184   1083
   361   1260    199   1041
   362   1294    182   1024
   363   1300    204    996
   364   1259    235   1006
   365   1209    252   1039
   366   1180    237   1083
   367   1148    254   1098
   368   1131    258   1111
   369   1130    267   1103
   370   1112    267   1121
   371   1116    239   1145
   372   1107    249   1144
   373   1097    244   1159
   374   1097    239   1164
   375   1055    266   1179
   376   1042    256   1202
   377   1025    258   1217
   378   1041    235   1224
   379   1060    208   1232
   380   1079    214   1207
   381   1091    223   1186
   382   1121    213   1166
   383   1147    192   1161
   384   1150    215   1135
   385   1155    212   1133
   386   1137    211   1152
   387   1153    209   1138
   388   1177    191   1132
   389   1223    176   1101
   390   1277    161   1062
   391   1323    144   1033
   392   1372    136    992
   393   1397    127    976
   394   1427    130    943
   395   1447    133    920
   396   1454    157    889
   397   1455    165    880
   398   1438    190    872
   399   1410    225    865
   400   1355    257    888
   401   1309    258    933
   402   1274    275    951
   403   1238    285    977
   404   1219    278   1003
   405   1197    264   1039
   406   1192    239   1069
   407   1196    225   1079
   408   1218    228   1054
   409   1201    221   1078
   410   1197    210   1093
   411   1204    202   1094
   412   1235    199   1066
   413   1239    204   1057
   414   1223    236   1041
   415   1211    250   1039
   416   1204    267   1029
   417   1141    287   1072
   418   1103    294   1103
   419   1073    286   1141
   420   1035    305   1160
   421    999    288   1213
   422    959    327   1214
   423    938    321   1241
   424    944    290   1266
   425    953    257   1290
   426    958    249   1293
   427    976    243   1281
   428    988    228   1284
   429   1024    225   1251
   430   1030    214   1256
   431   1045    205   1250
   432   1083    175   1242
   433   1148    168   1184
   434   1156    182   1162
   435   1188    189   1123
   436   1183    199   1118
   437   1252    164   1084
   438   1280    160   1060
   439   1293    168   1039
   440   1310    167   1023
   441   1300    206    994
   442   1262    226   1012
   443   1216    259   1025
   444   1179    240   1081
   445   1142    240   1118
   446   1124    233   1143
   447   1132    222   1146
   448   1127    221   1152
   449   1106    220   1174
   450   1083    223   1194
   451   1053    240   1207
   452   1028    241   1231
   453   1077    209   1214
   454   1133    172   1195
   455   1151    169   1180
   456   1207    137   1156
   457   1260    141   1099
   458   1292    163   1045
   459   1326    152   1022
   460   1348    144   1008
   461   1357    165    978
   462   1351    173    976
   463   1327    195    978
   464   1329    214    957
   465   1314    206    980
   466   1328    210    962
   467   1332    221    947
   468   1298    240    962
   469   1297    229    974
   470   1262    254    984
   471   1250    235   1015
   472   1260    218   1022
   473   1288    211   1001
   474   1262    214   1024
   475   1256    218   1026
   476   1211    251   1038
   477   1168    277   1055
   478   1116    289   1095
   479   1063    300   1137
   480   1004    343   1153
   481    968    310   1222
   482    948    290   1262
   483    970    273   1257
   484    985    239   1276
   485   1013    221   1266
   486   1052    202   1246
   487   1072    228   1200
   488   1085    233   1182
   489   1094    230   1176
   490   1062    233   1205
   491   1091    219   1190
   492   1097    207   1196
   493   1110    214   1176
   494   1120    221   1159
   495   1125    236   1139
   496   1112    242   1146
   497   1084    256   1160
   498   1092    256   1152
   499   1081    259   1160
   500   1063    289   1148
   501   1047    298   1155
   502   1058    238   1204
   503   1057    250   1193
   504   1078    255   1167
   505   1072    242   1186
   506   1083    228   1189
   507   1104    205   1191
   508   1123    194   1183
   509   1147    209   1144
   510   1159    189   1152
   511   1155    202   1143
   512   1152    205   1143
   513   1179    179   1142
   514   1194    190   1116
   515   1218    196   1086
   516   1236    210   1054
   517   1236    190   1074
   518   1228    221   1051
   519   1217    210   1073
   520   1227    210   1063
   521   1236    213   1051
   522   1210    229   1061
   523   1181    248   1071
   524   1191    228   1081
   525   1182    224   1094
   526   1177    216   1107
   527   1170    217   1113
   528   1188    196   1116
   529   1191    198   1111
   530   1163    238   1099
   531   1157    233   1110
   532   1150    239   1111
   533   1131    231   1138
   534   1132    228   1140
   535   1140    218   1142
   536   1144    221   1135
   537   1144    249   1107
   538   1143    249   1108
   539   1141    234   1125
   540   1135    255   1110
   541   1107    240   1153
   542   1123    234   1143
   543   1090    253   1157
   544   1108    246   1146
   545   1100    244   1156
   546   1090    259   1151
   547   1093    233   1174
   548   1089    259   1152
   549   1084    283   1133
   550   1062    294   1144
   551   1039    292   1169
   552   1012    289   1199
   553   1025    258   1217
   554   1013    253   1234
   555   1040    235   1225
   556   1044    243   1213
   557   1073    238   1189
   558   1076    237   1187
   559   1094    233   1173
   560   1097    239   1164
   561   1069    247   1184
   562   1062    240   1198
   563   1062    265   1173
   564   1071    256   1173
   565   1083    241   1176
   566   1067    256   1177
   567   1039    285   1176
   568    998    276   1226
   569   1013    254   1233
   570   1036    253   1211
   571   1068    235   1197
   572   1118    226   1156
   573   1135    209   1156
   574   1138    207   1155
   575   1175    208   1117
   576   1184    186   1130
   577   1181    190   1129
   578   1198    202   1100
   579   1175    223   1102
   580   1129    241   1130
   581   1102    249   1149
   582   1090    222   1188
   583   1140    198   1162
   584   1139    224   1137
   585   1142    214   1144
   586   1144    227   1129
   587   1148    212   1140
   588   1135    206   1159
   589   1170    202   1128
   590   1184    187   1129
   591   1213    170   1117
   592   1232    183   1085
   593   1226    197   1077
   594   1225    187   1088
   595   1224    176   1100
   596   1260    169   1071
   597   1295    174   1031
   598   1303    205    992
   599   1282    222    996
   600   1246    245   1009
   601   1214    259   1027
   602   1162    268   1070
   603   1102    283   1115
   604   1087    276   1137
   605   1087    247   1166
   606   1058    269   1173
   607   1050    237   1213
   608   1089    232   1179
   609   1084    244   1172
   610   1071    235   1194
   611   1053    259   1188
   612   1042    248   1210
   613   1007    289   1204
   614    969    286   1245
   615    937    289   1274
   616    933    282   1285
   617    947    273   1280
   618    958    245   1297
   619    977    230   1293
   620   1037    194   1269
   621   1068    201   1231
   622   1114    191   1195
   623   1137    178   1185
   624   1181    183   1136
   625   1200    181   1119
   626   1223    166   1111
   627   1229    174   1097
   628   1259    177   1064
   629   1278    163   1059
   630   1284    176   1040
   631   1308    159   1033
   632   1325    149   1026
   633   1344    157    999
   634   1377    131    992
   635   1431    107    962
   636   1483    110    907
   637   1480    127    893
   638   1476    134    890
   639   1484    144    872
   640   1488    173    839
   641   1453    206    841
   642   1417    233    850
   643   1389    240    871
   644   1352    249    899
   645   1326    245    929
   646   1262    272    966
   647   1223    280    997
   648   1188    276   1036
   649   1159    266   1075
   650   1130    274   1096
   651   1082    272   1146
   652   1069    261   1170
   653   1117    233   1150
   654   1133    209   1158
   655   1172    193   1135
   656   1175    222   1103
   657   1144    236   1120
   658   1126    244   1130
   659   1123    238   1139
   660   1104    232   1164
   661   1082    240   1178
   662   1086    253   1161
   663   1111    241   1148
   664   1124    208   1168
   665   1139    221   1140
   666   1155    222   1123
   667   1184    198   1118
   668   1182    215   1103
   669   1192    213   1095
   670   1188    236   1076
   671   1153    239   1108
   672   1116    253   1131
   673   1080    242   1178
   674   1075    261   1164
   675   1022    294   1184
   676   1034    253   1213
   677   1038    261   1201
   678   1068    228   1204
   679   1071    244   1185
   680   1068    225   1207
   681   1086    215   1199
   682   1107    201   1192
   683   1107    187   1206
   684   1128    194   1178
   685   1157    195   1148
   686   1183    175   1142
   687   1191    167   1142
   688   1227    160   1113
   689   1269    170   1061
   690   1314    167   1019
   691   1333    189    978
   692   1335    179    986
   693   1333    192    975
   694   1335    196    969
   695   1322    210    968
   696   1296    213    991
   697   1274    213   1013
   698   1265    229   1006
   699   1214    245   1041
   700   1188    256   1056
   701   1113    298   1089
   702   1107    259   1134
   703   1079    290   1131
   704   1030    303   1167
   705   1024    314   1162
   706    978    318   1204
   707    948    325   1227
   708    940    316   1244
   709    909    300   1291
   710    928    267   1305
   711    950    241   1309
   712    992    212   1296
   713   1011    201   1288
   714   1029    217   1254
   715   1056    196   1248
   716   1119    186   1195
   717   1152    182   1166
   718   1183    203   1114
   719   1225    195   1080
   720   1209    207   1084
   721   1233    195   1072
   722   1249    195   1056
   723   1299    164   1037
   724   1314    174   1012
   725   1339    169    992
   726   1341    169    990
   727   1361    160    979
   728   1346    191    963
   729   1280    237    983
   730   1217    248   1035
   731   1182    254   1064
   732   1117    290   1093
   733   1087    277   1136
   734   1062    300   1138
   735   1018    303   1179
   736    988    285   1227
   737    981    265   1254
   738   1033    226   1241
   739   1031    249   1220
   740   1055    233   1212
   741   1090    232   1178
   742   1110    223   1167
   743   1142    190   1168
   744   1156    200   1144
   745   1167    198   1135
   746   1172    186   1142
   747   1174    188   1138
   748   1208    187   1105
   749   1217    186   1097
   750   1227    165   1108
   751   1249    184   1067
   752   1266    171   1063
   753   1296    161   1043
   754   1304    178   1018
   755   1327    168   1005
   756   1306    175   1019
   757   1310    175   1015
   758   1324    198    978
   759   1262    243    995
   760   1218    274   1008
   761   1172    274   1054
   762   1112    315   1073
   763   1062    310   1128
   764   1035    290   1175
   765   1028    281   1191
   766    979    314   1207
   767    961    291   1248
   768    933    269   1298
   769    945    274   1281
   770    958    257   1285
   771    961    266   1273
   772    987    233   1280
   773   1017    217   1266
   774   1042    202   1256
   775   1100    185   1215
   776   1115    190   1195
   777   1159    153   1188
   778   1183    160   1157
   779   1215    171   1114
   780   1269    139   1092
   781   1316    140   1044
   782   1325    166   1009
   783   1323    177   1000
   784   1339    171    990
   785   1357    168    975
   786   1369    167    964
   787   1379    172    949
   788   1374    171    955
   789   1366    173    961
   790   1345    184    971
   791   1337    184    979
   792   1321    179   1000
   793   1318    182   1000
   794   1316    183   1001
   795   1331    177    992
   796   1320    183    997
   797   1300    196   1004
   798   1286    205   1009
   799   1278    219   1003
   800   1271    218   1011
   801   1234    248   1018
   802   1238    247   1015
   803   1182    277   1041
   804   1163    262   1075
   805   1160    235   1105
   806   1165    221   1114
   807   1194    213   1093
   808   1176    229   1095
   809   1185    207   1108
   810   1202    204   1094
   811   1186    212   1102
   812   1214    211   1075
   813   1197    231   1072
   814   1171    247   1082
   815   1165    247   1088
   816   1150    249   1101
   817   1128    258   1114
   818   1116    250   1134
   819   1101    236   1163
   820   1117    210   1173
   821   1111    232   1157
   822   1106    248   1146
   823   1069    267   1164
   824   1058    246   1196
   825   1039    238   1223
   826   1051    235   1214
   827   1062    236   1202
   828   1075    224   1201
   829   1093    233   1174
   830   1114    219   1167
   831   1111    242   1147
   832   1081    267   1152
   833   1059    264   1177
   834   1047    249   1204
   835   1041    245   1214
   836   1041    230   1229
   837   1056    204   1240
   838   1075    200   1225
   839   1108    195   1197
   840   1119    194   1187
   841   1166    169   1165
   842   1168    182   1150
   843   1163    204   1133
   844   1142    226   1132
   845   1144    223   1133
   846   1127    208   1165
   847   1172    203   1125
   848   1200    212   1088
   849   1194    213   1093
   850   1201    225   1074
   851   1167    242   1091
   852   1146    252   1102
   853   1136    253   1111
   854   1098    266   1136
   855   1103    266   1131
   856   1057    279   1164
   857   1030    267   1203
   858   1035    253   1212
   859   1048    245   1207
   860   1051    232   1217
   861   1048    222   1230
   862   1021    260   1219
   863   1033    259   1208
   864   1041    246   1213
   865   1047    231   1222
   866   1068    230   1202
   867   1108    210   1182
   868   1102    214   1184
   869   1120    202   1178
   870   1140    188   1172
   871   1159    179   1162
   872   1181    166   1153
   873   1211    171   1118
   874   1240    149   1111
   875   1261    157   1082
   876   1275    184   1041
   877   1277    208   1015
   878   1268    224   1008
   879   1185    276   1039
   880   1173    269   1058
   881   1162    278   1060
   882   1115    280   1105
   883   1103    260   1137
   884   1063    253   1184
   885   1044    287   1169
   886   1053    270   1177
   887   1048    263   1189
   888   1053    256   1191
   889   1039    267   1194
   890   1026    254   1220
   891   1029    233   1238
   892   1072    205   1223
   893   1098    205   1197
   894   1136    175   1189
   895   1210    160   1130
   896   1236    147   1117
   897   1277    141   1082
   898   1308    152   1040
   899   1327    163   1010
   900   1338    165    997
   901   1356    167    977
   902   1382    167    951
   903   1393    175    932
   904   1389    169    942
   905   1367    175    958
   906   1390    172    938
   907   1410    160    930
   908   1430    153    917
   909   1419    190    891
   910   1422    198    880
   911   1390    198    912
   912   1411    192    897
   913   1379    214    907
   914   1345    222    933
   915   1317    237    946
   916   1285    250    965
   917   1230    261   1009
   918   1198    270   1032
   919   1112    310   1078
   920   1085    287   1128
   921   1056    287   1157
   922   1050    273   1177
   923   1046    271   1183
   924   1043    254   1203
   925   1016    254   1230
   926   1045    230   1225
   927   1087    205   1208
   928   1136    194   1170
   929   1173    179   1148
   930   1220    183   1097
   931   1228    192   1080
   932   1219    205   1076
   933   1203    226   1071
   934   1224    219   1057
   935   1225    228   1047
   936   1182    249   1069
   937   1148    262   1090
   938   1121    263   1116
   939   1086    277   1137
   940   1088    258   1154
   941   1086    266   1148
   942   1068    280   1152
   943   1068    283   1149
   944   1038    291   1171
   945   1041    263   1196
   946   1061    209   1230
   947   1120    178   1202
   948   1170    163   1167
   949   1193    171   1136
   950   1216    174   1110
   951   1243    174   1083
   952   1242    216   1042
   953   1213    216   1071
   954   1202    203   1095
   955   1200    225   1075
   956   1199    222   1079
   957   1214    224   1062
   958   1216    216   1068
   959   1267    174   1059
   960   1271    190   1039
   961   1270    208   1022
   962   1266    230   1004
   963   1281    191   1028
   964   1309    169   1022
   965   1320    193    987
   966   1351    183    966
   967   1360    179    961
   968   1363    191    946
   969   1365    189    946
   970   1391    173    936
   971   1384    188    928
   972   1379    182    939
   973   1319    223    958
   974   1286    242    972
   975   1258    267    975
   976   1212    278   1010
   977   1169    301   1030
   978   1136    305   1059
   979   1085    310   1105
   980   1020    316   1164
   981    989    318   1193
   982    964    299   1237
   983    954    280   1266
   984    959    263   1278
   985    974    236   1290
   986    989    226   1285
   987   1027    209   1264
   988   1082    185   1233
   989   1124    167   1209
   990   1159    176   1165
   991   1206    176   1118
   992   1217    167   1116
   993   1266    160   1074
   994   1266    174   1060
   995   1301    166   1033
   996   1292    193   1015
   997   1276    208   1016
   998   1223    244   1033
   999   1191    240   1069
  1000   1160    241   1099
