# time (sweeps) | Susceptible | Infected | Recovered
     0   1233    387    880
     1   1269    406    825
     2   1276    410    814
     3   1251    436    813
     4   1276    421    803
     5   1273    435    792
     6   1239    479    782
     7   1229    455    816
     8   1202    502    796
     9   1150    512    838
    10   1136    517    847
    11   1106    524    870
    12   1108    520    872
    13   1090    494    916
    14   1109    466    925
    15   1124    473    903
    16   1132    477    891
    17   1119    468    913
    18   1112    464    924
    19   1136    467    897
    20   1099    502    899
    21   1165    458    877
    22   1161    458    881
    23   1162    480    858
    24   1122    490    888
    25   1131    490    879
    26   1144    469    887
    27   1139    495    866
    28   1126    537    837
    29   1060    544    896
    30   1062    538    900
    31   1043    543    914
    32   1048    550    902
    33   1051    532    917
    34   1039    565    896
    35    997    564    939
    36    997    574    929
    37    981    536    983
    38    987    514    999
    39    996    530    974
    40   1089    487    924
    41   1068    481    951
    42   1105    471    924
    43   1161    440    899
    44   1155    464    881
    45   1178    455    867
    46   1211    455    834
    47   1169    480    851
    48   1120    526    854
    49   1104    510    886
    50   1115    467    918
    51   1131    471    898
    52   1091    487    922
    53   1116    495    889
    54   1142    500    858
    55   1098    492    910
    56   1094    485    921
    57   1096    507    897
    58   1100    534    866
    59   1071    526    903
    60   1070    510    920
    61   1046    527    927
    62   1039    497    964
    63   1006    548    946
    64   1015    553    932
    65    992    554    954
    66    994    521    985
    67   1021    516    963
    68   1041    504    955
    69   1046    502    952
    70   1076    488    936
    71   1068    502    930
    72   1084    483    933
    73   1064    505    931
    74   1075    494    931
    75   1099    494    907
    76   1062    517    921
    77   1077    487    936
    78   1103    491    906
    79   1077    519    904
    80   1091    486    923
    81   1080    520    900
    82   1103    501    896
    83   1100    529    871
    84   1037    550    913
    85   1027    565    908
    86   1023    571    906
    87   1026    570    904
    88    991    569    940
    89    980    574    946
    90    959    574    967
    91    983    533    984
    92   1012    530    958
    93   1065    490    945
    94   1080    527    893
    95   1063    542    895
    96   1056    513    931
    97   1075    508    917
    98   1067    545    888
    99   1054    531    915
   100   1055    519    926
   101   1012    539    949
   102   1048    501    951
   103   1092    448    960
   104   1156    428    916
   105   1189    434    877
   106   1195    463    842
   107   1164    478    858
   108   1098    527    875
   109   1089    517    894
   110   1074    528    898
   111   1090    524    886
   112   1054    569    877
   113   1048    556    896
   114   1021    554    925
   115   1046    522    932
   116   1057    531    912
   117   1043    513    944
   118   1058    488    954
   119   1083    450    967
   120   1127    440    933
   121   1145    424    931
   122   1199    417    884
   123   1241    425    834
   124   1262    425    813
   125   1230    466    804
   126   1205    468    827
   127   1163    512    825
   128   1128    512    860
   129   1127    485    888
   130   1165    472    863
   131   1171    484    845
   132   1166    506    828
   133   1117    514    869
   134   1118    506    876
   135   1117    503    880
   136   1144    466    890
   137   1134    431    935
   138   1138    460    902
   139   1167    456    877
   140   1173    462    865
   141   1186    472    842
   142   1217    448    835
   143   1213    450    837
   144   1206    428    866
   145   1181    470    849
   146   1181    462    857
   147   1188    458    854
   148   1180    483    837
   149   1171    518    811
   150   1167    505    828
   151   1119    519    862
   152   1095    523    882
   153   1096    509    895
   154   1143    482    875
   155   1139    477    884
   156   1159    470    871
   157   1179    475    846
   158   1166    488    846
   159   1158    479    863
   160   1190    475    835
   161   1187    468    845
   162   1147    507    846
   163   1129    520    851
   164   1119    525    856
   165   1111    548    841
   166   1080    504    916
   167   1100    490    910
   168   1110    486    904
   169   1109    490    901
   170   1103    503    894
   171   1134    469    897
   172   1176    446    878
   173   1199    431    870
   174   1171    475    854
   175   1139    503    858
   176   1128    487    885
   177   1134    476    890
   178   1162    473    865
   179   1170    494    836
   180   1146    504    850
   181   1118    512    870
   182   1090    493    917
   183   1104    502    894
   184   1123    474    903
   185   1153    462    885
   186   1162    483    855
   187   1155    479    866
   188   1141    502    857
   189   1129    525    846
   190   1140    511    849
   191   1137    507    856
   192   1130    473    897
   193   1106    477    917
   194   1149    481    870
   195   1142    498    860
   196   1148    498    854
   197   1169    454    877
   198   1167    446    887
   199   1184    472    844
   200   1197    480    823
   201   1162    504    834
   202   1160    498    842
   203   1180    440    880
   204   1184    446    870
   205   1192    479    829
   206   1171    456    873
   207   1174    446    880
   208   1218    438    844
   209   1202    466    832
   210   1191    480    829
   211   1149    492    859
   212   1120    518    862
   213   1089    518    893
   214   1061    527    912
   215   1052    534    914
   216   1044    574    882
   217   1026    569    905
   218   1045    547    908
   219   1002    532    966
   220   1038    488    974
   221   1066    488    946
   222   1058    506    936
   223   1068    550    882
   224   1087    554    859
   225   1077    545    878
   226    992    588    920
   227   1004    540    956
   228    996    512    992
   229   1074    473    953
   230   1082    502    916
   231   1108    472    920
   232   1100    454    946
   233   1104    467    929
   234   1144    475    881
   235   1122    498    880
   236   1117    503    880
   237   1115    492    893
   238   1112    474    914
   239   1130    482    888
   240   1146    481    873
   241   1158    477    865
   242   1159    487    854
   243   1136    483    881
   244   1163    454    883
   245   1134    491    875
   246   1159    477    864
   247   1175    455    870
   248   1171    443    886
   249   1209    452    839
   250   1198    497    805
   251   1179    506    815
   252   1166    477    857
   253   1181    474    845
   254   1182    463    855
   255   1199    464    837
   256   1167    469    864
   257   1186    443    871
   258   1214    453    833
   259   1194    472    834
   260   1193    471    836
   261   1172    512    816
   262   1128    521    851
   263   1112    515    873
   264   1090    528    882
   265   1046    552    902
   266   1019    538    943
   267    999    539    962
   268   1002    525    973
   269   1030    486    984
   270   1042    499    959
   271   1048    505    947
   272   1091    455    954
   273   1139    433    928
   274   1145    440    915
   275   1153    451    896
   276   1189    455    856
   277   1173    481    846
   278   1178    462    860
   279   1179    469    852
   280   1193    445    862
   281   1174    472    854
   282   1151    487    862
   283   1141    488    871
   284   1167    470    863
   285   1190    456    854
   286   1209    459    832
   287   1188    474    838
   288   1155    507    838
   289   1122    526    852
   290   1091    540    869
   291   1086    537    877
   292   1080    522    898
   293   1053    547    900
   294   1085    531    884
   295   1137    481    882
   296   1135    515    850
   297   1104    517    879
   298   1139    506    855
   299   1114    505    881
   300   1115    489    896
   301   1106    492    902
   302   1097    490    913
   303   1126    508    866
   304   1054    551    895
   305   1048    543    909
   306   1075    508    917
   307   1023    530    947
   308   1048    524    928
   309   1080    483    937
   310   1098    476    926
   311   1106    481    913
   312   1124    483    893
   313   1147    477    876
   314   1156    457    887
   315   1190    449    861
   316   1223    447    830
   317   1231    437    832
   318   1237    451    812
   319   1210    467    823
   320   1218    447    835
   321   1187    477    836
   322   1151    502    847
   323   1156    458    886
   324   1163    485    852
   325   1150    480    870
   326   1164    462    874
   327   1172    489    839
   328   1157    464    879
   329   1142    469    889
   330   1159    467    874
   331   1164    473    863
   332   1166    470    864
   333   1154    485    861
   334   1150    469    881
   335   1142    464    894
   336   1139    469    892
   337   1129    484    887
   338   1110    500    890
   339   1097    538    865
   340   1075    543    882
   341   1065    555    880
   342   1027    555    918
   343   1024    502    974
   344   1061    505    934
   345   1081    497    922
   346   1063    493    944
   347   1098    482    920
   348   1100    489    911
   349   1119    470    911
   350   1130    468    902
   351   1143    488    869
   352   1087    508    905
   353   1104    478    918
   354   1123    492    885
   355   1144    480    876
   356   1163    462    875
   357   1103    508    889
   358   1090    480    930
   359   1146    465    889
   360   1148    437    915
   361   1191    428    881
   362   1205    431    864
   363   1215    422    863
   364   1242    426    832
   365   1238    450    812
   366   1238    431    831
   367   1254    446    800
   368   1257    433    810
   369   1244    443    813
   370   1260    453    787
   371   1205    489    806
   372   1186    491    823
   373   1179    486    835
   374   1135    519    846
   375   1107    514    879
   376   1138    492    870
   377   1144    457    899
   378   1149    477    874
   379   1146    461    893
   380   1193    436    871
   381   1174    476    850
   382   1172    482    846
   383   1198    465    837
   384   1198    454    848
   385   1203    479    818
   386   1157    490    853
   387   1155    485    860
   388   1177    468    855
   389   1186    459    855
   390   1195    467    838
   391   1183    465    852
   392   1170    468    862
   393   1132    486    882
   394   1150    488    862
   395   1167    479    854
   396   1151    487    862
   397   1159    490    851
   398   1132    491    877
   399   1125    487    888
   400   1142    453    905
   401   1134    479    887
   402   1171    449    880
   403   1176    461    863
   404   1158    501    841
   405   1104    526    870
   406   1078    540    882
   407   1078    525    897
   408   1130    495    875
   409   1139    499    862
   410   1084    488    928
   411   1099    485    916
   412   1089    514    897
   413   1071    496    933
   414   1090    485    925
   415   1091    480    929
   416   1116    461    923
   417   1122    450    928
   418   1154    460    886
   419   1213    434    853
   420   1200    443    857
   421   1213    435    852
   422   1193    469    838
   423   1172    463    865
   424   1178    471    851
   425   1151    490    859
   426   1129    491    880
   427   1159    472    869
   428   1189    491    820
   429   1158    500    842
   430   1138    511    851
   431   1117    505    878
   432   1087    521    892
   433   1042    527    931
   434   1088    470    942
   435   1114    496    890
   436   1134    496    870
   437   1117    494    889
   438   1144    501    855
   439   1120    527    853
   440   1083    548    869
   441   1061    514    925
   442   1067    509    924
   443   1099    470    931
   444   1182    440    878
   445   1186    442    872
   446   1175    466    859
   447   1197    442    861
   448   1208    427    865
   449   1258    410    832
   450   1312    380    808
   451   1306    402    792
   452   1335    380    785
   453   1355    378    767
   454   1374    387    739
   455   1361    412    727
   456   1334    416    750
   457   1337    391    772
   458   1317    388    795
   459   1291    420    789
   460   1293    435    772
   461   1277    445    778
   462   1265    437    798
   463   1254    444    802
   464   1254    468    778
   465   1220    485    795
   466   1206    477    817
   467   1168    505    827
   468   1132    523    845
   469   1106    509    885
   470   1105    499    896
   471   1087    506    907
   472   1123    465    912
   473   1165    442    893
   474   1189    440    871
   475   1216    439    845
   476   1208    467    825
   477   1175    459    866
   478   1183    480    837
   479   1158    497    845
   480   1161    487    852
   481   1187    467    846
   482   1138    478    884
   483   1136    490    874
   484   1139    518    843
   485   1125    478    897
   486   1145    471    884
   487   1170    447    883
   488   1166    436    898
   489   1166    476    858
   490   1169    436    895
   491   1199    439    862
   492   1189    463    848
   493   1198    470    832
   494   1202    449    849
   495   1181    457    862
   496   1182    495    823
   497   1177    474    849
   498   1150    497    853
   499   1126    481    893
   500   1147    481    872
   501   1147    476    877
   502   1143    484    873
   503   1114    489    897
   504   1129    481    890
   505   1136    489    875
   506   1171    462    867
   507   1146    485    869
   508   1106    479    915
   509   1098    490    912
   510   1129    461    910
   511   1178    465    857
   512   1184    463    853
   513   1130    475    895
   514   1141    473    886
   515   1129    502    869
   516   1141    484    875
   517   1143    470    887
   518   1148    473    879
   519   1163    443    894
   520   1143    495    862
   521   1128    508    864
   522   1159    523    818
   523   1124    514    862
   524   1113    541    846
   525   1043    540    917
   526   1047    561    892
   527   1044    535    921
   528   1070    499    931
   529   1029    541    930
   530   1046    525    929
   531   1009    562    929
   532   1005    563    932
   533   1003    531    966
   534   1056    498    946
   535   1110    486    904
   536   1140    475    885
   537   1164    440    896
   538   1174    415    911
   539   1196    439    865
   540   1214    442    844
   541   1205    446    849
   542   1192    443    865
   543   1205    432    863
   544   1208    441    851
   545   1201    445    854
   546   1195    465    840
   547   1159    494    847
   548   1166    496    838
   549   1172    504    824
   550   1130    535    835
   551   1080    553    867
   552   1074    544    882
   553   1058    522    920
   554   1029    504    967
   555   1028    508    964
   556   1077    488    935
   557   1053    510    937
   558   1064    515    921
   559   1059    522    919
   560   1056    530    914
   561   1084    504    912
   562   1115    480    905
   563   1103    524    873
   564   1142    492    866
   565   1155    500    845
   566   1154    497    849
   567   1129    513    858
   568   1083    533    884
   569   1092    475    933
   570   1112    493    895
   571   1159    474    867
   572   1148    475    877
   573   1130    495    875
   574   1126    467    907
   575   1128    474    898
   576   1123    463    914
   577   1135    499    866
   578   1136    475    889
   579   1145    472    883
   580   1181    464    855
   581   1180    475    845
   582   1148    511    841
   583   1133    514    853
   584   1082    549    869
   585   1063    527    910
   586   1071    503    926
   587   1033    523    944
   588   1077    462    961
   589   1090    456    954
   590   1121    431    948
   591   1171    426    903
   592   1150    502    848
   593   1109    517    874
   594   1117    478    905
   595   1142    467    891
   596   1118    467    915
   597   1120    476    904
   598   1092    503    905
   599   1100    490    910
   600   1107    474    919
   601   1139    444    917
   602   1125    450    925
   603   1163    461    876
   604   1180    475    845
   605   1177    470    853
   606   1169    474    857
   607   1153    474    873
   608   1138    480    882
   609   1130    489    881
   610   1111    491    898
   611   1125    480    895
   612   1132    490    878
   613   1114    494    892
   614   1134    471    895
   615   1141    486    873
   616   1142    480    878
   617   1128    492    880
   618   1135    494    871
   619   1145    464    891
   620   1175    469    856
   621   1200    446    854
   622   1215    423    862
   623   1241    428    831
   624   1228    446    826
   625   1204    445    851
   626   1195    440    865
   627   1184    473    843
   628   1200    431    869
   629   1229    417    854
   630   1226    448    826
   631   1258    420    822
   632   1256    419    825
   633   1264    426    810
   634   1240    437    823
   635   1261    440    799
   636   1190    490    820
   637   1172    505    823
   638   1144    515    841
   639   1148    501    851
   640   1141    489    870
   641   1156    476    868
   642   1142    508    850
   643   1113    511    876
   644   1105    501    894
   645   1098    496    906
   646   1107    513    880
   647   1088    533    879
   648   1075    520    905
   649   1074    501    925
   650   1081    481    938
   651   1118    473    909
   652   1172    449    879
   653   1168    449    883
   654   1156    494    850
   655   1129    486    885
   656   1129    487    884
   657   1095    478    927
   658   1129    467    904
   659   1159    465    876
   660   1179    443    878
   661   1193    426    881
   662   1199    408    893
   663   1208    420    872
   664   1204    459    837
   665   1190    483    827
   666   1188    487    825
   667   1129    520    851
   668   1118    505    877
   669   1075    530    895
   670   1036    548    916
   671   1010    568    922
   672   1015    547    938
   673   1029    545    926
   674    992    573    935
   675    968    578    954
   676   1015    529    956
   677   1055    507    938
   678   1060    503    937
   679   1070    489    941
   680   1060    495    945
   681   1094    498    908
   682   1091    522    887
   683   1121    505    874
   684   1103    493    904
   685   1086    523    891
   686   1067    558    875
   687   1057    552    891
   688   1029    546    925
   689   1026    533    941
   690   1072    483    945
   691   1101    475    924
   692   1132    472    896
   693   1114    501    885
   694   1127    493    880
   695   1133    506    861
   696   1107    519    874
   697   1128    498    874
   698   1135    503    862
   699   1119    489    892
   700   1089    519    892
   701   1099    494    907
   702   1149    458    893
   703   1146    447    907
   704   1180    455    865
   705   1163    479    858
   706   1138    506    856
   707   1129    496    875
   708   1106    513    881
   709   1091    531    878
   710   1083    539    878
   711   1058    540    902
   712   1066    510    924
   713   1057    527    916
   714   1083    494    923
   715   1118    490    892
   716   1082    529    889
   717   1101    537    862
   718   1084    529    887
   719   1047    502    951
   720   1055    502    943
   721   1079    479    942
   722   1092    475    933
   723   1090    494    916
   724   1107    485    908
   725   1118    500    882
   726   1080    549    871
   727   1069    534    897
   728   1081    535    884
   729   1049    520    931
   730   1056    511    933
   731   1063    493    944
   732   1073    507    920
   733   1049    523    928
   734   1055    495    950
   735   1068    478    954
   736   1094    482    924
   737   1138    489    873
   738   1114    528    858
   739   1096    511    893
   740   1094    498    908
   741   1131    464    905
   742   1120    477    903
   743   1121    483    896
   744   1151    451    898
   745   1179    444    877
   746   1184    444    872
   747   1180    465    855
   748   1163    467    870
   749   1117    499    884
   750   1128    483    889
   751   1128    520    852
   752   1097    532    871
   753   1088    498    914
   754   1076    511    913
   755   1062    513    925
   756   1093    485    922
   757   1117    490    893
   758   1082    521    897
   759   1087    516    897
   760   1087    538    875
   761   1048    548    904
   762   1044    543    913
   763   1028    503    969
   764   1028    516    956
   765   1040    541    919
   766   1050    527    923
   767   1060    540    900
   768   1072    517    911
   769   1070    497    933
   770   1066    511    923
   771   1090    492    918
   772   1093    481    926
   773   1085    471    944
   774   1101    482    917
   775   1119    507    874
   776   1067    539    894
   777   1074    492    934
   778   1112    471    917
   779   1161    481    858
   780   1139    497    864
   781   1155    463    882
   782   1187    435    878
   783   1202    452    846
   784   1186    471    843
   785   1164    478    858
   786   1166    464    870
   787   1154    484    862
   788   1157    481    862
   789   1150    463    887
   790   1201    444    855
   791   1193    470    837
   792   1198    482    820
   793   1196    466    838
   794   1213    451    836
   795   1232    438    830
   796   1252    428    820
   797   1241    457    802
   798   1221    459    820
   799   1226    425    849
   800   1238    450    812
   801   1219    475    806
   802   1196    452    852
   803   1208    437    855
   804   1198    447    855
   805   1200    472    828
   806   1166    477    857
   807   1161    482    857
   808   1161    479    860
   809   1114    514    872
   810   1095    532    873
   811   1057    547    896
   812   1016    549    935
   813   1055    510    935
   814   1069    504    927
   815   1075    478    947
   816   1079    505    916
   817   1068    535    897
   818   1121    493    886
   819   1097    491    912
   820   1110    480    910
   821   1106    512    882
   822   1112    518    870
   823   1095    492    913
   824   1130    477    893
   825   1111    509    880
   826   1120    498    882
   827   1120    499    881
   828   1089    511    900
   829   1073    516    911
   830   1102    516    882
   831   1089    516    895
   832   1063    544    893
   833   1043    540    917
   834   1021    506    973
   835   1028    495    977
   836   1082    476    942
   837   1068    512    920
   838   1065    498    937
   839   1098    467    935
   840   1141    452    907
   841   1178    432    890
   842   1163    482    855
   843   1178    469    853
   844   1210    435    855
   845   1223    459    818
   846   1221    443    836
   847   1176    485    839
   848   1194    478    828
   849   1136    496    868
   850   1136    504    860
   851   1146    493    861
   852   1126    490    884
   853   1137    471    892
   854   1152    428    920
   855   1203    416    881
   856   1245    408    847
   857   1245    430    825
   858   1242    426    832
   859   1233    446    821
   860   1211    467    822
   861   1178    482    840
   862   1175    484    841
   863   1156    467    877
   864   1124    484    892
   865   1179    446    875
   866   1181    458    861
   867   1173    463    864
   868   1199    441    860
   869   1231    433    836
   870   1228    428    844
   871   1242    438    820
   872   1211    431    858
   873   1213    440    847
   874   1255    434    811
   875   1274    423    803
   876   1263    408    829
   877   1268    421    811
   878   1294    406    800
   879   1278    427    795
   880   1266    448    786
   881   1220    472    808
   882   1178    495    827
   883   1181    455    864
   884   1158    472    870
   885   1147    483    870
   886   1124    482    894
   887   1156    464    880
   888   1186    447    867
   889   1204    439    857
   890   1201    438    861
   891   1186    477    837
   892   1172    466    862
   893   1166    472    862
   894   1169    473    858
   895   1134    502    864
   896   1099    524    877
   897   1100    500    900
   898   1093    490    917
   899   1048    535    917
   900   1004    562    934
   901    981    548    971
   902    981    527    992
   903   1044    473    983
   904   1079    497    924
   905   1104    490    906
   906   1077    533    890
   907   1115    495    890
   908   1132    492    876
   909   1097    522    881
   910   1105    501    894
   911   1125    482    893
   912   1134    471    895
   913   1195    445    860
   914   1204    456    840
   915   1172    503    825
   916   1140    504    856
   917   1127    490    883
   918   1123    508    869
   919   1133    479    888
   920   1110    488    902
   921   1111    483    906
   922   1130    482    888
   923   1181    456    863
   924   1180    447    873
   925   1184    435    881
   926   1214    450    836
   927   1239    418    843
   928   1235    439    826
   929   1225    449    826
   930   1223    457    820
   931   1182    502    816
   932   1178    488    834
   933   1165    491    844
   934   1158    491    851
   935   1158    484    858
   936   1135    495    870
   937   1149    479    872
   938   1197    457    846
   939   1213    460    827
   940   1206    465    829
   941   1200    460    840
   942   1167    471    862
   943   1152    489    859
   944   1135    493    872
   945   1156    482    862
   946   1147    496    857
   947   1140    493    867
   948   1133    482    885
   949   1105    495    900
   950   1107    485    908
   951   1109    508    883
   952   1091    490    919
   953   1103    494    903
   954   1082    516    902
   955   1128    490    882
   956   1134    505    861
   957   1143    476    881
   958   1154    475    871
   959   1128    517    855
   960   1159    478    863
   961   1139    478    883
   962   1129    461    910
   963   1162    423    915
   964   1142    444    914
   965   1151    456    893
   966   1183    452    865
   967   1167    462    871
   968   1218    434    848
   969   1211    435    854
   970   1261    427    812
   971   1249    440    811
   972   1278    438    784
   973   1283    432    785
   974   1247    492    761
   975   1223    482    795
   976   1160    529    811
   977   1105    523    872
   978   1123    531    846
   979   1134    506    860
   980   1111    512    877
   981   1084    511    905
   982   1061    511    928
   983   1063    522    915
   984   1071    514    915
   985   1113    478    909
   986   1148    482    870
   987   1102    505    893
   988   1099    468    933
   989   1103    489    908
   990   1126    472    902
   991   1128    463    909
   992   1103    518    879
   993   1136    481    883
   994   1096    476    928
   995   1112    460    928
   996   1148    445    907
   997   1147    453    900
   998   1163    448    889
   999   1191    447    862
  1000   1171    455    874
