# time (sweeps) | Susceptible | Infected | Recovered
     0   1169    874    457
     1   1153    930    417
     2   1121    928    451
     3   1136    878    486
     4   1135    862    503
     5   1140    870    490
     6   1119    849    532
     7   1117    888    495
     8   1132    864    504
     9   1159    850    491
    10   1137    877    486
    11   1133    881    486
    12   1138    885    477
    13   1149    872    479
    14   1169    854    477
    15   1156    908    436
    16   1136    874    490
    17   1133    876    491
    18   1104    914    482
    19   1121    889    490
    20   1159    843    498
    21   1155    870    475
    22   1123    884    493
    23   1159    842    499
    24   1174    849    477
    25   1171    842    487
    26   1173    854    473
    27   1149    871    480
    28   1212    842    446
    29   1164    888    448
    30   1173    865    462
    31   1191    849    460
    32   1113    874    513
    33   1153    836    511
    34   1197    832    471
    35   1156    857    487
    36   1124    901    475
    37   1088    898    514
    38   1100    893    507
    39   1103    882    515
    40   1070    942    488
    41   1090    925    485
    42   1053    913    534
    43   1090    893    517
    44   1155    831    514
    45   1153    869    478
    46   1143    852    505
    47   1116    918    466
    48   1166    827    507
    49   1140    863    497
    50   1167    836    497
    51   1164    840    496
    52   1187    844    469
    53   1160    859    481
    54   1148    882    470
    55   1156    878    466
    56   1175    874    451
    57   1156    851    493
    58   1199    824    477
    59   1220    822    458
    60   1196    851    453
    61   1165    903    432
    62   1119    922    459
    63   1155    896    449
    64   1163    839    498
    65   1185    834    481
    66   1183    900    417
    67   1136    902    462
    68   1101    885    514
    69   1132    855    513
    70   1154    831    515
    71   1098    898    504
    72   1144    880    476
    73   1128    888    484
    74   1185    821    494
    75   1157    837    506
    76   1166    893    441
    77   1183    872    445
    78   1159    913    428
    79   1182    865    453
    80   1162    881    457
    81   1197    835    468
    82   1155    873    472
    83   1118    860    522
    84   1185    826    489
    85   1178    842    480
    86   1161    854    485
    87   1150    834    516
    88   1209    806    485
    89   1193    836    471
    90   1159    850    491
    91   1123    843    534
    92   1191    809    500
    93   1196    812    492
    94   1156    850    494
    95   1231    798    471
    96   1188    892    420
    97   1157    876    467
    98   1164    859    477
    99   1140    906    454
   100   1130    891    479
   101   1132    858    510
   102   1138    851    511
   103   1113    891    496
   104   1146    861    493
   105   1170    843    487
   106   1175    838    487
   107   1191    800    509
   108   1183    865    452
   109   1175    855    470
   110   1118    899    483
   111   1098    881    521
   112   1129    876    495
   113   1114    886    500
   114   1120    874    506
   115   1114    908    478
   116   1134    897    469
   117   1140    917    443
   118   1142    887    471
   119   1163    865    472
   120   1209    815    476
   121   1250    816    434
   122   1213    832    455
   123   1152    861    487
   124   1162    858    480
   125   1169    847    484
   126   1110    905    485
   127   1168    835    497
   128   1127    888    485
   129   1130    872    498
   130   1116    874    510
   131   1092    890    518
   132   1132    856    512
   133   1151    875    474
   134   1159    863    478
   135   1157    869    474
   136   1200    859    441
   137   1196    847    457
   138   1218    820    462
   139   1191    851    458
   140   1208    817    475
   141   1195    830    475
   142   1219    832    449
   143   1131    934    435
   144   1126    874    500
   145   1144    830    526
   146   1198    786    516
   147   1235    783    482
   148   1166    868    466
   149   1131    902    467
   150   1131    908    461
   151   1126    875    499
   152   1124    897    479
   153   1102    901    497
   154   1093    929    478
   155   1136    872    492
   156   1110    904    486
   157   1160    856    484
   158   1142    858    500
   159   1157    879    464
   160   1177    831    492
   161   1188    846    466
   162   1156    852    492
   163   1168    867    465
   164   1138    876    486
   165   1173    831    496
   166   1135    858    507
   167   1150    861    489
   168   1191    796    513
   169   1216    821    463
   170   1158    858    484
   171   1140    868    492
   172   1106    920    474
   173   1110    892    498
   174   1114    906    480
   175   1156    841    503
   176   1204    823    473
   177   1150    883    467
   178   1193    834    473
   179   1189    830    481
   180   1156    870    474
   181   1180    804    516
   182   1172    840    488
   183   1154    864    482
   184   1139    865    496
   185   1194    843    463
   186   1200    854    446
   187   1166    892    442
   188   1103    895    502
   189   1167    841    492
   190   1148    866    486
   191   1152    861    487
   192   1169    854    477
   193   1158    881    461
   194   1138    885    477
   195   1124    890    486
   196   1172    853    475
   197   1140    883    477
   198   1145    872    483
   199   1171    866    463
   200   1116    873    511
   201   1171    827    502
   202   1218    798    484
   203   1214    821    465
   204   1216    817    467
   205   1157    873    470
   206   1239    798    463
   207   1145    897    458
   208   1170    855    475
   209   1178    889    433
   210   1172    868    460
   211   1135    876    489
   212   1178    862    460
   213   1129    882    489
   214   1210    801    489
   215   1201    806    493
   216   1231    796    473
   217   1210    829    461
   218   1171    857    472
   219   1187    831    482
   220   1162    866    472
   221   1161    866    473
   222   1213    820    467
   223   1147    855    498
   224   1194    813    493
   225   1154    879    467
   226   1147    866    487
   227   1143    849    508
   228   1143    857    500
   229   1172    861    467
   230   1152    874    474
   231   1157    878    465
   232   1132    892    476
   233   1189    823    488
   234   1179    817    504
   235   1115    909    476
   236   1132    893    475
   237   1143    891    466
   238   1168    870    462
   239   1174    872    454
   240   1096    912    492
   241   1119    911    470
   242   1153    832    515
   243   1162    861    477
   244   1117    895    488
   245   1140    854    506
   246   1160    855    485
   247   1188    826    486
   248   1126    892    482
   249   1201    839    460
   250   1189    851    460
   251   1142    888    470
   252   1142    910    448
   253   1174    825    501
   254   1200    862    438
   255   1146    881    473
   256   1121    893    486
   257   1148    881    471
   258   1170    855    475
   259   1172    876    452
   260   1196    859    445
   261   1179    849    472
   262   1185    843    472
   263   1158    862    480
   264   1154    847    499
   265   1128    877    495
   266   1112    899    489
   267   1099    917    484
   268   1117    886    497
   269   1154    880    466
   270   1164    871    465
   271   1189    841    470
   272   1184    879    437
   273   1151    886    463
   274   1145    922    433
   275   1111    915    474
   276   1107    908    485
   277   1135    902    463
   278   1136    887    477
   279   1113    892    495
   280   1126    854    520
   281   1176    841    483
   282   1147    882    471
   283   1166    901    433
   284   1101    935    464
   285   1135    889    476
   286   1100    894    506
   287   1112    872    516
   288   1162    866    472
   289   1148    890    462
   290   1111    935    454
   291   1107    887    506
   292   1138    871    491
   293   1159    855    486
   294   1139    886    475
   295   1130    901    469
   296   1161    875    464
   297   1158    874    468
   298   1178    825    497
   299   1204    808    488
   300   1141    893    466
   301   1116    903    481
   302   1088    920    492
   303   1099    897    504
   304   1146    867    487
   305   1157    859    484
   306   1120    920    460
   307   1126    886    488
   308   1141    848    511
   309   1160    847    493
   310   1173    845    482
   311   1102    882    516
   312   1159    854    487
   313   1179    841    480
   314   1177    858    465
   315   1181    847    472
   316   1174    844    482
   317   1210    844    446
   318   1128    903    469
   319   1143    866    491
   320   1187    847    466
   321   1172    850    478
   322   1151    833    516
   323   1195    800    505
   324   1205    814    481
   325   1183    869    448
   326   1172    875    453
   327   1189    863    448
   328   1153    879    468
   329   1116    910    474
   330   1143    868    489
   331   1137    864    499
   332   1133    881    486
   333   1122    888    490
   334   1154    844    502
   335   1125    885    490
   336   1161    851    488
   337   1186    839    475
   338   1168    836    496
   339   1207    809    484
   340   1185    900    415
   341   1194    856    450
   342   1162    873    465
   343   1201    814    485
   344   1151    878    471
   345   1135    894    471
   346   1102    895    503
   347   1127    858    515
   348   1192    823    485
   349   1196    842    462
   350   1172    886    442
   351   1172    863    465
   352   1138    899    463
   353   1140    906    454
   354   1158    840    502
   355   1200    821    479
   356   1210    840    450
   357   1129    896    475
   358   1132    895    473
   359   1105    892    503
   360   1106    887    507
   361   1159    868    473
   362   1153    847    500
   363   1144    872    484
   364   1140    856    504
   365   1115    857    528
   366   1170    877    453
   367   1100    946    454
   368   1123    882    495
   369   1126    876    498
   370   1162    846    492
   371   1104    893    503
   372   1111    876    513
   373   1152    859    489
   374   1151    849    500
   375   1160    890    450
   376   1136    880    484
   377   1136    867    497
   378   1149    846    505
   379   1182    803    515
   380   1209    832    459
   381   1193    850    457
   382   1156    869    475
   383   1131    895    474
   384   1147    864    489
   385   1155    852    493
   386   1200    819    481
   387   1200    837    463
   388   1164    886    450
   389   1151    863    486
   390   1109    861    530
   391   1128    877    495
   392   1162    854    484
   393   1137    866    497
   394   1107    915    478
   395   1092    949    459
   396   1109    904    487
   397   1156    847    497
   398   1182    815    503
   399   1192    809    499
   400   1196    831    473
   401   1161    860    479
   402   1175    845    480
   403   1140    881    479
   404   1166    834    500
   405   1140    904    456
   406   1105    903    492
   407   1160    861    479
   408   1170    854    476
   409   1207    846    447
   410   1187    849    464
   411   1211    843    446
   412   1139    906    455
   413   1115    895    490
   414   1096    907    497
   415   1111    904    485
   416   1135    890    475
   417   1147    883    470
   418   1162    852    486
   419   1137    866    497
   420   1112    898    490
   421   1092    938    470
   422   1152    864    484
   423   1095    925    480
   424   1119    913    468
   425   1114    897    489
   426   1156    864    480
   427   1150    852    498
   428   1180    833    487
   429   1169    884    447
   430   1161    867    472
   431   1128    908    464
   432   1123    903    474
   433   1071    913    516
   434   1148    866    486
   435   1169    868    463
   436   1196    836    468
   437   1143    866    491
   438   1129    890    481
   439   1151    879    470
   440   1151    881    468
   441   1131    879    490
   442   1091    893    516
   443   1111    908    481
   444   1134    888    478
   445   1159    879    462
   446   1133    888    479
   447   1148    881    471
   448   1140    855    505
   449   1142    850    508
   450   1144    908    448
   451   1192    866    442
   452   1137    871    492
   453   1132    876    492
   454   1137    883    480
   455   1126    906    468
   456   1144    862    494
   457   1172    855    473
   458   1155    863    482
   459   1163    869    468
   460   1166    867    467
   461   1169    877    454
   462   1165    859    476
   463   1150    860    490
   464   1111    903    486
   465   1085    900    515
   466   1097    870    533
   467   1174    845    481
   468   1149    876    475
   469   1150    861    489
   470   1155    857    488
   471   1148    855    497
   472   1138    865    497
   473   1201    790    509
   474   1152    861    487
   475   1170    868    462
   476   1120    886    494
   477   1119    865    516
   478   1185    854    461
   479   1125    890    485
   480   1143    888    469
   481   1124    897    479
   482   1131    870    499
   483   1201    818    481
   484   1211    826    463
   485   1170    880    450
   486   1196    839    465
   487   1164    872    464
   488   1162    868    470
   489   1159    877    464
   490   1146    845    509
   491   1175    864    461
   492   1133    917    450
   493   1133    850    517
   494   1154    843    503
   495   1138    845    517
   496   1137    889    474
   497   1135    866    499
   498   1150    888    462
   499   1127    906    467
   500   1148    848    504
   501   1090    921    489
   502   1161    826    513
   503   1174    842    484
   504   1176    882    442
   505   1093    934    473
   506   1042    978    480
   507   1113    889    498
   508   1136    881    483
   509   1178    829    493
   510   1148    854    498
   511   1177    826    497
   512   1203    834    463
   513   1181    848    471
   514   1194    824    482
   515   1165    867    468
   516   1194    823    483
   517   1205    857    438
   518   1138    890    472
   519   1095    899    506
   520   1114    876    510
   521   1143    829    528
   522   1159    844    497
   523   1173    832    495
   524   1153    866    481
   525   1140    848    512
   526   1149    888    463
   527   1098    928    474
   528   1171    862    467
   529   1130    883    487
   530   1114    884    502
   531   1072    898    530
   532   1086    913    501
   533   1119    879    502
   534   1125    896    479
   535   1118    879    503
   536   1132    894    474
   537   1119    905    476
   538   1124    856    520
   539   1147    844    509
   540   1186    825    489
   541   1111    918    471
   542   1188    845    467
   543   1120    882    498
   544   1151    871    478
   545   1082    887    531
   546   1080    876    544
   547   1212    816    472
   548   1201    849    450
   549   1171    870    459
   550   1173    837    490
   551   1168    874    458
   552   1192    870    438
   553   1129    898    473
   554   1074    927    499
   555   1105    918    477
   556   1107    911    482
   557   1116    894    490
   558   1147    858    495
   559   1147    845    508
   560   1093    893    514
   561   1084    930    486
   562   1124    871    505
   563   1173    866    461
   564   1143    900    457
   565   1143    872    485
   566   1151    849    500
   567   1182    848    470
   568   1125    880    495
   569   1090    882    528
   570   1129    853    518
   571   1126    873    501
   572   1144    858    498
   573   1192    830    478
   574   1206    820    474
   575   1172    841    487
   576   1217    844    439
   577   1195    852    453
   578   1175    860    465
   579   1153    885    462
   580   1153    841    506
   581   1171    863    466
   582   1179    854    467
   583   1137    880    483
   584   1091    938    471
   585   1104    938    458
   586   1138    884    478
   587   1121    877    502
   588   1136    831    533
   589   1137    870    493
   590   1160    831    509
   591   1209    792    499
   592   1243    788    469
   593   1218    815    467
   594   1174    870    456
   595   1090    932    478
   596   1099    881    520
   597   1182    816    502
   598   1211    817    472
   599   1175    849    476
   600   1161    895    444
   601   1148    881    471
   602   1147    850    503
   603   1193    826    481
   604   1194    837    469
   605   1171    867    462
   606   1180    875    445
   607   1144    879    477
   608   1154    865    481
   609   1182    852    466
   610   1131    931    438
   611   1109    903    488
   612   1091    946    463
   613   1116    892    492
   614   1148    851    501
   615   1177    838    485
   616   1184    852    464
   617   1133    900    467
   618   1118    860    522
   619   1111    889    500
   620   1136    869    495
   621   1171    859    470
   622   1142    888    470
   623   1152    845    503
   624   1184    833    483
   625   1158    865    477
   626   1199    838    463
   627   1177    872    451
   628   1134    880    486
   629   1129    895    476
   630   1127    896    477
   631   1151    870    479
   632   1165    860    475
   633   1181    851    468
   634   1190    830    480
   635   1139    880    481
   636   1138    847    515
   637   1153    885    462
   638   1179    883    438
   639   1104    891    505
   640   1122    874    504
   641   1115    911    474
   642   1182    877    441
   643   1136    891    473
   644   1148    853    499
   645   1145    873    482
   646   1144    863    493
   647   1127    866    507
   648   1155    867    478
   649   1080    912    508
   650   1099    903    498
   651   1077    915    508
   652   1087    911    502
   653   1144    877    479
   654   1135    869    496
   655   1158    851    491
   656   1142    839    519
   657   1167    835    498
   658   1154    850    496
   659   1167    882    451
   660   1147    848    505
   661   1118    901    481
   662   1170    835    495
   663   1153    857    490
   664   1135    893    472
   665   1144    858    498
   666   1167    824    509
   667   1191    813    496
   668   1163    826    511
   669   1201    833    466
   670   1155    859    486
   671   1163    843    494
   672   1218    817    465
   673   1200    826    474
   674   1120    874    506
   675   1124    880    496
   676   1112    852    536
   677   1144    862    494
   678   1178    850    472
   679   1133    892    475
   680   1146    893    461
   681   1152    852    496
   682   1145    880    475
   683   1220    822    458
   684   1180    839    481
   685   1133    898    469
   686   1146    885    469
   687   1130    900    470
   688   1145    865    490
   689   1136    896    468
   690   1122    924    454
   691   1104    908    488
   692   1087    900    513
   693   1080    911    509
   694   1118    923    459
   695   1107    916    477
   696   1118    899    483
   697   1175    888    437
   698   1183    849    468
   699   1175    831    494
   700   1165    854    481
   701   1188    873    439
   702   1146    866    488
   703   1122    881    497
   704   1133    870    497
   705   1151    872    477
   706   1146    886    468
   707   1170    873    457
   708   1098    938    464
   709   1121    866    513
   710   1119    885    496
   711   1152    828    520
   712   1102    873    525
   713   1150    874    476
   714   1065    879    556
   715   1154    847    499
   716   1147    875    478
   717   1152    867    481
   718   1165    837    498
   719   1162    859    479
   720   1211    836    453
   721   1188    857    455
   722   1173    869    458
   723   1156    850    494
   724   1182    851    467
   725   1165    887    448
   726   1149    875    476
   727   1135    860    505
   728   1154    866    480
   729   1167    853    480
   730   1172    885    443
   731   1111    906    483
   732   1148    871    481
   733   1186    804    510
   734   1159    838    503
   735   1170    848    482
   736   1218    802    480
   737   1251    762    487
   738   1232    804    464
   739   1179    814    507
   740   1166    835    499
   741   1151    868    481
   742   1128    880    492
   743   1139    870    491
   744   1129    874    497
   745   1131    861    508
   746   1158    840    502
   747   1165    847    488
   748   1155    827    518
   749   1155    847    498
   750   1165    843    492
   751   1128    879    493
   752   1134    859    507
   753   1182    833    485
   754   1178    836    486
   755   1174    826    500
   756   1117    884    499
   757   1105    894    501
   758   1118    889    493
   759   1112    898    490
   760   1120    877    503
   761   1161    838    501
   762   1170    858    472
   763   1174    870    456
   764   1137    868    495
   765   1178    858    464
   766   1174    889    437
   767   1135    921    444
   768   1126    873    501
   769   1185    874    441
   770   1175    889    436
   771   1116    923    461
   772   1118    898    484
   773   1151    877    472
   774   1175    851    474
   775   1157    890    453
   776   1107    921    472
   777   1137    891    472
   778   1154    880    466
   779   1162    859    479
   780   1204    829    467
   781   1201    836    463
   782   1184    862    454
   783   1110    873    517
   784   1149    848    503
   785   1154    830    516
   786   1171    856    473
   787   1174    863    463
   788   1157    880    463
   789   1112    919    469
   790   1084    910    506
   791   1144    890    466
   792   1156    876    468
   793   1170    876    454
   794   1106    903    491
   795   1170    860    470
   796   1163    882    455
   797   1117    879    504
   798   1125    881    494
   799   1078    931    491
   800   1096    915    489
   801   1164    861    475
   802   1186    868    446
   803   1163    868    469
   804   1117    910    473
   805   1144    892    464
   806   1155    898    447
   807   1129    893    478
   808   1096    908    496
   809   1095    881    524
   810   1144    877    479
   811   1093    942    465
   812   1114    931    455
   813   1086    932    482
   814   1078    899    523
   815   1132    869    499
   816   1147    859    494
   817   1191    871    438
   818   1177    868    455
   819   1167    852    481
   820   1176    835    489
   821   1221    800    479
   822   1211    853    436
   823   1187    854    459
   824   1175    846    479
   825   1186    834    480
   826   1162    838    500
   827   1118    872    510
   828   1199    835    466
   829   1189    851    460
   830   1165    872    463
   831   1123    913    464
   832   1122    905    473
   833   1129    895    476
   834   1153    838    509
   835   1169    831    500
   836   1197    851    452
   837   1209    850    441
   838   1180    859    461
   839   1153    878    469
   840   1158    826    516
   841   1218    832    450
   842   1187    856    457
   843   1187    865    448
   844   1109    939    452
   845   1086    915    499
   846   1143    884    473
   847   1106    901    493
   848   1087    911    502
   849   1130    900    470
   850   1112    930    458
   851   1117    910    473
   852   1143    873    484
   853   1169    875    456
   854   1146    919    435
   855   1167    826    507
   856   1167    851    482
   857   1160    851    489
   858   1154    864    482
   859   1169    862    469
   860   1145    857    498
   861   1184    819    497
   862   1171    852    477
   863   1163    854    483
   864   1110    899    491
   865   1095    897    508
   866   1119    856    525
   867   1168    856    476
   868   1129    874    497
   869   1127    872    501
   870   1189    839    472
   871   1201    847    452
   872   1162    870    468
   873   1140    885    475
   874   1179    873    448
   875   1172    860    468
   876   1155    894    451
   877   1128    878    494
   878   1112    904    484
   879   1105    914    481
   880   1086    934    480
   881   1145    852    503
   882   1183    846    471
   883   1155    871    474
   884   1156    880    464
   885   1142    872    486
   886   1194    813    493
   887   1200    814    486
   888   1159    841    500
   889   1157    853    490
   890   1182    821    497
   891   1149    865    486
   892   1188    844    468
   893   1191    820    489
   894   1147    851    502
   895   1171    848    481
   896   1209    807    484
   897   1173    829    498
   898   1158    842    500
   899   1160    828    512
   900   1183    847    470
   901   1117    841    542
   902   1185    804    511
   903   1160    912    428
   904   1098    932    470
   905   1119    901    480
   906   1073    924    503
   907   1139    861    500
   908   1091    907    502
   909   1122    881    497
   910   1146    871    483
   911   1161    860    479
   912   1122    899    479
   913   1142    870    488
   914   1171    879    450
   915   1174    861    465
   916   1111    905    484
   917   1147    898    455
   918   1159    864    477
   919   1169    885    446
   920   1127    914    459
   921   1161    838    501
   922   1182    832    486
   923   1209    849    442
   924   1138    889    473
   925   1174    831    495
   926   1218    828    454
   927   1201    848    451
   928   1163    827    510
   929   1231    803    466
   930   1158    884    458
   931   1114    920    466
   932   1132    886    482
   933   1170    837    493
   934   1136    894    470
   935   1148    888    464
   936   1123    892    485
   937   1156    832    512
   938   1136    861    503
   939   1143    887    470
   940   1149    883    468
   941   1160    877    463
   942   1141    870    489
   943   1151    868    481
   944   1158    886    456
   945   1202    808    490
   946   1191    822    487
   947   1150    873    477
   948   1185    846    469
   949   1227    839    434
   950   1151    867    482
   951   1096    905    499
   952   1131    886    483
   953   1146    855    499
   954   1142    886    472
   955   1153    874    473
   956   1153    881    466
   957   1152    875    473
   958   1146    878    476
   959   1170    844    486
   960   1113    908    479
   961   1132    920    448
   962   1135    887    478
   963   1114    901    485
   964   1155    851    494
   965   1163    866    471
   966   1127    896    477
   967   1128    862    510
   968   1142    849    509
   969   1166    821    513
   970   1181    809    510
   971   1185    832    483
   972   1218    815    467
   973   1191    846    463
   974   1169    835    496
   975   1174    861    465
   976   1157    838    505
   977   1173    876    451
   978   1199    829    472
   979   1200    828    472
   980   1139    923    438
   981   1191    851    458
   982   1161    846    493
   983   1171    850    479
   984   1163    881    456
   985   1104    900    496
   986   1088    894    518
   987   1119    879    502
   988   1143    854    503
   989   1148    830    522
   990   1148    858    494
   991   1161    867    472
   992   1124    904    472
   993   1154    844    502
   994   1196    810    494
   995   1174    840    486
   996   1158    879    463
   997   1153    864    483
   998   1161    823    516
   999   1117    903    480
  1000   1157    867    476
