# time (sweeps) | Susceptible | Infected | Recovered
     0    631    968    901
     1    662    924    914
     2    677    897    926
     3    722    869    909
     4    684    881    935
     5    708    897    895
     6    648    902    950
     7    687    903    910
     8    700    888    912
     9    657    921    922
    10    636    963    901
    11    616    945    939
    12    633    955    912
    13    633    919    948
    14    683    859    958
    15    683    914    903
    16    698    908    894
    17    693    905    902
    18    679    920    901
    19    705    889    906
    20    685    891    924
    21    704    858    938
    22    679    919    902
    23    706    908    886
    24    719    885    896
    25    673    901    926
    26    646    934    920
    27    625    944    931
    28    653    940    907
    29    669    898    933
    30    648    919    933
    31    661    932    907
    32    657    944    899
    33    659    912    929
    34    691    919    890
    35    656    934    910
    36    674    959    867
    37    694    927    879
    38    688    907    905
    39    668    885    947
    40    706    910    884
    41    652    923    925
    42    692    896    912
    43    642    940    918
    44    659    936    905
    45    679    936    885
    46    690    916    894
    47    667    918    915
    48    631    926    943
    49    667    930    903
    50    654    933    913
    51    658    927    915
    52    691    912    897
    53    677    896    927
    54    681    913    906
    55    698    895    907
    56    665    919    916
    57    646    926    928
    58    672    924    904
    59    673    934    893
    60    675    910    915
    61    666    878    956
    62    683    889    928
    63    677    874    949
    64    668    934    898
    65    681    899    920
    66    668    893    939
    67    627    924    949
    68    656    922    922
    69    687    890    923
    70    727    874    899
    71    713    936    851
    72    676    950    874
    73    650    957    893
    74    639    963    898
    75    647    929    924
    76    682    907    911
    77    718    890    892
    78    730    843    927
    79    709    869    922
    80    684    913    903
    81    700    899    901
    82    693    889    918
    83    719    897    884
    84    695    928    877
    85    654    959    887
    86    635    977    888
    87    637    947    916
    88    651    923    926
    89    667    892    941
    90    724    873    903
    91    736    870    894
    92    724    917    859
    93    704    868    928
    94    694    913    893
    95    717    912    871
    96    708    900    892
    97    748    895    857
    98    733    909    858
    99    680    937    883
   100    679    909    912
   101    665    888    947
   102    672    899    929
   103    715    890    895
   104    739    915    846
   105    689    920    891
   106    670    954    876
   107    665    947    888
   108    662    949    889
   109    689    903    908
   110    669    898    933
   111    696    868    936
   112    684    913    903
   113    676    970    854
   114    592    985    923
   115    583    953    964
   116    626    927    947
   117    669    897    934
   118    660    879    961
   119    629    895    976
   120    608    954    938
   121    676    919    905
   122    705    905    890
   123    680    919    901
   124    651    908    941
   125    632    898    970
   126    676    929    895
   127    684    893    923
   128    655    916    929
   129    646    927    927
   130    645    920    935
   131    678    886    936
   132    686    898    916
   133    690    902    908
   134    700    909    891
   135    724    914    862
   136    716    932    852
   137    647    953    900
   138    625    957    918
   139    645    937    918
   140    643    913    944
   141    646    907    947
   142    676    957    867
   143    627    955    918
   144    682    893    925
   145    700    906    894
   146    634    935    931
   147    658    912    930
   148    690    915    895
   149    640    954    906
   150    677    898    925
   151    660    922    918
   152    659    918    923
   153    678    911    911
   154    696    897    907
   155    690    879    931
   156    700    870    930
   157    731    880    889
   158    663    920    917
   159    689    867    944
   160    703    898    899
   161    681    929    890
   162    686    910    904
   163    651    968    881
   164    627    960    913
   165    650    935    915
   166    622    910    968
   167    659    892    949
   168    698    887    915
   169    706    891    903
   170    690    907    903
   171    708    854    938
   172    739    836    925
   173    776    858    866
   174    774    886    840
   175    674    943    883
   176    646    923    931
   177    610    958    932
   178    619    959    922
   179    649    946    905
   180    655    909    936
   181    677    902    921
   182    681    917    902
   183    660    948    892
   184    661    914    925
   185    664    916    920
   186    693    898    909
   187    692    896    912
   188    690    892    918
   189    666    882    952
   190    714    859    927
   191    666    912    922
   192    623    893    984
   193    677    889    934
   194    634    921    945
   195    674    905    921
   196    667    946    887
   197    660    929    911
   198    670    930    900
   199    634    958    908
   200    646    917    937
   201    660    898    942
   202    708    842    950
   203    730    856    914
   204    718    880    902
   205    739    868    893
   206    722    878    900
   207    720    894    886
   208    686    927    887
   209    675    914    911
   210    687    859    954
   211    705    881    914
   212    684    892    924
   213    698    898    904
   214    663    893    944
   215    652    893    955
   216    675    943    882
   217    676    929    895
   218    688    918    894
   219    705    864    931
   220    708    903    889
   221    690    909    901
   222    693    884    923
   223    718    870    912
   224    691    871    938
   225    736    885    879
   226    728    911    861
   227    712    893    895
   228    625    962    913
   229    636    943    921
   230    693    943    864
   231    654    926    920
   232    718    904    878
   233    667    921    912
   234    680    941    879
   235    690    942    868
   236    678    951    871
   237    649    973    878
   238    611    974    915
   239    656    916    928
   240    705    901    894
   241    682    941    877
   242    578    977    945
   243    667    886    947
   244    669    880    951
   245    685    888    927
   246    680    874    946
   247    734    880    886
   248    724    880    896
   249    710    871    919
   250    741    848    911
   251    749    861    890
   252    737    881    882
   253    737    909    854
   254    694    912    894
   255    703    881    916
   256    703    917    880
   257    702    902    896
   258    672    961    867
   259    660    930    910
   260    680    894    926
   261    674    893    933
   262    713    910    877
   263    695    983    822
   264    661    986    853
   265    705    930    865
   266    737    889    874
   267    714    905    881
   268    653    938    909
   269    659    894    947
   270    699    889    912
   271    698    893    909
   272    708    871    921
   273    702    865    933
   274    740    862    898
   275    741    865    894
   276    702    913    885
   277    676    926    898
   278    702    860    938
   279    737    853    910
   280    686    914    900
   281    674    903    923
   282    667    903    930
   283    690    911    899
   284    679    944    877
   285    624    965    911
   286    655    921    924
   287    669    897    934
   288    697    864    939
   289    705    894    901
   290    711    877    912
   291    716    886    898
   292    716    891    893
   293    680    935    885
   294    649    958    893
   295    652    972    876
   296    651    957    892
   297    622    964    914
   298    632    919    949
   299    677    913    910
   300    668    910    922
   301    687    907    906
   302    645    946    909
   303    686    915    899
   304    696    902    902
   305    706    914    880
   306    669    896    935
   307    687    895    918
   308    660    935    905
   309    650    931    919
   310    665    913    922
   311    676    907    917
   312    688    915    897
   313    692    885    923
   314    701    920    879
   315    653    929    918
   316    651    909    940
   317    663    912    925
   318    654    936    910
   319    610    946    944
   320    659    913    928
   321    637    925    938
   322    691    910    899
   323    691    900    909
   324    737    860    903
   325    727    872    901
   326    720    858    922
   327    671    939    890
   328    636    985    879
   329    636    986    878
   330    641    927    932
   331    639    928    933
   332    672    941    887
   333    667    909    924
   334    681    899    920
   335    686    887    927
   336    675    926    899
   337    668    909    923
   338    708    891    901
   339    707    904    889
   340    657    941    902
   341    683    905    912
   342    678    915    907
   343    668    932    900
   344    699    918    883
   345    666    935    899
   346    681    931    888
   347    655    887    958
   348    696    879    925
   349    692    914    894
   350    668    902    930
   351    679    894    927
   352    682    902    916
   353    647    958    895
   354    652    948    900
   355    663    908    929
   356    658    918    924
   357    649    913    938
   358    692    881    927
   359    694    859    947
   360    687    886    927
   361    726    889    885
   362    720    897    883
   363    664    993    843
   364    639    952    909
   365    652    931    917
   366    685    912    903
   367    669    894    937
   368    731    898    871
   369    719    895    886
   370    736    933    831
   371    698    906    896
   372    664    899    937
   373    716    871    913
   374    727    887    886
   375    702    888    910
   376    721    865    914
   377    743    847    910
   378    717    892    891
   379    732    884    884
   380    716    890    894
   381    733    868    899
   382    720    890    890
   383    719    921    860
   384    702    893    905
   385    707    925    868
   386    649    950    901
   387    681    906    913
   388    672    929    899
   389    671    927    902
   390    654    946    900
   391    626    970    904
   392    638    976    886
   393    628    940    932
   394    618    907    975
   395    655    912    933
   396    676    883    941
   397    656    920    924
   398    636    950    914
   399    640    934    926
   400    679    928    893
   401    669    922    909
   402    666    938    896
   403    677    940    883
   404    652    958    890
   405    682    954    864
   406    684    934    882
   407    693    942    865
   408    674    909    917
   409    693    924    883
   410    668    935    897
   411    643    966    891
   412    661    952    887
   413    650    964    886
   414    619   1011    870
   415    635    929    936
   416    697    921    882
   417    676    957    867
   418    695    919    886
   419    660    935    905
   420    639    931    930
   421    677    924    899
   422    684    919    897
   423    654    961    885
   424    654    950    896
   425    637    968    895
   426    658    943    899
   427    638    935    927
   428    668    900    932
   429    690    901    909
   430    688    939    873
   431    660    931    909
   432    703    888    909
   433    730    851    919
   434    718    889    893
   435    722    872    906
   436    640    954    906
   437    641    968    891
   438    670    907    923
   439    677    931    892
   440    687    896    917
   441    711    885    904
   442    765    838    897
   443    752    887    861
   444    670    924    906
   445    652    953    895
   446    635    961    904
   447    655    933    912
   448    639    947    914
   449    629    956    915
   450    640    916    944
   451    646    924    930
   452    647    910    943
   453    661    880    959
   454    686    935    879
   455    643    962    895
   456    621    978    901
   457    637    970    893
   458    630    949    921
   459    634    976    890
   460    666    925    909
   461    660    929    911
   462    635    926    939
   463    654    883    963
   464    684    904    912
   465    660    915    925
   466    631    944    925
   467    656    926    918
   468    693    906    901
   469    656    939    905
   470    674    877    949
   471    704    873    923
   472    719    921    860
   473    644    978    878
   474    645    912    943
   475    675    874    951
   476    734    884    882
   477    734    892    874
   478    690    918    892
   479    700    911    889
   480    707    904    889
   481    677    944    879
   482    664    944    892
   483    654    942    904
   484    672    901    927
   485    688    907    905
   486    658    930    912
   487    693    876    931
   488    691    868    941
   489    707    903    890
   490    694    875    931
   491    730    868    902
   492    718    906    876
   493    713    902    885
   494    659    929    912
   495    651    924    925
   496    626    937    937
   497    645    934    921
   498    675    889    936
   499    695    898    907
   500    664    937    899
   501    607    988    905
   502    635    930    935
   503    626    927    947
   504    641    943    916
   505    679    897    924
   506    669    931    900
   507    659    910    931
   508    645    884    971
   509    672    905    923
   510    636    947    917
   511    622    961    917
   512    658    874    968
   513    673    894    933
   514    645    896    959
   515    718    862    920
   516    720    879    901
   517    740    887    873
   518    771    850    879
   519    757    885    858
   520    709    890    901
   521    659    912    929
   522    630    931    939
   523    601    934    965
   524    667    912    921
   525    713    864    923
   526    734    871    895
   527    682    916    902
   528    656    936    908
   529    633    958    909
   530    666    902    932
   531    708    854    938
   532    726    897    877
   533    693    923    884
   534    679    913    908
   535    671    895    934
   536    630    938    932
   537    642    867    991
   538    691    876    933
   539    697    902    901
   540    653    935    912
   541    666    917    917
   542    660    888    952
   543    712    856    932
   544    693    845    962
   545    720    848    932
   546    735    861    904
   547    720    887    893
   548    707    931    862
   549    666    961    873
   550    669    935    896
   551    686    925    889
   552    680    970    850
   553    590    963    947
   554    646    895    959
   555    693    876    931
   556    682    902    916
   557    692    908    900
   558    710    897    893
   559    702    900    898
   560    716    902    882
   561    696    896    908
   562    657    954    889
   563    661    924    915
   564    670    933    897
   565    652    941    907
   566    648    902    950
   567    656    910    934
   568    655    923    922
   569    653    899    948
   570    713    914    873
   571    702    885    913
   572    688    891    921
   573    720    890    890
   574    669    947    884
   575    659    931    910
   576    655    925    920
   577    712    884    904
   578    687    913    900
   579    666    881    953
   580    710    905    885
   581    673    940    887
   582    652    918    930
   583    673    867    960
   584    692    859    949
   585    722    887    891
   586    709    879    912
   587    653    927    920
   588    656    953    891
   589    684    921    895
   590    654    924    922
   591    658    901    941
   592    652    892    956
   593    680    899    921
   594    682    952    866
   595    618    978    904
   596    628    971    901
   597    589    971    940
   598    639    927    934
   599    638    901    961
   600    655    906    939
   601    669    916    915
   602    678    936    886
   603    687    941    872
   604    632    925    943
   605    702    916    882
   606    644    931    925
   607    675    897    928
   608    646    932    922
   609    677    869    954
   610    666    860    974
   611    664    866    970
   612    721    840    939
   613    685    874    941
   614    696    916    888
   615    655    950    895
   616    615    905    980
   617    689    891    920
   618    702    886    912
   619    704    901    895
   620    696    892    912
   621    711    862    927
   622    696    923    881
   623    707    901    892
   624    670    897    933
   625    642    916    942
   626    682    894    924
   627    665    902    933
   628    656    896    948
   629    736    868    896
   630    748    824    928
   631    734    834    932
   632    742    851    907
   633    760    877    863
   634    699    919    882
   635    686    923    891
   636    666    945    889
   637    671    912    917
   638    662    923    915
   639    702    870    928
   640    654    894    952
   641    657    904    939
   642    704    870    926
   643    685    922    893
   644    680    934    886
   645    701    936    863
   646    624    973    903
   647    635    946    919
   648    608    950    942
   649    667    904    929
   650    673    898    929
   651    714    874    912
   652    682    898    920
   653    698    881    921
   654    764    856    880
   655    731    868    901
   656    679    906    915
   657    692    941    867
   658    652    955    893
   659    687    923    890
   660    604    997    899
   661    645    932    923
   662    641    925    934
   663    691    894    915
   664    691    930    879
   665    668    968    864
   666    666    951    883
   667    651    940    909
   668    691    908    901
   669    682    922    896
   670    696    887    917
   671    700    908    892
   672    696    902    902
   673    712    882    906
   674    712    920    868
   675    676    932    892
   676    705    898    897
   677    684    887    929
   678    692    892    916
   679    672    872    956
   680    696    885    919
   681    716    931    853
   682    696    946    858
   683    674    987    839
   684    677    974    849
   685    705    922    873
   686    684    909    907
   687    668    921    911
   688    662    916    922
   689    709    900    891
   690    706    900    894
   691    674    926    900
   692    696    849    955
   693    666    884    950
   694    677    911    912
   695    677    888    935
   696    688    917    895
   697    648    961    891
   698    623    931    946
   699    615    958    927
   700    635    906    959
   701    667    895    938
   702    694    905    901
   703    721    891    888
   704    679    963    858
   705    645    969    886
   706    642    932    926
   707    660    896    944
   708    688    905    907
   709    699    884    917
   710    640    909    951
   711    687    896    917
   712    733    878    889
   713    695    885    920
   714    667    946    887
   715    663    955    882
   716    646    951    903
   717    657    905    938
   718    638    936    926
   719    659    909    932
   720    651    947    902
   721    665    933    902
   722    672    945    883
   723    648    938    914
   724    682    901    917
   725    693    928    879
   726    714    928    858
   727    723    943    834
   728    669    941    890
   729    667    948    885
   730    678    906    916
   731    653    941    906
   732    651    930    919
   733    631    914    955
   734    661    892    947
   735    660    883    957
   736    676    911    913
   737    679    910    911
   738    689    940    871
   739    717    915    868
   740    700    945    855
   741    687    930    883
   742    668    935    897
   743    672    906    922
   744    672    891    937
   745    668    915    917
   746    726    869    905
   747    739    896    865
   748    693    913    894
   749    661    933    906
   750    686    905    909
   751    696    905    899
   752    673    921    906
   753    665    918    917
   754    695    899    906
   755    672    890    938
   756    670    914    916
   757    698    905    897
   758    705    876    919
   759    706    912    882
   760    713    941    846
   761    642    946    912
   762    621    955    924
   763    636    940    924
   764    686    901    913
   765    670    948    882
   766    637    940    923
   767    653    936    911
   768    658    907    935
   769    660    908    932
   770    699    907    894
   771    666    926    908
   772    671    893    936
   773    674    919    907
   774    700    932    868
   775    659    972    869
   776    665    917    918
   777    712    885    903
   778    678    920    902
   779    677    917    906
   780    700    892    908
   781    715    874    911
   782    700    899    901
   783    659    941    900
   784    636    931    933
   785    673    893    934
   786    672    956    872
   787    667    911    922
   788    655    940    905
   789    662    910    928
   790    683    864    953
   791    707    867    926
   792    713    926    861
   793    704    918    878
   794    679    919    902
   795    682    893    925
   796    696    909    895
   797    707    924    869
   798    680    934    886
   799    698    888    914
   800    687    889    924
   801    709    867    924
   802    690    893    917
   803    664    934    902
   804    678    948    874
   805    644    920    936
   806    632    919    949
   807    662    886    952
   808    675    912    913
   809    671    909    920
   810    689    873    938
   811    686    912    902
   812    635    949    916
   813    662    925    913
   814    642    913    945
   815    608    923    969
   816    666    878    956
   817    709    894    897
   818    671    926    903
   819    679    880    941
   820    698    851    951
   821    706    881    913
   822    692    891    917
   823    723    925    852
   824    704    908    888
   825    691    919    890
   826    728    901    871
   827    652    957    891
   828    673    950    877
   829    663    918    919
   830    691    919    890
   831    718    912    870
   832    698    909    893
   833    719    890    891
   834    712    946    842
   835    659    918    923
   836    717    884    899
   837    696    896    908
   838    698    918    884
   839    694    903    903
   840    687    936    877
   841    658    955    887
   842    618    932    950
   843    633    921    946
   844    698    892    910
   845    665    899    936
   846    698    861    941
   847    699    887    914
   848    711    857    932
   849    718    892    890
   850    678    925    897
   851    693    896    911
   852    679    949    872
   853    664    945    891
   854    634    935    931
   855    658    900    942
   856    719    866    915
   857    734    864    902
   858    721    911    868
   859    689    912    899
   860    718    909    873
   861    660    945    895
   862    671    919    910
   863    671    953    876
   864    675    916    909
   865    702    878    920
   866    676    926    898
   867    670    921    909
   868    691    902    907
   869    691    852    957
   870    710    876    914
   871    709    896    895
   872    697    911    892
   873    670    926    904
   874    692    904    904
   875    733    905    862
   876    713    874    913
   877    736    861    903
   878    711    879    910
   879    696    925    879
   880    658    910    932
   881    683    877    940
   882    742    844    914
   883    766    858    876
   884    759    864    877
   885    721    871    908
   886    696    902    902
   887    676    897    927
   888    712    862    926
   889    685    915    900
   890    689    938    873
   891    686    923    891
   892    675    958    867
   893    651    972    877
   894    658    930    912
   895    651    922    927
   896    702    833    965
   897    754    814    932
   898    709    900    891
   899    646    960    894
   900    638    927    935
   901    649    971    880
   902    616    951    933
   903    648    910    942
   904    672    892    936
   905    666    892    942
   906    723    911    866
   907    674    896    930
   908    689    932    879
   909    707    904    889
   910    666    904    930
   911    706    888    906
   912    659    917    924
   913    679    905    916
   914    695    892    913
   915    689    906    905
   916    669    917    914
   917    655    927    918
   918    659    917    924
   919    639    898    963
   920    688    872    940
   921    730    875    895
   922    729    878    893
   923    718    892    890
   924    678    930    892
   925    642    963    895
   926    594    957    949
   927    654    887    959
   928    668    900    932
   929    698    872    930
   930    693    897    910
   931    700    909    891
   932    705    863    932
   933    677    900    923
   934    698    928    874
   935    676    937    887
   936    692    923    885
   937    648    934    918
   938    634    934    932
   939    653    914    933
   940    658    938    904
   941    620    962    918
   942    645    924    931
   943    667    931    902
   944    688    951    861
   945    629    936    935
   946    615    919    966
   947    679    872    949
   948    698    876    926
   949    706    905    889
   950    694    917    889
   951    673    913    914
   952    679    898    923
   953    679    918    903
   954    679    902    919
   955    706    928    866
   956    681    912    907
   957    644    932    924
   958    674    918    908
   959    727    892    881
   960    705    913    882
   961    724    874    902
   962    702    861    937
   963    678    870    952
   964    704    912    884
   965    668    944    888
   966    664    965    871
   967    640    989    871
   968    619    952    929
   969    617    946    937
   970    653    928    919
   971    608    927    965
   972    671    899    930
   973    687    885    928
   974    701    884    915
   975    718    900    882
   976    704    913    883
   977    668    955    877
   978    626    991    883
   979    625    990    885
   980    660    964    876
   981    656    937    907
   982    671    911    918
   983    671    893    936
   984    664    907    929
   985    711    853    936
   986    718    889    893
   987    732    858    910
   988    749    873    878
   989    694    915    891
   990    657    955    888
   991    695    933    872
   992    645    952    903
   993    630    959    911
   994    654    939    907
   995    660    910    930
   996    663    896    941
   997    679    913    908
   998    657    952    891
   999    645    903    952
  1000    697    850    953
