# time (sweeps) | Susceptible | Infected | Recovered
     0   1175    856    469
     1   1152    866    482
     2   1162    825    513
     3   1163    840    497
     4   1145    867    488
     5   1156    840    504
     6   1170    871    459
     7   1197    822    481
     8   1215    823    462
     9   1233    824    443
    10   1213    805    482
    11   1162    833    505
    12   1176    828    496
    13   1197    833    470
    14   1178    851    471
    15   1162    883    455
    16   1177    847    476
    17   1168    849    483
    18   1188    846    466
    19   1154    830    516
    20   1182    834    484
    21   1140    884    476
    22   1213    802    485
    23   1192    888    420
    24   1139    876    485
    25   1161    865    474
    26   1174    830    496
    27   1197    792    511
    28   1233    792    475
    29   1210    784    506
    30   1219    786    495
    31   1235    800    465
    32   1269    762    469
    33   1228    787    485
    34   1210    809    481
    35   1176    858    466
    36   1181    836    483
    37   1142    829    529
    38   1140    881    479
    39   1145    869    486
    40   1188    852    460
    41   1172    839    489
    42   1179    842    479
    43   1171    865    464
    44   1135    888    477
    45   1161    867    472
    46   1122    881    497
    47   1144    879    477
    48   1103    920    477
    49   1122    895    483
    50   1112    873    515
    51   1161    831    508
    52   1186    832    482
    53   1135    881    484
    54   1164    844    492
    55   1129    854    517
    56   1132    839    529
    57   1203    800    497
    58   1134    888    478
    59   1202    799    499
    60   1222    809    469
    61   1208    826    466
    62   1233    820    447
    63   1209    807    484
    64   1247    796    457
    65   1261    811    428
    66   1153    879    468
    67   1118    852    530
    68   1177    820    503
    69   1182    833    485
    70   1182    816    502
    71   1169    865    466
    72   1159    883    458
    73   1171    859    470
    74   1136    875    489
    75   1153    834    513
    76   1189    828    483
    77   1174    855    471
    78   1171    836    493
    79   1128    854    518
    80   1164    817    519
    81   1211    834    455
    82   1211    825    464
    83   1179    879    442
    84   1169    856    475
    85   1154    871    475
    86   1149    871    480
    87   1176    847    477
    88   1160    869    471
    89   1151    883    466
    90   1168    841    491
    91   1154    859    487
    92   1190    854    456
    93   1158    872    470
    94   1159    881    460
    95   1145    845    510
    96   1142    881    477
    97   1182    841    477
    98   1148    881    471
    99   1194    816    490
   100   1236    796    468
   101   1165    834    501
   102   1150    873    477
   103   1162    841    497
   104   1192    854    454
   105   1136    901    463
   106   1147    868    485
   107   1205    797    498
   108   1223    809    468
   109   1155    881    464
   110   1172    836    492
   111   1184    839    477
   112   1124    915    461
   113   1117    875    508
   114   1193    818    489
   115   1169    835    496
   116   1157    869    474
   117   1163    872    465
   118   1157    846    497
   119   1172    876    452
   120   1147    869    484
   121   1109    903    488
   122   1118    879    503
   123   1179    848    473
   124   1160    860    480
   125   1182    853    465
   126   1164    867    469
   127   1186    827    487
   128   1171    856    473
   129   1140    882    478
   130   1118    886    496
   131   1102    899    499
   132   1126    867    507
   133   1154    854    492
   134   1151    849    500
   135   1124    894    482
   136   1159    829    512
   137   1226    806    468
   138   1205    802    493
   139   1203    839    458
   140   1246    779    475
   141   1243    769    488
   142   1256    801    443
   143   1218    819    463
   144   1213    788    499
   145   1221    819    460
   146   1172    849    479
   147   1216    808    476
   148   1261    790    449
   149   1223    824    453
   150   1178    865    457
   151   1136    868    496
   152   1118    895    487
   153   1162    871    467
   154   1114    902    484
   155   1124    905    471
   156   1108    850    542
   157   1148    849    503
   158   1217    816    467
   159   1205    824    471
   160   1226    835    439
   161   1155    868    477
   162   1170    827    503
   163   1223    825    452
   164   1179    859    462
   165   1178    882    440
   166   1197    808    495
   167   1258    765    477
   168   1181    834    485
   169   1180    839    481
   170   1128    871    501
   171   1105    870    525
   172   1157    819    524
   173   1172    794    534
   174   1201    820    479
   175   1212    837    451
   176   1157    898    445
   177   1145    876    479
   178   1159    844    497
   179   1243    802    455
   180   1210    825    465
   181   1161    865    474
   182   1166    864    470
   183   1099    867    534
   184   1151    839    510
   185   1193    779    528
   186   1178    811    511
   187   1205    797    498
   188   1145    825    530
   189   1154    802    544
   190   1183    809    508
   191   1231    778    491
   192   1253    788    459
   193   1243    797    460
   194   1202    833    465
   195   1202    840    458
   196   1178    842    480
   197   1208    844    448
   198   1176    876    448
   199   1107    904    489
   200   1104    883    513
   201   1239    773    488
   202   1243    781    476
   203   1212    830    458
   204   1210    801    489
   205   1176    855    469
   206   1207    851    442
   207   1210    825    465
   208   1173    850    477
   209   1160    863    477
   210   1235    797    468
   211   1157    870    473
   212   1194    826    480
   213   1183    840    477
   214   1158    815    527
   215   1201    808    491
   216   1168    859    473
   217   1132    887    481
   218   1177    827    496
   219   1195    812    493
   220   1179    828    493
   221   1213    800    487
   222   1171    865    464
   223   1196    822    482
   224   1169    834    497
   225   1162    851    487
   226   1144    851    505
   227   1163    855    482
   228   1157    852    491
   229   1164    846    490
   230   1148    876    476
   231   1139    851    510
   232   1171    825    504
   233   1205    809    486
   234   1183    830    487
   235   1197    807    496
   236   1233    748    519
   237   1190    830    480
   238   1184    853    463
   239   1167    875    458
   240   1183    822    495
   241   1195    816    489
   242   1196    813    491
   243   1209    803    488
   244   1187    823    490
   245   1215    821    464
   246   1234    802    464
   247   1176    879    445
   248   1128    883    489
   249   1120    874    506
   250   1198    830    472
   251   1210    818    472
   252   1159    881    460
   253   1143    845    512
   254   1205    809    486
   255   1183    834    483
   256   1159    860    481
   257   1191    809    500
   258   1199    798    503
   259   1196    806    498
   260   1175    814    511
   261   1189    815    496
   262   1219    821    460
   263   1225    814    461
   264   1163    861    476
   265   1183    847    470
   266   1174    836    490
   267   1156    837    507
   268   1143    853    504
   269   1204    823    473
   270   1235    769    496
   271   1244    799    457
   272   1159    893    448
   273   1135    872    493
   274   1160    831    509
   275   1203    812    485
   276   1190    826    484
   277   1203    842    455
   278   1217    839    444
   279   1171    882    447
   280   1152    891    457
   281   1129    897    474
   282   1146    861    493
   283   1147    863    490
   284   1132    858    510
   285   1179    832    489
   286   1140    887    473
   287   1113    886    501
   288   1202    827    471
   289   1164    873    463
   290   1123    903    474
   291   1124    866    510
   292   1136    847    517
   293   1124    861    515
   294   1168    847    485
   295   1135    846    519
   296   1170    834    496
   297   1173    838    489
   298   1165    855    480
   299   1122    867    511
   300   1127    873    500
   301   1166    855    479
   302   1155    864    481
   303   1109    887    504
   304   1179    828    493
   305   1174    845    481
   306   1228    813    459
   307   1194    844    462
   308   1200    835    465
   309   1206    822    472
   310   1195    839    466
   311   1162    853    485
   312   1123    869    508
   313   1167    816    517
   314   1194    820    486
   315   1192    838    470
   316   1173    844    483
   317   1172    851    477
   318   1175    845    480
   319   1183    866    451
   320   1161    857    482
   321   1107    913    480
   322   1120    850    530
   323   1145    851    504
   324   1168    803    529
   325   1207    818    475
   326   1219    796    485
   327   1236    785    479
   328   1199    833    468
   329   1132    880    488
   330   1168    880    452
   331   1129    870    501
   332   1132    884    484
   333   1170    843    487
   334   1163    831    506
   335   1180    843    477
   336   1220    819    461
   337   1240    806    454
   338   1236    799    465
   339   1278    744    478
   340   1259    807    434
   341   1253    790    457
   342   1217    836    447
   343   1184    826    490
   344   1179    844    477
   345   1175    857    468
   346   1113    892    495
   347   1150    829    521
   348   1170    830    500
   349   1191    832    477
   350   1183    827    490
   351   1164    862    474
   352   1180    849    471
   353   1192    822    486
   354   1155    850    495
   355   1180    818    502
   356   1175    837    488
   357   1090    902    508
   358   1170    830    500
   359   1190    832    478
   360   1169    853    478
   361   1123    874    503
   362   1154    874    472
   363   1158    838    504
   364   1161    849    490
   365   1149    860    491
   366   1158    833    509
   367   1138    879    483
   368   1149    880    471
   369   1146    874    480
   370   1135    874    491
   371   1136    880    484
   372   1119    884    497
   373   1148    848    504
   374   1167    862    471
   375   1165    853    482
   376   1172    837    491
   377   1183    825    492
   378   1133    877    490
   379   1118    871    511
   380   1140    856    504
   381   1130    854    516
   382   1181    829    490
   383   1209    837    454
   384   1235    797    468
   385   1212    823    465
   386   1202    821    477
   387   1139    869    492
   388   1193    831    476
   389   1127    881    492
   390   1143    865    492
   391   1137    856    507
   392   1210    774    516
   393   1168    852    480
   394   1197    824    479
   395   1163    830    507
   396   1227    805    468
   397   1202    829    469
   398   1161    855    484
   399   1128    879    493
   400   1176    837    487
   401   1195    821    484
   402   1171    828    501
   403   1173    864    463
   404   1190    828    482
   405   1217    808    475
   406   1160    832    508
   407   1139    861    500
   408   1159    879    462
   409   1103    901    496
   410   1184    821    495
   411   1213    834    453
   412   1186    848    466
   413   1159    849    492
   414   1120    830    550
   415   1197    811    492
   416   1258    802    440
   417   1263    776    461
   418   1198    818    484
   419   1207    847    446
   420   1197    823    480
   421   1164    840    496
   422   1180    819    501
   423   1180    782    538
   424   1193    819    488
   425   1165    842    493
   426   1187    844    469
   427   1121    876    503
   428   1160    825    515
   429   1204    775    521
   430   1217    790    493
   431   1202    825    473
   432   1200    843    457
   433   1183    837    480
   434   1162    835    503
   435   1199    812    489
   436   1194    823    483
   437   1214    823    463
   438   1269    778    453
   439   1190    831    479
   440   1212    818    470
   441   1172    844    484
   442   1148    865    487
   443   1157    863    480
   444   1152    834    514
   445   1201    804    495
   446   1166    837    497
   447   1177    843    480
   448   1138    872    490
   449   1128    873    499
   450   1141    847    512
   451   1212    801    487
   452   1267    774    459
   453   1208    844    448
   454   1141    874    485
   455   1166    855    479
   456   1183    830    487
   457   1166    835    499
   458   1161    861    478
   459   1117    890    493
   460   1128    847    525
   461   1155    831    514
   462   1148    829    523
   463   1189    802    509
   464   1131    850    519
   465   1190    853    457
   466   1155    870    475
   467   1104    892    504
   468   1155    851    494
   469   1184    788    528
   470   1202    800    498
   471   1234    805    461
   472   1206    808    486
   473   1207    817    476
   474   1219    818    463
   475   1188    851    461
   476   1219    801    480
   477   1216    833    451
   478   1158    870    472
   479   1139    837    524
   480   1162    803    535
   481   1224    807    469
   482   1166    845    489
   483   1161    852    487
   484   1191    821    488
   485   1189    822    489
   486   1201    819    480
   487   1235    831    434
   488   1220    815    465
   489   1171    849    480
   490   1172    863    465
   491   1214    844    442
   492   1230    808    462
   493   1262    767    471
   494   1236    833    431
   495   1170    836    494
   496   1168    837    495
   497   1171    799    530
   498   1209    771    520
   499   1212    805    483
   500   1215    842    443
   501   1137    916    447
   502   1141    873    486
   503   1112    878    510
   504   1156    857    487
   505   1151    840    509
   506   1115    892    493
   507   1086    908    506
   508   1114    888    498
   509   1117    860    523
   510   1153    856    491
   511   1161    839    500
   512   1240    773    487
   513   1225    793    482
   514   1191    845    464
   515   1158    856    486
   516   1216    811    473
   517   1195    851    454
   518   1170    850    480
   519   1193    822    485
   520   1154    860    486
   521   1150    843    507
   522   1171    861    468
   523   1155    837    508
   524   1151    855    494
   525   1218    819    463
   526   1187    860    453
   527   1138    863    499
   528   1208    839    453
   529   1144    876    480
   530   1187    870    443
   531   1188    846    466
   532   1202    813    485
   533   1207    817    476
   534   1182    842    476
   535   1152    875    473
   536   1130    894    476
   537   1138    865    497
   538   1155    830    515
   539   1139    856    505
   540   1135    898    467
   541   1167    841    492
   542   1165    850    485
   543   1166    848    486
   544   1187    843    470
   545   1114    915    471
   546   1118    889    493
   547   1164    857    479
   548   1119    884    497
   549   1171    829    500
   550   1218    792    490
   551   1223    832    445
   552   1204    807    489
   553   1208    815    477
   554   1146    876    478
   555   1156    839    505
   556   1192    817    491
   557   1172    861    467
   558   1196    844    460
   559   1153    869    478
   560   1177    867    456
   561   1167    867    466
   562   1150    865    485
   563   1138    884    478
   564   1179    829    492
   565   1178    870    452
   566   1152    852    496
   567   1164    857    479
   568   1159    836    505
   569   1164    859    477
   570   1178    845    477
   571   1176    844    480
   572   1177    831    492
   573   1185    828    487
   574   1159    863    478
   575   1152    844    504
   576   1156    846    498
   577   1128    870    502
   578   1157    873    470
   579   1102    900    498
   580   1154    860    486
   581   1170    843    487
   582   1155    863    482
   583   1119    900    481
   584   1118    893    489
   585   1117    856    527
   586   1137    867    496
   587   1190    825    485
   588   1199    836    465
   589   1123    887    490
   590   1146    884    470
   591   1207    820    473
   592   1200    814    486
   593   1158    851    491
   594   1190    834    476
   595   1195    834    471
   596   1199    818    483
   597   1200    842    458
   598   1172    880    448
   599   1152    872    476
   600   1167    865    468
   601   1138    852    510
   602   1145    864    491
   603   1103    892    505
   604   1160    844    496
   605   1179    843    478
   606   1176    852    472
   607   1230    804    466
   608   1250    799    451
   609   1226    800    474
   610   1199    842    459
   611   1115    913    472
   612   1178    835    487
   613   1128    896    476
   614   1116    877    507
   615   1124    916    460
   616   1145    887    468
   617   1232    802    466
   618   1199    791    510
   619   1238    791    471
   620   1238    800    462
   621   1216    804    480
   622   1199    803    498
   623   1181    857    462
   624   1184    815    501
   625   1182    821    497
   626   1210    808    482
   627   1232    793    475
   628   1210    838    452
   629   1194    849    457
   630   1170    851    479
   631   1193    832    475
   632   1144    903    453
   633   1139    860    501
   634   1188    826    486
   635   1160    835    505
   636   1148    844    508
   637   1192    833    475
   638   1161    868    471
   639   1180    813    507
   640   1191    832    477
   641   1150    844    506
   642   1200    817    483
   643   1228    810    462
   644   1192    841    467
   645   1136    875    489
   646   1200    791    509
   647   1222    794    484
   648   1191    842    467
   649   1237    784    479
   650   1237    790    473
   651   1166    859    475
   652   1185    867    448
   653   1150    873    477
   654   1197    832    471
   655   1144    872    484
   656   1145    856    499
   657   1196    823    481
   658   1133    893    474
   659   1224    814    462
   660   1195    807    498
   661   1196    829    475
   662   1183    841    476
   663   1159    853    488
   664   1168    850    482
   665   1203    833    464
   666   1195    819    486
   667   1201    824    475
   668   1187    838    475
   669   1165    829    506
   670   1148    865    487
   671   1201    802    497
   672   1234    760    506
   673   1211    809    480
   674   1162    885    453
   675   1158    867    475
   676   1159    841    500
   677   1206    827    467
   678   1193    826    481
   679   1202    811    487
   680   1229    771    500
   681   1217    788    495
   682   1166    846    488
   683   1168    839    493
   684   1176    845    479
   685   1151    855    494
   686   1126    871    503
   687   1221    793    486
   688   1254    801    445
   689   1228    834    438
   690   1259    810    431
   691   1209    849    442
   692   1210    837    453
   693   1204    818    478
   694   1199    846    455
   695   1172    854    474
   696   1131    862    507
   697   1152    847    501
   698   1155    865    480
   699   1151    852    497
   700   1188    825    487
   701   1148    873    479
   702   1178    855    467
   703   1173    854    473
   704   1126    872    502
   705   1132    869    499
   706   1152    855    493
   707   1172    831    497
   708   1213    796    491
   709   1208    828    464
   710   1206    821    473
   711   1212    811    477
   712   1233    776    491
   713   1241    793    466
   714   1173    861    466
   715   1159    866    475
   716   1135    883    482
   717   1120    905    475
   718   1129    900    471
   719   1225    791    484
   720   1205    813    482
   721   1228    821    451
   722   1178    862    460
   723   1156    879    465
   724   1156    863    481
   725   1127    886    487
   726   1126    893    481
   727   1095    927    478
   728   1151    851    498
   729   1178    879    443
   730   1162    844    494
   731   1127    862    511
   732   1155    854    491
   733   1177    794    529
   734   1200    812    488
   735   1163    846    491
   736   1181    821    498
   737   1179    846    475
   738   1190    820    490
   739   1208    800    492
   740   1196    840    464
   741   1152    853    495
   742   1213    814    473
   743   1221    801    478
   744   1216    816    468
   745   1215    804    481
   746   1241    782    477
   747   1242    790    468
   748   1213    804    483
   749   1245    796    459
   750   1251    777    472
   751   1194    854    452
   752   1166    837    497
   753   1182    849    469
   754   1156    849    495
   755   1164    852    484
   756   1137    876    487
   757   1161    861    478
   758   1178    837    485
   759   1168    856    476
   760   1119    894    487
   761   1140    866    494
   762   1187    819    494
   763   1252    803    445
   764   1244    841    415
   765   1163    878    459
   766   1155    866    479
   767   1204    817    479
   768   1151    856    493
   769   1226    778    496
   770   1240    770    490
   771   1217    830    453
   772   1221    834    445
   773   1167    865    468
   774   1159    841    500
   775   1109    904    487
   776   1149    880    471
   777   1160    874    466
   778   1173    881    446
   779   1170    878    452
   780   1098    917    485
   781   1147    838    515
   782   1203    825    472
   783   1223    823    454
   784   1193    850    457
   785   1194    833    473
   786   1177    856    467
   787   1131    866    503
   788   1125    850    525
   789   1174    838    488
   790   1147    882    471
   791   1145    877    478
   792   1126    862    512
   793   1190    834    476
   794   1151    873    476
   795   1133    879    488
   796   1130    861    509
   797   1133    847    520
   798   1146    857    497
   799   1188    819    493
   800   1258    778    464
   801   1206    835    459
   802   1165    858    477
   803   1128    841    531
   804   1178    815    507
   805   1210    776    514
   806   1199    850    451
   807   1141    876    483
   808   1144    829    527
   809   1148    873    479
   810   1116    902    482
   811   1132    896    472
   812   1151    860    489
   813   1122    896    482
   814   1058    906    536
   815   1104    892    504
   816   1140    854    506
   817   1125    842    533
   818   1117    848    535
   819   1142    872    486
   820   1178    839    483
   821   1172    853    475
   822   1196    849    455
   823   1223    824    453
   824   1218    836    446
   825   1175    822    503
   826   1206    816    478
   827   1229    806    465
   828   1214    832    454
   829   1184    832    484
   830   1169    831    500
   831   1143    840    517
   832   1155    886    459
   833   1151    913    436
   834   1164    848    488
   835   1219    788    493
   836   1238    801    461
   837   1183    847    470
   838   1160    859    481
   839   1190    809    501
   840   1209    806    485
   841   1274    771    455
   842   1237    840    423
   843   1215    845    440
   844   1207    818    475
   845   1153    843    504
   846   1171    849    480
   847   1145    867    488
   848   1189    811    500
   849   1175    839    486
   850   1182    857    461
   851   1136    898    466
   852   1137    854    509
   853   1119    896    485
   854   1131    872    497
   855   1129    859    512
   856   1160    823    517
   857   1194    818    488
   858   1179    821    500
   859   1212    811    477
   860   1156    835    509
   861   1144    871    485
   862   1149    872    479
   863   1153    854    493
   864   1140    871    489
   865   1144    858    498
   866   1145    849    506
   867   1159    842    499
   868   1132    866    502
   869   1194    782    524
   870   1221    774    505
   871   1208    815    477
   872   1196    879    425
   873   1131    916    453
   874   1117    893    490
   875   1167    863    470
   876   1186    851    463
   877   1230    761    509
   878   1224    812    464
   879   1195    827    478
   880   1166    855    479
   881   1196    853    451
   882   1170    861    469
   883   1116    906    478
   884   1133    864    503
   885   1133    876    491
   886   1168    829    503
   887   1204    827    469
   888   1140    861    499
   889   1147    872    481
   890   1189    834    477
   891   1198    820    482
   892   1199    853    448
   893   1164    841    495
   894   1158    854    488
   895   1125    866    509
   896   1127    856    517
   897   1142    864    494
   898   1190    788    522
   899   1213    800    487
   900   1202    836    462
   901   1187    851    462
   902   1193    831    476
   903   1185    848    467
   904   1194    799    507
   905   1190    834    476
   906   1166    868    466
   907   1180    844    476
   908   1224    804    472
   909   1178    825    497
   910   1240    789    471
   911   1220    817    463
   912   1265    777    458
   913   1255    822    423
   914   1185    858    457
   915   1186    842    472
   916   1145    869    486
   917   1110    887    503
   918   1154    875    471
   919   1154    872    474
   920   1171    834    495
   921   1186    828    486
   922   1215    802    483
   923   1256    789    455
   924   1156    839    505
   925   1217    789    494
   926   1207    798    495
   927   1154    869    477
   928   1143    857    500
   929   1171    865    464
   930   1171    867    462
   931   1227    810    463
   932   1161    860    479
   933   1133    882    485
   934   1132    865    503
   935   1078    910    512
   936   1140    850    510
   937   1159    887    454
   938   1100    915    485
   939   1048    935    517
   940   1083    840    577
   941   1135    850    515
   942   1161    833    506
   943   1162    862    476
   944   1135    884    481
   945   1171    832    497
   946   1147    860    493
   947   1137    854    509
   948   1185    835    480
   949   1199    830    471
   950   1173    839    488
   951   1151    860    489
   952   1196    824    480
   953   1166    860    474
   954   1132    860    508
   955   1203    823    474
   956   1162    825    513
   957   1177    824    499
   958   1189    803    508
   959   1186    868    446
   960   1117    886    497
   961   1107    891    502
   962   1152    837    511
   963   1150    866    484
   964   1124    871    505
   965   1173    830    497
   966   1174    829    497
   967   1168    875    457
   968   1153    853    494
   969   1114    901    485
   970   1148    861    491
   971   1124    883    493
   972   1171    850    479
   973   1134    905    461
   974   1131    864    505
   975   1141    884    475
   976   1191    835    474
   977   1165    852    483
   978   1135    856    509
   979   1226    769    505
   980   1152    858    490
   981   1189    829    482
   982   1125    883    492
   983   1112    891    497
   984   1149    853    498
   985   1186    824    490
   986   1203    827    470
   987   1221    806    473
   988   1164    822    514
   989   1153    862    485
   990   1141    895    464
   991   1138    871    491
   992   1161    872    467
   993   1156    844    500
   994   1134    870    496
   995   1119    867    514
   996   1171    879    450
   997   1177    859    464
   998   1166    881    453
   999   1182    835    483
  1000   1137    840    523
