# time (sweeps) | Susceptible | Infected | Recovered
     0   1440    459    601
     1   1496    442    562
     2   1502    442    556
     3   1499    447    554
     4   1496    453    551
     5   1506    445    549
     6   1494    466    540
     7   1489    478    533
     8   1478    474    548
     9   1476    451    573
    10   1456    477    567
    11   1465    479    556
    12   1461    492    547
    13   1438    499    563
    14   1448    457    595
    15   1437    482    581
    16   1440    491    569
    17   1380    498    622
    18   1436    485    579
    19   1441    459    600
    20   1460    433    607
    21   1498    435    567
    22   1506    461    533
    23   1508    474    518
    24   1495    489    516
    25   1453    511    536
    26   1430    503    567
    27   1415    544    541
    28   1381    525    594
    29   1388    497    615
    30   1390    516    594
    31   1371    510    619
    32   1393    521    586
    33   1388    526    586
    34   1400    507    593
    35   1387    530    583
    36   1369    517    614
    37   1410    497    593
    38   1413    486    601
    39   1407    512    581
    40   1366    537    597
    41   1396    504    600
    42   1419    499    582
    43   1377    524    599
    44   1376    517    607
    45   1395    519    586
    46   1376    528    596
    47   1358    513    629
    48   1411    476    613
    49   1429    487    584
    50   1440    499    561
    51   1415    522    563
    52   1394    531    575
    53   1358    553    589
    54   1343    535    622
    55   1362    512    626
    56   1364    507    629
    57   1432    458    610
    58   1476    448    576
    59   1475    461    564
    60   1467    474    559
    61   1477    464    559
    62   1458    475    567
    63   1488    464    548
    64   1469    484    547
    65   1456    475    569
    66   1492    426    582
    67   1493    419    588
    68   1490    440    570
    69   1538    413    549
    70   1559    431    510
    71   1597    417    486
    72   1595    398    507
    73   1550    442    508
    74   1513    483    504
    75   1521    453    526
    76   1516    433    551
    77   1518    421    561
    78   1557    400    543
    79   1595    394    511
    80   1585    403    512
    81   1587    403    510
    82   1581    407    512
    83   1570    419    511
    84   1591    386    523
    85   1622    382    496
    86   1607    392    501
    87   1612    406    482
    88   1627    424    449
    89   1595    424    481
    90   1567    442    491
    91   1556    436    508
    92   1583    407    510
    93   1565    446    489
    94   1555    456    489
    95   1531    446    523
    96   1536    443    521
    97   1541    438    521
    98   1514    457    529
    99   1501    484    515
   100   1462    486    552
   101   1456    436    608
   102   1521    415    564
   103   1526    452    522
   104   1508    435    557
   105   1513    454    533
   106   1501    463    536
   107   1440    506    554
   108   1434    480    586
   109   1458    449    593
   110   1426    511    563
   111   1409    521    570
   112   1427    522    551
   113   1408    481    611
   114   1436    450    614
   115   1494    427    579
   116   1492    466    542
   117   1500    454    546
   118   1515    427    558
   119   1549    429    522
   120   1509    451    540
   121   1533    437    530
   122   1522    447    531
   123   1507    439    554
   124   1515    426    559
   125   1576    412    512
   126   1556    424    520
   127   1572    430    498
   128   1637    375    488
   129   1646    377    477
   130   1683    369    448
   131   1687    357    456
   132   1668    372    460
   133   1673    371    456
   134   1664    376    460
   135   1698    359    443
   136   1696    372    432
   137   1698    360    442
   138   1670    405    425
   139   1663    386    451
   140   1636    409    455
   141   1643    400    457
   142   1608    425    467
   143   1556    450    494
   144   1535    434    531
   145   1527    447    526
   146   1493    482    525
   147   1456    510    534
   148   1483    469    548
   149   1466    501    533
   150   1463    494    543
   151   1471    447    582
   152   1452    483    565
   153   1437    491    572
   154   1463    482    555
   155   1453    473    574
   156   1457    471    572
   157   1459    476    565
   158   1455    499    546
   159   1457    511    532
   160   1464    508    528
   161   1425    521    554
   162   1421    492    587
   163   1452    470    578
   164   1499    446    555
   165   1486    452    562
   166   1505    444    551
   167   1509    441    550
   168   1505    446    549
   169   1504    457    539
   170   1497    442    561
   171   1492    465    543
   172   1500    467    533
   173   1489    456    555
   174   1439    480    581
   175   1452    454    594
   176   1458    468    574
   177   1458    478    564
   178   1487    460    553
   179   1435    499    566
   180   1487    444    569
   181   1485    464    551
   182   1473    479    548
   183   1479    464    557
   184   1495    439    566
   185   1484    482    534
   186   1476    476    548
   187   1505    472    523
   188   1513    469    518
   189   1497    460    543
   190   1490    480    530
   191   1493    483    524
   192   1519    441    540
   193   1528    452    520
   194   1512    476    512
   195   1490    470    540
   196   1491    445    564
   197   1517    444    539
   198   1533    419    548
   199   1546    407    547
   200   1559    407    534
   201   1539    419    542
   202   1541    418    541
   203   1567    395    538
   204   1626    375    499
   205   1604    416    480
   206   1631    401    468
   207   1628    402    470
   208   1619    401    480
   209   1622    413    465
   210   1619    416    465
   211   1621    412    467
   212   1604    419    477
   213   1597    422    481
   214   1610    390    500
   215   1615    424    461
   216   1583    445    472
   217   1574    445    481
   218   1530    445    525
   219   1492    472    536
   220   1470    489    541
   221   1459    491    550
   222   1468    483    549
   223   1482    468    550
   224   1492    453    555
   225   1496    464    540
   226   1455    502    543
   227   1439    485    576
   228   1459    471    570
   229   1452    452    596
   230   1521    419    560
   231   1476    455    569
   232   1496    460    544
   233   1515    444    541
   234   1517    451    532
   235   1501    450    549
   236   1482    478    540
   237   1480    479    541
   238   1478    487    535
   239   1497    445    558
   240   1540    424    536
   241   1534    444    522
   242   1542    458    500
   243   1535    463    502
   244   1534    438    528
   245   1516    472    512
   246   1517    448    535
   247   1536    427    537
   248   1525    441    534
   249   1546    416    538
   250   1523    459    518
   251   1516    453    531
   252   1522    439    539
   253   1499    449    552
   254   1521    435    544
   255   1564    419    517
   256   1607    382    511
   257   1609    401    490
   258   1589    388    523
   259   1598    384    518
   260   1604    399    497
   261   1610    371    519
   262   1648    384    468
   263   1628    402    470
   264   1631    386    483
   265   1622    393    485
   266   1631    397    472
   267   1623    420    457
   268   1598    439    463
   269   1550    448    502
   270   1561    433    506
   271   1560    427    513
   272   1572    407    521
   273   1544    447    509
   274   1523    446    531
   275   1551    430    519
   276   1502    477    521
   277   1469    489    542
   278   1432    483    585
   279   1452    453    595
   280   1446    449    605
   281   1477    455    568
   282   1503    476    521
   283   1497    438    565
   284   1512    437    551
   285   1533    415    552
   286   1546    443    511
   287   1515    452    533
   288   1514    461    525
   289   1470    501    529
   290   1451    499    550
   291   1445    501    554
   292   1429    502    569
   293   1406    540    554
   294   1394    550    556
   295   1366    533    601
   296   1359    519    622
   297   1386    509    605
   298   1409    505    586
   299   1402    490    608
   300   1388    529    583
   301   1381    485    634
   302   1424    468    608
   303   1400    486    614
   304   1446    481    573
   305   1464    466    570
   306   1497    435    568
   307   1520    436    544
   308   1527    430    543
   309   1524    460    516
   310   1538    429    533
   311   1549    448    503
   312   1528    473    499
   313   1500    491    509
   314   1483    472    545
   315   1491    457    552
   316   1472    484    544
   317   1498    456    546
   318   1495    456    549
   319   1512    431    557
   320   1511    442    547
   321   1491    486    523
   322   1474    487    539
   323   1456    504    540
   324   1408    513    579
   325   1429    521    550
   326   1420    502    578
   327   1394    516    590
   328   1388    504    608
   329   1380    497    623
   330   1379    480    641
   331   1399    486    615
   332   1387    525    588
   333   1379    526    595
   334   1394    512    594
   335   1411    525    564
   336   1390    532    578
   337   1412    522    566
   338   1408    518    574
   339   1410    511    579
   340   1428    478    594
   341   1468    445    587
   342   1488    455    557
   343   1480    458    562
   344   1474    477    549
   345   1501    456    543
   346   1532    429    539
   347   1532    433    535
   348   1548    411    541
   349   1571    406    523
   350   1542    463    495
   351   1549    442    509
   352   1545    462    493
   353   1497    479    524
   354   1501    449    550
   355   1502    443    555
   356   1520    423    557
   357   1573    416    511
   358   1565    415    520
   359   1576    407    517
   360   1572    418    510
   361   1562    452    486
   362   1549    435    516
   363   1525    455    520
   364   1514    483    503
   365   1472    499    529
   366   1463    467    570
   367   1480    453    567
   368   1514    436    550
   369   1521    452    527
   370   1551    417    532
   371   1598    408    494
   372   1585    429    486
   373   1585    420    495
   374   1554    451    495
   375   1503    487    510
   376   1488    489    523
   377   1496    490    514
   378   1488    485    527
   379   1507    498    495
   380   1472    505    523
   381   1450    518    532
   382   1486    475    539
   383   1459    486    555
   384   1408    513    579
   385   1434    497    569
   386   1434    497    569
   387   1449    500    551
   388   1405    536    559
   389   1395    552    553
   390   1360    560    580
   391   1367    533    600
   392   1381    532    587
   393   1407    526    567
   394   1378    533    589
   395   1388    502    610
   396   1412    473    615
   397   1465    438    597
   398   1457    448    595
   399   1479    435    586
   400   1493    438    569
   401   1535    394    571
   402   1583    405    512
   403   1580    459    461
   404   1536    485    479
   405   1482    461    557
   406   1499    460    541
   407   1478    479    543
   408   1464    503    533
   409   1464    507    529
   410   1451    488    561
   411   1465    461    574
   412   1457    449    594
   413   1475    461    564
   414   1462    471    567
   415   1491    467    542
   416   1469    459    572
   417   1493    461    546
   418   1515    433    552
   419   1537    438    525
   420   1549    419    532
   421   1553    407    540
   422   1550    456    494
   423   1550    446    504
   424   1518    454    528
   425   1507    462    531
   426   1555    446    499
   427   1552    424    524
   428   1559    446    495
   429   1585    433    482
   430   1565    430    505
   431   1520    481    499
   432   1491    487    522
   433   1506    474    520
   434   1490    472    538
   435   1478    469    553
   436   1500    452    548
   437   1556    437    507
   438   1527    461    512
   439   1498    470    532
   440   1494    495    511
   441   1471    491    538
   442   1440    469    591
   443   1469    457    574
   444   1471    455    574
   445   1490    450    560
   446   1468    460    572
   447   1457    463    580
   448   1499    428    573
   449   1518    428    554
   450   1548    423    529
   451   1526    445    529
   452   1507    449    544
   453   1540    425    535
   454   1590    419    491
   455   1585    433    482
   456   1601    404    495
   457   1573    432    495
   458   1529    453    518
   459   1512    467    521
   460   1515    480    505
   461   1498    469    533
   462   1499    458    543
   463   1498    465    537
   464   1477    486    537
   465   1446    513    541
   466   1393    524    583
   467   1403    505    592
   468   1438    480    582
   469   1465    489    546
   470   1496    450    554
   471   1486    472    542
   472   1495    483    522
   473   1486    497    517
   474   1436    478    586
   475   1434    472    594
   476   1457    474    569
   477   1486    481    533
   478   1468    486    546
   479   1450    508    542
   480   1407    502    591
   481   1402    500    598
   482   1432    449    619
   483   1453    481    566
   484   1449    481    570
   485   1436    501    563
   486   1405    511    584
   487   1377    509    614
   488   1365    517    618
   489   1385    499    616
   490   1396    491    613
   491   1410    474    616
   492   1435    459    606
   493   1459    466    575
   494   1461    474    565
   495   1461    472    567
   496   1479    452    569
   497   1476    453    571
   498   1474    451    575
   499   1486    467    547
   500   1490    472    538
   501   1447    494    559
   502   1432    483    585
   503   1437    476    587
   504   1462    472    566
   505   1478    466    556
   506   1494    460    546
   507   1482    473    545
   508   1483    492    525
   509   1479    476    545
   510   1470    483    547
   511   1479    473    548
   512   1461    516    523
   513   1427    489    584
   514   1468    485    547
   515   1482    461    557
   516   1485    458    557
   517   1506    446    548
   518   1543    459    498
   519   1513    488    499
   520   1447    510    543
   521   1466    501    533
   522   1437    510    553
   523   1380    569    551
   524   1362    528    610
   525   1365    523    612
   526   1380    483    637
   527   1427    460    613
   528   1406    490    604
   529   1437    486    577
   530   1401    527    572
   531   1411    509    580
   532   1417    516    567
   533   1448    485    567
   534   1421    507    572
   535   1383    525    592
   536   1406    493    601
   537   1450    499    551
   538   1464    479    557
   539   1473    448    579
   540   1493    424    583
   541   1488    433    579
   542   1539    395    566
   543   1553    430    517
   544   1562    435    503
   545   1519    442    539
   546   1548    449    503
   547   1552    431    517
   548   1578    409    513
   549   1603    403    494
   550   1586    398    516
   551   1589    385    526
   552   1652    353    495
   553   1654    375    471
   554   1647    370    483
   555   1668    383    449
   556   1682    378    440
   557   1657    379    464
   558   1664    368    468
   559   1655    382    463
   560   1645    403    452
   561   1607    432    461
   562   1589    419    492
   563   1578    444    478
   564   1551    447    502
   565   1587    421    492
   566   1576    431    493
   567   1604    411    485
   568   1568    450    482
   569   1539    473    488
   570   1515    457    528
   571   1504    476    520
   572   1494    479    527
   573   1481    476    543
   574   1453    496    551
   575   1442    485    573
   576   1410    530    560
   577   1394    492    614
   578   1426    490    584
   579   1423    505    572
   580   1465    482    553
   581   1437    481    582
   582   1439    485    576
   583   1431    480    589
   584   1432    472    596
   585   1459    474    567
   586   1480    476    544
   587   1514    459    527
   588   1502    490    508
   589   1479    482    539
   590   1449    500    551
   591   1417    502    581
   592   1420    508    572
   593   1418    485    597
   594   1441    488    571
   595   1418    500    582
   596   1411    495    594
   597   1406    498    596
   598   1427    461    612
   599   1490    426    584
   600   1528    422    550
   601   1494    467    539
   602   1486    483    531
   603   1496    485    519
   604   1476    480    544
   605   1456    475    569
   606   1482    463    555
   607   1477    495    528
   608   1483    470    547
   609   1464    493    543
   610   1419    518    563
   611   1439    498    563
   612   1468    474    558
   613   1490    470    540
   614   1503    454    543
   615   1495    463    542
   616   1494    455    551
   617   1457    495    548
   618   1451    479    570
   619   1479    461    560
   620   1478    484    538
   621   1480    496    524
   622   1462    462    576
   623   1485    447    568
   624   1496    432    572
   625   1495    453    552
   626   1503    447    550
   627   1511    453    536
   628   1524    430    546
   629   1536    440    524
   630   1548    441    511
   631   1544    438    518
   632   1523    464    513
   633   1479    492    529
   634   1477    494    529
   635   1443    501    556
   636   1449    492    559
   637   1422    493    585
   638   1417    497    586
   639   1430    493    577
   640   1414    512    574
   641   1437    485    578
   642   1432    475    593
   643   1458    475    567
   644   1427    516    557
   645   1401    533    566
   646   1396    519    585
   647   1421    466    613
   648   1433    475    592
   649   1452    477    571
   650   1424    491    585
   651   1439    479    582
   652   1449    488    563
   653   1494    445    561
   654   1480    463    557
   655   1510    431    559
   656   1501    449    550
   657   1470    487    543
   658   1450    490    560
   659   1448    479    573
   660   1457    437    606
   661   1465    474    561
   662   1515    426    559
   663   1494    457    549
   664   1479    475    546
   665   1452    494    554
   666   1473    496    531
   667   1447    511    542
   668   1435    508    557
   669   1427    518    555
   670   1382    544    574
   671   1337    572    591
   672   1350    537    613
   673   1371    516    613
   674   1356    539    605
   675   1380    502    618
   676   1407    499    594
   677   1423    482    595
   678   1426    506    568
   679   1438    475    587
   680   1477    450    573
   681   1508    432    560
   682   1525    414    561
   683   1497    469    534
   684   1454    517    529
   685   1461    487    552
   686   1427    507    566
   687   1411    489    600
   688   1451    470    579
   689   1493    433    574
   690   1523    459    518
   691   1551    434    515
   692   1514    460    526
   693   1493    458    549
   694   1544    418    538
   695   1544    416    540
   696   1547    425    528
   697   1544    445    511
   698   1534    452    514
   699   1502    480    518
   700   1461    516    523
   701   1434    509    557
   702   1447    474    579
   703   1425    460    615
   704   1461    438    601
   705   1497    425    578
   706   1504    450    546
   707   1533    428    539
   708   1553    416    531
   709   1564    402    534
   710   1582    421    497
   711   1555    441    504
   712   1540    436    524
   713   1555    420    525
   714   1548    420    532
   715   1576    417    507
   716   1554    435    511
   717   1528    459    513
   718   1489    457    554
   719   1517    456    527
   720   1527    432    541
   721   1551    410    539
   722   1541    457    502
   723   1547    434    519
   724   1508    485    507
   725   1487    498    515
   726   1477    499    524
   727   1431    511    558
   728   1413    533    554
   729   1386    572    542
   730   1344    559    597
   731   1340    533    627
   732   1365    541    594
   733   1364    518    618
   734   1389    514    597
   735   1423    462    615
   736   1466    450    584
   737   1459    455    586
   738   1470    470    560
   739   1493    474    533
   740   1531    446    523
   741   1535    437    528
   742   1485    468    547
   743   1511    432    557
   744   1490    449    561
   745   1474    463    563
   746   1505    442    553
   747   1527    465    508
   748   1524    454    522
   749   1506    422    572
   750   1529    401    570
   751   1591    358    551
   752   1609    378    513
   753   1637    371    492
   754   1630    398    472
   755   1653    368    479
   756   1652    372    476
   757   1671    353    476
   758   1674    359    467
   759   1651    398    451
   760   1643    407    450
   761   1588    443    469
   762   1557    469    474
   763   1517    482    501
   764   1505    452    543
   765   1497    446    557
   766   1513    466    521
   767   1473    512    515
   768   1434    515    551
   769   1448    501    551
   770   1419    501    580
   771   1463    452    585
   772   1457    440    603
   773   1453    467    580
   774   1500    427    573
   775   1539    396    565
   776   1577    410    513
   777   1594    397    509
   778   1585    420    495
   779   1560    457    483
   780   1547    460    493
   781   1493    495    512
   782   1470    495    535
   783   1472    460    568
   784   1500    440    560
   785   1497    466    537
   786   1490    484    526
   787   1496    463    541
   788   1514    451    535
   789   1536    407    557
   790   1530    419    551
   791   1552    395    553
   792   1546    430    524
   793   1569    408    523
   794   1591    395    514
   795   1610    374    516
   796   1622    395    483
   797   1613    422    465
   798   1606    446    448
   799   1572    450    478
   800   1569    450    481
   801   1551    463    486
   802   1585    416    499
   803   1604    393    503
   804   1608    416    476
   805   1571    422    507
   806   1593    421    486
   807   1595    428    477
   808   1564    436    500
   809   1552    455    493
   810   1565    435    500
   811   1567    424    509
   812   1569    382    549
   813   1581    421    498
   814   1566    427    507
   815   1589    421    490
   816   1499    505    496
   817   1445    514    541
   818   1466    487    547
   819   1468    482    550
   820   1445    522    533
   821   1447    486    567
   822   1437    492    571
   823   1428    470    602
   824   1424    513    563
   825   1433    510    557
   826   1450    471    579
   827   1488    408    604
   828   1514    392    594
   829   1551    398    551
   830   1573    410    517
   831   1591    405    504
   832   1600    404    496
   833   1563    464    473
   834   1525    477    498
   835   1501    495    504
   836   1458    496    546
   837   1461    459    580
   838   1482    450    568
   839   1485    478    537
   840   1484    477    539
   841   1469    482    549
   842   1479    459    562
   843   1477    466    557
   844   1504    449    547
   845   1525    443    532
   846   1515    439    546
   847   1529    408    563
   848   1557    426    517
   849   1555    425    520
   850   1552    449    499
   851   1525    459    516
   852   1516    464    520
   853   1496    472    532
   854   1464    470    566
   855   1505    435    560
   856   1492    481    527
   857   1469    484    547
   858   1490    456    554
   859   1501    444    555
   860   1468    495    537
   861   1489    463    548
   862   1472    463    565
   863   1492    464    544
   864   1493    487    520
   865   1450    505    545
   866   1447    495    558
   867   1430    500    570
   868   1422    505    573
   869   1442    486    572
   870   1428    489    583
   871   1440    488    572
   872   1434    490    576
   873   1418    484    598
   874   1443    506    551
   875   1414    512    574
   876   1394    497    609
   877   1422    479    599
   878   1441    476    583
   879   1440    501    559
   880   1435    512    553
   881   1454    482    564
   882   1451    470    579
   883   1458    478    564
   884   1447    529    524
   885   1424    525    551
   886   1378    530    592
   887   1381    496    623
   888   1397    506    597
   889   1377    521    602
   890   1335    561    604
   891   1357    520    623
   892   1375    521    604
   893   1394    510    596
   894   1425    485    590
   895   1470    452    578
   896   1517    449    534
   897   1515    448    537
   898   1513    446    541
   899   1523    423    554
   900   1536    413    551
   901   1562    419    519
   902   1524    438    538
   903   1539    434    527
   904   1501    459    540
   905   1493    456    551
   906   1488    440    572
   907   1484    445    571
   908   1520    421    559
   909   1528    435    537
   910   1526    437    537
   911   1506    479    515
   912   1489    494    517
   913   1478    477    545
   914   1477    459    564
   915   1439    470    591
   916   1457    471    572
   917   1451    469    580
   918   1433    510    557
   919   1439    515    546
   920   1476    471    553
   921   1471    452    577
   922   1518    422    560
   923   1527    429    544
   924   1543    443    514
   925   1520    440    540
   926   1540    428    532
   927   1548    436    516
   928   1549    434    517
   929   1548    434    518
   930   1585    408    507
   931   1560    442    498
   932   1578    415    507
   933   1583    386    531
   934   1603    374    523
   935   1639    365    496
   936   1630    380    490
   937   1635    369    496
   938   1584    418    498
   939   1571    418    511
   940   1579    415    506
   941   1560    414    526
   942   1538    438    524
   943   1520    462    518
   944   1515    456    529
   945   1537    436    527
   946   1507    449    544
   947   1511    431    558
   948   1486    462    552
   949   1488    500    512
   950   1464    498    538
   951   1463    509    528
   952   1470    486    544
   953   1447    479    574
   954   1470    471    559
   955   1445    464    591
   956   1465    439    596
   957   1475    429    596
   958   1486    436    578
   959   1522    423    555
   960   1544    425    531
   961   1554    426    520
   962   1562    409    529
   963   1566    407    527
   964   1588    408    504
   965   1569    428    503
   966   1562    443    495
   967   1550    447    503
   968   1548    467    485
   969   1534    463    503
   970   1505    484    511
   971   1484    486    530
   972   1465    473    562
   973   1484    454    562
   974   1524    414    562
   975   1530    448    522
   976   1529    446    525
   977   1543    440    517
   978   1540    431    529
   979   1543    430    527
   980   1476    462    562
   981   1495    435    570
   982   1532    441    527
   983   1527    446    527
   984   1558    418    524
   985   1582    424    494
   986   1605    403    492
   987   1552    450    498
   988   1530    463    507
   989   1490    500    510
   990   1450    507    543
   991   1455    494    551
   992   1378    517    605
   993   1424    491    585
   994   1429    504    567
   995   1420    523    557
   996   1419    478    603
   997   1471    448    581
   998   1488    460    552
   999   1500    463    537
  1000   1504    452    544
