# time (sweeps) | Susceptible | Infected | Recovered
     0   1559    550    391
     1   1585    529    386
     2   1596    528    376
     3   1594    544    362
     4   1552    582    366
     5   1560    567    373
     6   1544    595    361
     7   1523    601    376
     8   1530    560    410
     9   1530    578    392
    10   1534    568    398
    11   1569    575    356
    12   1538    591    371
    13   1500    607    393
    14   1556    571    373
    15   1564    540    396
    16   1558    560    382
    17   1537    575    388
    18   1570    544    386
    19   1557    574    369
    20   1541    577    382
    21   1540    569    391
    22   1484    619    397
    23   1486    599    415
    24   1486    616    398
    25   1420    643    437
    26   1487    600    413
    27   1485    589    426
    28   1523    546    431
    29   1550    557    393
    30   1562    541    397
    31   1570    538    392
    32   1588    520    392
    33   1634    479    387
    34   1623    545    332
    35   1606    530    364
    36   1592    533    375
    37   1563    559    378
    38   1549    575    376
    39   1569    525    406
    40   1615    531    354
    41   1617    543    340
    42   1599    562    339
    43   1523    605    372
    44   1501    588    411
    45   1540    567    393
    46   1555    524    421
    47   1583    539    378
    48   1614    529    357
    49   1583    549    368
    50   1570    561    369
    51   1609    559    332
    52   1579    566    355
    53   1516    601    383
    54   1539    566    395
    55   1586    553    361
    56   1574    541    385
    57   1594    528    378
    58   1610    487    403
    59   1658    498    344
    60   1610    543    347
    61   1588    553    359
    62   1547    573    380
    63   1522    592    386
    64   1529    603    368
    65   1494    609    397
    66   1535    583    382
    67   1520    587    393
    68   1521    591    388
    69   1540    607    353
    70   1517    612    371
    71   1474    615    411
    72   1464    616    420
    73   1530    585    385
    74   1472    638    390
    75   1495    626    379
    76   1493    612    395
    77   1527    564    409
    78   1539    574    387
    79   1551    576    373
    80   1538    590    372
    81   1470    632    398
    82   1494    612    394
    83   1496    613    391
    84   1472    608    420
    85   1507    554    439
    86   1555    539    406
    87   1579    513    408
    88   1593    545    362
    89   1609    541    350
    90   1614    528    358
    91   1611    548    341
    92   1598    523    379
    93   1593    545    362
    94   1579    559    362
    95   1583    564    353
    96   1526    612    362
    97   1502    634    364
    98   1422    664    414
    99   1401    679    420
   100   1469    630    401
   101   1445    649    406
   102   1472    611    417
   103   1469    621    410
   104   1438    625    437
   105   1504    551    445
   106   1537    555    408
   107   1538    563    399
   108   1478    642    380
   109   1463    642    395
   110   1495    589    416
   111   1484    612    404
   112   1512    566    422
   113   1517    583    400
   114   1538    579    383
   115   1540    577    383
   116   1517    578    405
   117   1550    556    394
   118   1561    533    406
   119   1571    542    387
   120   1550    582    368
   121   1561    544    395
   122   1593    502    405
   123   1605    517    378
   124   1629    521    350
   125   1588    550    362
   126   1576    545    379
   127   1632    521    347
   128   1644    520    336
   129   1608    558    334
   130   1571    557    372
   131   1526    591    383
   132   1573    531    396
   133   1586    550    364
   134   1563    580    357
   135   1568    585    347
   136   1532    595    373
   137   1561    565    374
   138   1517    595    388
   139   1530    560    410
   140   1583    557    360
   141   1606    557    337
   142   1569    574    357
   143   1567    566    367
   144   1552    607    341
   145   1564    579    357
   146   1512    596    392
   147   1484    598    418
   148   1427    632    441
   149   1409    668    423
   150   1435    636    429
   151   1474    623    403
   152   1467    631    402
   153   1465    625    410
   154   1468    611    421
   155   1453    610    437
   156   1472    609    419
   157   1528    574    398
   158   1543    588    369
   159   1514    590    396
   160   1551    569    380
   161   1511    596    393
   162   1511    594    395
   163   1539    569    392
   164   1511    595    394
   165   1563    559    378
   166   1604    514    382
   167   1632    514    354
   168   1640    494    366
   169   1646    497    357
   170   1644    503    353
   171   1632    518    350
   172   1602    524    374
   173   1635    503    362
   174   1652    494    354
   175   1637    533    330
   176   1614    527    359
   177   1649    487    364
   178   1656    505    339
   179   1672    508    320
   180   1666    509    325
   181   1662    515    323
   182   1616    540    344
   183   1596    552    352
   184   1581    550    369
   185   1568    586    346
   186   1547    578    375
   187   1590    523    387
   188   1594    556    350
   189   1594    556    350
   190   1573    560    367
   191   1570    549    381
   192   1570    544    386
   193   1541    569    390
   194   1577    532    391
   195   1612    523    365
   196   1652    508    340
   197   1578    571    351
   198   1607    523    370
   199   1556    572    372
   200   1571    542    387
   201   1541    575    384
   202   1578    529    393
   203   1586    545    369
   204   1608    510    382
   205   1635    516    349
   206   1607    547    346
   207   1564    585    351
   208   1524    612    364
   209   1490    632    378
   210   1488    625    387
   211   1525    589    386
   212   1470    655    375
   213   1472    630    398
   214   1476    622    402
   215   1465    626    409
   216   1506    561    433
   217   1568    550    382
   218   1545    588    367
   219   1522    575    403
   220   1536    554    410
   221   1488    610    402
   222   1533    589    378
   223   1522    595    383
   224   1514    603    383
   225   1524    586    390
   226   1537    561    402
   227   1591    534    375
   228   1569    561    370
   229   1581    549    370
   230   1557    575    368
   231   1552    555    393
   232   1535    563    402
   233   1530    571    399
   234   1578    516    406
   235   1579    532    389
   236   1603    512    385
   237   1584    516    400
   238   1566    558    376
   239   1599    555    346
   240   1514    609    377
   241   1514    612    374
   242   1541    564    395
   243   1522    569    409
   244   1562    564    374
   245   1546    590    364
   246   1519    574    407
   247   1536    562    402
   248   1539    590    371
   249   1542    574    384
   250   1506    609    385
   251   1506    603    391
   252   1487    643    370
   253   1400    676    424
   254   1468    594    438
   255   1473    607    420
   256   1534    557    409
   257   1508    607    385
   258   1456    647    397
   259   1463    597    440
   260   1547    556    397
   261   1540    571    389
   262   1523    581    396
   263   1531    588    381
   264   1530    574    396
   265   1535    583    382
   266   1547    567    386
   267   1560    563    377
   268   1565    539    396
   269   1582    539    379
   270   1603    539    358
   271   1639    514    347
   272   1631    504    365
   273   1612    526    362
   274   1591    562    347
   275   1607    535    358
   276   1629    543    328
   277   1621    537    342
   278   1585    554    361
   279   1558    585    357
   280   1562    539    399
   281   1529    586    385
   282   1529    596    375
   283   1534    587    379
   284   1532    577    391
   285   1551    567    382
   286   1537    590    373
   287   1516    617    367
   288   1519    587    394
   289   1585    553    362
   290   1590    564    346
   291   1576    580    344
   292   1544    598    358
   293   1522    593    385
   294   1513    597    390
   295   1536    564    400
   296   1548    548    404
   297   1527    583    390
   298   1500    614    386
   299   1454    626    420
   300   1540    567    393
   301   1593    545    362
   302   1581    557    362
   303   1625    520    355
   304   1585    558    357
   305   1563    549    388
   306   1574    558    368
   307   1518    622    360
   308   1572    552    376
   309   1541    614    345
   310   1533    628    339
   311   1484    631    385
   312   1492    617    391
   313   1476    591    433
   314   1502    591    407
   315   1518    604    378
   316   1518    596    386
   317   1539    581    380
   318   1584    542    374
   319   1588    547    365
   320   1564    598    338
   321   1555    597    348
   322   1563    576    361
   323   1513    593    394
   324   1555    546    399
   325   1610    553    337
   326   1576    564    360
   327   1575    560    365
   328   1554    565    381
   329   1561    574    365
   330   1551    579    370
   331   1517    612    371
   332   1489    627    384
   333   1482    629    389
   334   1509    597    394
   335   1522    571    407
   336   1571    543    386
   337   1551    556    393
   338   1585    530    385
   339   1584    567    349
   340   1608    528    364
   341   1641    507    352
   342   1627    540    333
   343   1571    584    345
   344   1527    600    373
   345   1497    607    396
   346   1483    617    400
   347   1496    612    392
   348   1498    608    394
   349   1567    559    374
   350   1531    590    379
   351   1526    572    402
   352   1535    571    394
   353   1524    591    385
   354   1548    574    378
   355   1533    595    372
   356   1519    595    386
   357   1520    602    378
   358   1525    595    380
   359   1539    577    384
   360   1567    580    353
   361   1590    539    371
   362   1551    556    393
   363   1563    558    379
   364   1578    574    348
   365   1562    568    370
   366   1540    615    345
   367   1487    633    380
   368   1502    624    374
   369   1525    582    393
   370   1466    620    414
   371   1494    588    418
   372   1500    575    425
   373   1535    560    405
   374   1546    586    368
   375   1552    586    362
   376   1555    581    364
   377   1522    624    354
   378   1515    627    358
   379   1539    601    360
   380   1505    582    413
   381   1526    551    423
   382   1533    574    393
   383   1540    568    392
   384   1536    579    385
   385   1524    591    385
   386   1530    568    402
   387   1545    545    410
   388   1551    550    399
   389   1541    559    400
   390   1565    546    389
   391   1568    546    386
   392   1606    522    372
   393   1578    550    372
   394   1559    578    363
   395   1521    598    381
   396   1555    564    381
   397   1526    583    391
   398   1546    556    398
   399   1531    589    380
   400   1529    579    392
   401   1494    629    377
   402   1474    640    386
   403   1446    648    406
   404   1463    619    418
   405   1475    622    403
   406   1459    637    404
   407   1539    586    375
   408   1537    583    380
   409   1575    546    379
   410   1562    576    362
   411   1536    581    383
   412   1557    584    359
   413   1556    564    380
   414   1582    547    371
   415   1569    545    386
   416   1531    574    395
   417   1566    536    398
   418   1536    552    412
   419   1560    578    362
   420   1551    580    369
   421   1594    535    371
   422   1542    568    390
   423   1531    606    363
   424   1546    584    370
   425   1540    571    389
   426   1512    632    356
   427   1462    634    404
   428   1445    650    405
   429   1451    600    449
   430   1506    595    399
   431   1524    581    395
   432   1534    577    389
   433   1530    586    384
   434   1534    561    405
   435   1523    557    420
   436   1555    561    384
   437   1564    569    367
   438   1590    522    388
   439   1587    543    370
   440   1580    549    371
   441   1605    537    358
   442   1627    511    362
   443   1589    551    360
   444   1549    574    377
   445   1560    568    372
   446   1537    583    380
   447   1520    575    405
   448   1538    563    399
   449   1577    556    367
   450   1624    505    371
   451   1617    509    374
   452   1624    546    330
   453   1623    538    339
   454   1634    536    330
   455   1578    546    376
   456   1572    540    388
   457   1556    574    370
   458   1538    566    396
   459   1525    586    389
   460   1508    582    410
   461   1516    570    414
   462   1516    617    367
   463   1511    599    390
   464   1484    618    398
   465   1463    631    406
   466   1503    606    391
   467   1539    552    409
   468   1547    559    394
   469   1589    546    365
   470   1567    556    377
   471   1582    542    376
   472   1567    548    385
   473   1561    558    381
   474   1559    582    359
   475   1553    572    375
   476   1594    552    354
   477   1559    586    355
   478   1527    606    367
   479   1547    557    396
   480   1558    569    373
   481   1565    554    381
   482   1575    553    372
   483   1580    559    361
   484   1573    582    345
   485   1514    598    388
   486   1521    593    386
   487   1499    606    395
   488   1533    582    385
   489   1506    597    397
   490   1533    597    370
   491   1543    591    366
   492   1569    550    381
   493   1572    535    393
   494   1589    555    356
   495   1569    561    370
   496   1575    550    375
   497   1598    541    361
   498   1595    533    372
   499   1562    589    349
   500   1544    597    359
   501   1516    584    400
   502   1541    554    405
   503   1532    575    393
   504   1553    537    410
   505   1575    514    411
   506   1601    525    374
   507   1565    585    350
   508   1579    561    360
   509   1579    557    364
   510   1537    600    363
   511   1522    615    363
   512   1531    586    383
   513   1535    578    387
   514   1572    584    344
   515   1569    584    347
   516   1564    573    363
   517   1513    589    398
   518   1526    582    392
   519   1526    582    392
   520   1575    523    402
   521   1620    494    386
   522   1580    547    373
   523   1574    563    363
   524   1536    568    396
   525   1539    560    401
   526   1558    582    360
   527   1506    605    389
   528   1510    616    374
   529   1532    604    364
   530   1552    567    381
   531   1564    564    372
   532   1582    550    368
   533   1558    593    349
   534   1531    622    347
   535   1504    639    357
   536   1481    640    379
   537   1516    621    363
   538   1460    618    422
   539   1492    584    424
   540   1535    572    393
   541   1536    573    391
   542   1542    568    390
   543   1534    566    400
   544   1551    585    364
   545   1548    590    362
   546   1502    631    367
   547   1532    587    381
   548   1508    602    390
   549   1558    570    372
   550   1494    633    373
   551   1524    601    375
   552   1493    627    380
   553   1505    593    402
   554   1512    572    416
   555   1583    508    409
   556   1559    583    358
   557   1544    584    372
   558   1555    600    345
   559   1532    606    362
   560   1509    603    388
   561   1484    610    406
   562   1468    598    434
   563   1533    566    401
   564   1542    580    378
   565   1515    597    388
   566   1502    571    427
   567   1546    566    388
   568   1506    600    394
   569   1512    585    403
   570   1508    599    393
   571   1509    607    384
   572   1491    591    418
   573   1497    616    387
   574   1494    617    389
   575   1457    635    408
   576   1460    623    417
   577   1449    640    411
   578   1473    606    421
   579   1506    624    370
   580   1499    633    368
   581   1516    579    405
   582   1536    584    380
   583   1568    566    366
   584   1586    559    355
   585   1563    539    398
   586   1574    556    370
   587   1516    586    398
   588   1500    570    430
   589   1553    563    384
   590   1508    606    386
   591   1524    603    373
   592   1500    590    410
   593   1555    560    385
   594   1571    530    399
   595   1549    560    391
   596   1558    571    371
   597   1540    599    361
   598   1491    611    398
   599   1507    596    397
   600   1510    594    396
   601   1491    610    399
   602   1532    591    377
   603   1541    570    389
   604   1555    538    407
   605   1560    551    389
   606   1551    581    368
   607   1522    598    380
   608   1486    596    418
   609   1495    585    420
   610   1508    576    416
   611   1519    600    381
   612   1518    561    421
   613   1552    559    389
   614   1542    596    362
   615   1584    532    384
   616   1572    552    376
   617   1604    560    336
   618   1547    595    358
   619   1514    613    373
   620   1506    605    389
   621   1485    605    410
   622   1495    608    397
   623   1512    558    430
   624   1570    539    391
   625   1520    601    379
   626   1569    570    361
   627   1550    569    381
   628   1560    544    396
   629   1558    565    377
   630   1567    548    385
   631   1530    592    378
   632   1556    574    370
   633   1564    584    352
   634   1537    585    378
   635   1588    562    350
   636   1549    560    391
   637   1568    527    405
   638   1586    521    393
   639   1563    587    350
   640   1614    519    367
   641   1633    506    361
   642   1643    501    356
   643   1624    510    366
   644   1605    519    376
   645   1629    547    324
   646   1628    517    355
   647   1583    554    363
   648   1555    594    351
   649   1521    578    401
   650   1536    564    400
   651   1547    576    377
   652   1478    635    387
   653   1481    637    382
   654   1485    619    396
   655   1516    576    408
   656   1516    579    405
   657   1553    538    409
   658   1629    512    359
   659   1645    530    325
   660   1610    545    345
   661   1572    557    371
   662   1563    575    362
   663   1575    526    399
   664   1601    525    374
   665   1579    554    367
   666   1522    588    390
   667   1537    567    396
   668   1561    551    388
   669   1559    584    357
   670   1557    573    370
   671   1516    587    397
   672   1536    582    382
   673   1520    616    364
   674   1491    632    377
   675   1489    617    394
   676   1501    626    373
   677   1495    617    388
   678   1485    589    426
   679   1496    595    409
   680   1561    584    355
   681   1539    593    368
   682   1514    594    392
   683   1511    592    397
   684   1513    613    374
   685   1483    620    397
   686   1531    572    397
   687   1570    570    360
   688   1549    570    381
   689   1549    587    364
   690   1497    619    384
   691   1496    594    410
   692   1486    621    393
   693   1524    580    396
   694   1542    544    414
   695   1576    528    396
   696   1546    551    403
   697   1590    531    379
   698   1572    560    368
   699   1551    595    354
   700   1530    594    376
   701   1516    595    389
   702   1502    635    363
   703   1477    636    387
   704   1443    640    417
   705   1485    588    427
   706   1492    583    425
   707   1503    592    405
   708   1527    570    403
   709   1542    560    398
   710   1568    545    387
   711   1600    536    364
   712   1588    557    355
   713   1557    579    364
   714   1553    558    389
   715   1562    567    371
   716   1550    581    369
   717   1533    587    380
   718   1537    575    388
   719   1497    618    385
   720   1494    606    400
   721   1456    612    432
   722   1491    579    430
   723   1445    620    435
   724   1488    618    394
   725   1487    589    424
   726   1568    534    398
   727   1579    565    356
   728   1572    569    359
   729   1585    546    369
   730   1587    552    361
   731   1548    584    368
   732   1541    580    379
   733   1556    588    356
   734   1568    571    361
   735   1570    581    349
   736   1562    570    368
   737   1543    601    356
   738   1513    594    393
   739   1527    566    407
   740   1511    611    378
   741   1468    631    401
   742   1555    540    405
   743   1619    518    363
   744   1635    522    343
   745   1608    554    338
   746   1579    547    374
   747   1585    521    394
   748   1620    488    392
   749   1620    519    361
   750   1633    513    354
   751   1662    496    342
   752   1612    569    319
   753   1579    587    334
   754   1571    579    350
   755   1540    586    374
   756   1488    624    388
   757   1510    608    382
   758   1500    603    397
   759   1442    636    422
   760   1459    643    398
   761   1502    616    382
   762   1540    590    370
   763   1475    623    402
   764   1488    605    407
   765   1463    607    430
   766   1471    613    416
   767   1472    610    418
   768   1494    592    414
   769   1525    585    390
   770   1534    559    407
   771   1553    582    365
   772   1534    578    388
   773   1511    584    405
   774   1492    603    405
   775   1539    564    397
   776   1540    559    401
   777   1527    582    391
   778   1495    600    405
   779   1467    594    439
   780   1504    593    403
   781   1526    601    373
   782   1493    601    406
   783   1481    626    393
   784   1518    597    385
   785   1500    607    393
   786   1421    659    420
   787   1479    607    414
   788   1498    607    395
   789   1462    609    429
   790   1468    610    422
   791   1441    637    422
   792   1479    614    407
   793   1511    577    412
   794   1513    593    394
   795   1475    631    394
   796   1488    604    408
   797   1457    647    396
   798   1479    597    424
   799   1457    624    419
   800   1459    618    423
   801   1439    626    435
   802   1455    592    453
   803   1508    585    407
   804   1545    553    402
   805   1555    555    390
   806   1554    571    375
   807   1581    530    389
   808   1588    569    343
   809   1597    537    366
   810   1574    574    352
   811   1498    637    365
   812   1484    620    396
   813   1492    614    394
   814   1467    611    422
   815   1429    674    397
   816   1468    623    409
   817   1507    595    398
   818   1513    583    404
   819   1455    668    377
   820   1445    652    403
   821   1452    639    409
   822   1470    642    388
   823   1458    631    411
   824   1466    613    421
   825   1459    634    407
   826   1481    606    413
   827   1545    561    394
   828   1524    614    362
   829   1521    589    390
   830   1504    590    406
   831   1501    590    409
   832   1511    610    379
   833   1458    649    393
   834   1521    579    400
   835   1529    566    405
   836   1575    559    366
   837   1559    593    348
   838   1596    557    347
   839   1603    533    364
   840   1605    515    380
   841   1598    521    381
   842   1597    518    385
   843   1615    526    359
   844   1600    536    364
   845   1577    576    347
   846   1538    608    354
   847   1541    566    393
   848   1531    571    398
   849   1472    612    416
   850   1499    589    412
   851   1477    599    424
   852   1481    585    434
   853   1492    590    418
   854   1517    598    385
   855   1533    589    378
   856   1542    602    356
   857   1550    559    391
   858   1587    541    372
   859   1576    555    369
   860   1549    577    374
   861   1566    578    356
   862   1509    607    384
   863   1505    621    374
   864   1520    579    401
   865   1533    573    394
   866   1535    583    382
   867   1520    588    392
   868   1533    600    367
   869   1506    616    378
   870   1470    621    409
   871   1522    593    385
   872   1475    618    407
   873   1502    608    390
   874   1539    591    370
   875   1586    565    349
   876   1538    579    383
   877   1550    562    388
   878   1525    569    406
   879   1451    658    391
   880   1418    669    413
   881   1431    624    445
   882   1467    602    431
   883   1498    594    408
   884   1456    633    411
   885   1502    602    396
   886   1496    614    390
   887   1485    631    384
   888   1480    656    364
   889   1460    628    412
   890   1495    609    396
   891   1481    616    403
   892   1494    610    396
   893   1447    637    416
   894   1497    616    387
   895   1493    598    409
   896   1505    586    409
   897   1524    580    396
   898   1498    616    386
   899   1506    612    382
   900   1500    586    414
   901   1485    574    441
   902   1523    584    393
   903   1543    565    392
   904   1525    582    393
   905   1552    579    369
   906   1549    570    381
   907   1542    586    372
   908   1525    586    389
   909   1514    619    367
   910   1476    616    408
   911   1479    614    407
   912   1521    557    422
   913   1500    591    409
   914   1552    549    399
   915   1555    568    377
   916   1556    579    365
   917   1541    578    381
   918   1508    594    398
   919   1477    614    409
   920   1482    616    402
   921   1486    614    400
   922   1475    626    399
   923   1496    619    385
   924   1514    583    403
   925   1539    584    377
   926   1518    600    382
   927   1507    605    388
   928   1503    563    434
   929   1526    591    383
   930   1536    581    383
   931   1554    588    358
   932   1612    538    350
   933   1577    570    353
   934   1576    589    335
   935   1539    596    365
   936   1512    594    394
   937   1526    563    411
   938   1503    577    420
   939   1554    545    401
   940   1550    550    400
   941   1550    582    368
   942   1567    528    405
   943   1598    506    396
   944   1578    549    373
   945   1583    552    365
   946   1600    545    355
   947   1572    570    358
   948   1517    596    387
   949   1536    577    387
   950   1539    603    358
   951   1589    556    355
   952   1602    514    384
   953   1610    542    348
   954   1580    552    368
   955   1574    547    379
   956   1599    505    396
   957   1604    517    379
   958   1580    546    374
   959   1571    550    379
   960   1571    576    353
   961   1635    506    359
   962   1596    564    340
   963   1546    590    364
   964   1568    562    370
   965   1501    618    381
   966   1521    593    386
   967   1563    582    355
   968   1567    567    366
   969   1550    587    363
   970   1539    562    399
   971   1554    514    432
   972   1553    538    409
   973   1596    534    370
   974   1533    593    374
   975   1556    569    375
   976   1543    598    359
   977   1529    588    383
   978   1551    579    370
   979   1554    577    369
   980   1588    546    366
   981   1584    576    340
   982   1568    584    348
   983   1538    616    346
   984   1540    585    375
   985   1542    584    374
   986   1584    565    351
   987   1602    536    362
   988   1588    541    371
   989   1607    519    374
   990   1629    536    335
   991   1594    555    351
   992   1558    592    350
   993   1528    594    378
   994   1498    587    415
   995   1532    540    428
   996   1570    555    375
   997   1507    629    364
   998   1491    603    406
   999   1480    598    422
  1000   1485    600    415
