# time (sweeps) | Susceptible | Infected | Recovered
     0    821    477   1202
     1    820    493   1187
     2    843    509   1148
     3    868    507   1125
     4    850    534   1116
     5    828    553   1119
     6    858    534   1108
     7    826    541   1133
     8    830    540   1130
     9    843    550   1107
    10    871    485   1144
    11    868    486   1146
    12    909    468   1123
    13    925    483   1092
    14    926    454   1120
    15    957    464   1079
    16    959    475   1066
    17    934    493   1073
    18    910    489   1101
    19    948    475   1077
    20    915    531   1054
    21    908    518   1074
    22    888    532   1080
    23    809    568   1123
    24    808    536   1156
    25    821    529   1150
    26    814    546   1140
    27    851    469   1180
    28    863    460   1177
    29    903    435   1162
    30    928    432   1140
    31    939    438   1123
    32    940    469   1091
    33    910    492   1098
    34    892    522   1086
    35    874    533   1093
    36    854    546   1100
    37    841    550   1109
    38    840    538   1122
    39    852    541   1107
    40    843    535   1122
    41    825    520   1155
    42    816    535   1149
    43    818    488   1194
    44    875    473   1152
    45    874    486   1140
    46    868    499   1133
    47    866    492   1142
    48    884    492   1124
    49    859    510   1131
    50    889    512   1099
    51    892    502   1106
    52    910    504   1086
    53    888    516   1096
    54    887    497   1116
    55    879    504   1117
    56    868    502   1130
    57    865    522   1113
    58    868    490   1142
    59    873    500   1127
    60    830    531   1139
    61    834    521   1145
    62    819    539   1142
    63    827    531   1142
    64    874    502   1124
    65    867    530   1103
    66    840    523   1137
    67    857    506   1137
    68    884    486   1130
    69    876    511   1113
    70    848    536   1116
    71    859    518   1123
    72    830    526   1144
    73    846    526   1128
    74    852    510   1138
    75    819    499   1182
    76    845    491   1164
    77    846    497   1157
    78    856    526   1118
    79    834    531   1135
    80    855    514   1131
    81    824    547   1129
    82    784    548   1168
    83    808    515   1177
    84    829    500   1171
    85    869    451   1180
    86    911    452   1137
    87    948    468   1084
    88    971    479   1050
    89    948    528   1024
    90    903    545   1052
    91    853    565   1082
    92    841    566   1093
    93    854    517   1129
    94    802    556   1142
    95    805    541   1154
    96    802    530   1168
    97    814    543   1143
    98    809    516   1175
    99    784    515   1201
   100    825    509   1166
   101    848    484   1168
   102    846    506   1148
   103    852    491   1157
   104    867    481   1152
   105    890    473   1137
   106    895    475   1130
   107    894    504   1102
   108    850    539   1111
   109    872    512   1116
   110    908    490   1102
   111    920    450   1130
   112    943    447   1110
   113    955    438   1107
   114    932    482   1086
   115    932    485   1083
   116    842    540   1118
   117    834    534   1132
   118    848    536   1116
   119    833    546   1121
   120    816    580   1104
   121    783    542   1175
   122    808    517   1175
   123    823    527   1150
   124    832    509   1159
   125    848    501   1151
   126    875    490   1135
   127    867    486   1147
   128    882    525   1093
   129    798    607   1095
   130    772    574   1154
   131    795    550   1155
   132    826    533   1141
   133    824    544   1132
   134    815    531   1154
   135    825    524   1151
   136    820    495   1185
   137    831    506   1163
   138    828    529   1143
   139    796    555   1149
   140    838    515   1147
   141    869    459   1172
   142    877    484   1139
   143    866    505   1129
   144    864    522   1114
   145    858    507   1135
   146    862    493   1145
   147    867    462   1171
   148    883    443   1174
   149    922    439   1139
   150    956    456   1088
   151    941    487   1072
   152    932    510   1058
   153    896    531   1073
   154    861    523   1116
   155    838    535   1127
   156    836    510   1154
   157    844    474   1182
   158    865    494   1141
   159    935    453   1112
   160    918    498   1084
   161    931    514   1055
   162    902    529   1069
   163    896    568   1036
   164    861    562   1077
   165    808    573   1119
   166    790    575   1135
   167    757    563   1180
   168    768    542   1190
   169    773    499   1228
   170    820    484   1196
   171    900    452   1148
   172    946    451   1103
   173    944    452   1104
   174    915    476   1109
   175    889    506   1105
   176    867    524   1109
   177    824    559   1117
   178    841    517   1142
   179    839    510   1151
   180    859    505   1136
   181    872    461   1167
   182    900    481   1119
   183    913    495   1092
   184    894    510   1096
   185    847    545   1108
   186    868    500   1132
   187    865    475   1160
   188    854    519   1127
   189    870    494   1136
   190    845    494   1161
   191    823    487   1190
   192    853    469   1178
   193    893    454   1153
   194    891    487   1122
   195    894    488   1118
   196    886    508   1106
   197    894    474   1132
   198    921    465   1114
   199    929    482   1089
   200    929    458   1113
   201    927    482   1091
   202    935    477   1088
   203    966    463   1071
   204    974    471   1055
   205    979    482   1039
   206    926    515   1059
   207    911    518   1071
   208    893    527   1080
   209    899    522   1079
   210    834    553   1113
   211    797    563   1140
   212    793    552   1155
   213    801    540   1159
   214    784    523   1193
   215    795    530   1175
   216    809    522   1169
   217    812    530   1158
   218    819    500   1181
   219    832    502   1166
   220    845    468   1187
   221    841    497   1162
   222    864    459   1177
   223    878    461   1161
   224    936    451   1113
   225    924    431   1145
   226    979    403   1118
   227    988    436   1076
   228    974    460   1066
   229    967    484   1049
   230    946    513   1041
   231    897    529   1074
   232    852    519   1129
   233    867    512   1121
   234    835    533   1132
   235    841    517   1142
   236    842    494   1164
   237    865    467   1168
   238    858    479   1163
   239    853    497   1150
   240    908    467   1125
   241    903    497   1100
   242    898    483   1119
   243    908    466   1126
   244    933    453   1114
   245    961    442   1097
   246    955    483   1062
   247    987    477   1036
   248    966    481   1053
   249    996    476   1028
   250    986    485   1029
   251    988    483   1029
   252    960    494   1046
   253    932    496   1072
   254    917    518   1065
   255    891    497   1112
   256    879    475   1146
   257    893    480   1127
   258    892    499   1109
   259    904    500   1096
   260    902    492   1106
   261    886    508   1106
   262    896    503   1101
   263    842    539   1119
   264    832    539   1129
   265    815    513   1172
   266    833    538   1129
   267    809    542   1149
   268    789    545   1166
   269    821    525   1154
   270    808    547   1145
   271    793    549   1158
   272    798    522   1180
   273    801    534   1165
   274    792    537   1171
   275    820    510   1170
   276    840    516   1144
   277    811    531   1158
   278    851    504   1145
   279    888    495   1117
   280    900    499   1101
   281    899    485   1116
   282    879    514   1107
   283    852    539   1109
   284    837    556   1107
   285    794    517   1189
   286    806    501   1193
   287    818    526   1156
   288    822    508   1170
   289    837    482   1181
   290    832    486   1182
   291    869    463   1168
   292    910    468   1122
   293    908    482   1110
   294    919    465   1116
   295    937    452   1111
   296    960    462   1078
   297    947    500   1053
   298    922    519   1059
   299    932    498   1070
   300    913    524   1063
   301    879    518   1103
   302    849    532   1119
   303    859    512   1129
   304    877    521   1102
   305    911    505   1084
   306    851    533   1116
   307    855    544   1101
   308    859    553   1088
   309    834    562   1104
   310    786    574   1140
   311    834    531   1135
   312    836    505   1159
   313    874    480   1146
   314    892    459   1149
   315    884    491   1125
   316    868    501   1131
   317    845    554   1101
   318    817    529   1154
   319    783    558   1159
   320    771    561   1168
   321    752    571   1177
   322    718    582   1200
   323    750    559   1191
   324    767    537   1196
   325    807    506   1187
   326    843    516   1141
   327    838    537   1125
   328    816    552   1132
   329    814    547   1139
   330    818    545   1137
   331    805    528   1167
   332    806    525   1169
   333    819    513   1168
   334    817    548   1135
   335    800    539   1161
   336    798    529   1173
   337    822    516   1162
   338    820    518   1162
   339    857    495   1148
   340    835    523   1142
   341    852    522   1126
   342    833    541   1126
   343    814    526   1160
   344    842    514   1144
   345    854    510   1136
   346    905    471   1124
   347    927    486   1087
   348    872    501   1127
   349    867    510   1123
   350    876    489   1135
   351    868    489   1143
   352    874    484   1142
   353    905    465   1130
   354    913    465   1122
   355    909    465   1126
   356    900    508   1092
   357    925    516   1059
   358    921    497   1082
   359    885    542   1073
   360    881    523   1096
   361    908    513   1079
   362    842    554   1104
   363    840    541   1119
   364    880    498   1122
   365    882    510   1108
   366    870    520   1110
   367    887    502   1111
   368    907    492   1101
   369    887    528   1085
   370    845    546   1109
   371    844    535   1121
   372    802    520   1178
   373    814    499   1187
   374    873    466   1161
   375    908    460   1132
   376    880    463   1157
   377    898    458   1144
   378    846    508   1146
   379    871    498   1131
   380    866    496   1138
   381    887    492   1121
   382    875    519   1106
   383    865    503   1132
   384    844    535   1121
   385    818    536   1146
   386    796    549   1155
   387    802    530   1168
   388    792    524   1184
   389    826    470   1204
   390    884    466   1150
   391    890    494   1116
   392    853    526   1121
   393    889    476   1135
   394    898    455   1147
   395    935    448   1117
   396    903    500   1097
   397    859    541   1100
   398    870    532   1098
   399    828    556   1116
   400    821    529   1150
   401    836    509   1155
   402    848    519   1133
   403    830    561   1109
   404    854    537   1109
   405    840    538   1122
   406    834    561   1105
   407    823    543   1134
   408    848    520   1132
   409    835    514   1151
   410    831    526   1143
   411    808    542   1150
   412    829    513   1158
   413    858    475   1167
   414    864    474   1162
   415    835    491   1174
   416    846    480   1174
   417    858    484   1158
   418    896    466   1138
   419    901    480   1119
   420    903    493   1104
   421    896    490   1114
   422    855    520   1125
   423    872    520   1108
   424    843    526   1131
   425    832    525   1143
   426    830    521   1149
   427    839    507   1154
   428    845    545   1110
   429    811    560   1129
   430    804    559   1137
   431    792    580   1128
   432    723    613   1164
   433    723    572   1205
   434    758    547   1195
   435    789    555   1156
   436    794    503   1203
   437    831    485   1184
   438    912    442   1146
   439    956    427   1117
   440    981    448   1071
   441    953    497   1050
   442    947    495   1058
   443    903    513   1084
   444    856    529   1115
   445    846    516   1138
   446    876    494   1130
   447    907    489   1104
   448    892    505   1103
   449    902    517   1081
   450    902    513   1085
   451    896    526   1078
   452    882    523   1095
   453    830    557   1113
   454    849    506   1145
   455    845    503   1152
   456    859    488   1153
   457    874    495   1131
   458    910    471   1119
   459    886    516   1098
   460    900    505   1095
   461    865    517   1118
   462    867    491   1142
   463    862    479   1159
   464    853    480   1167
   465    874    514   1112
   466    888    499   1113
   467    913    468   1119
   468    904    499   1097
   469    930    480   1090
   470    932    507   1061
   471    913    514   1073
   472    935    482   1083
   473    932    510   1058
   474    868    552   1080
   475    882    510   1108
   476    887    491   1122
   477    939    492   1069
   478    929    491   1080
   479    897    535   1068
   480    862    530   1108
   481    836    535   1129
   482    859    513   1128
   483    859    515   1126
   484    851    505   1144
   485    835    539   1126
   486    829    509   1162
   487    852    510   1138
   488    856    500   1144
   489    831    512   1157
   490    844    523   1133
   491    835    524   1141
   492    865    483   1152
   493    883    491   1126
   494    889    493   1118
   495    896    487   1117
   496    870    512   1118
   497    880    487   1133
   498    887    463   1150
   499    902    464   1134
   500    920    442   1138
   501    989    398   1113
   502   1015    418   1067
   503    976    457   1067
   504    974    464   1062
   505    981    473   1046
   506    973    467   1060
   507    949    490   1061
   508    960    461   1079
   509    946    461   1093
   510    895    525   1080
   511    858    540   1102
   512    852    532   1116
   513    808    535   1157
   514    850    484   1166
   515    861    493   1146
   516    869    480   1151
   517    887    480   1133
   518    893    479   1128
   519    870    523   1107
   520    876    524   1100
   521    864    537   1099
   522    849    512   1139
   523    827    531   1142
   524    836    507   1157
   525    819    523   1158
   526    844    520   1136
   527    844    509   1147
   528    807    506   1187
   529    850    497   1153
   530    834    514   1152
   531    850    499   1151
   532    879    482   1139
   533    895    480   1125
   534    885    502   1113
   535    877    533   1090
   536    880    494   1126
   537    915    475   1110
   538    927    478   1095
   539    862    516   1122
   540    873    484   1143
   541    888    498   1114
   542    918    478   1104
   543    909    493   1098
   544    889    494   1117
   545    882    505   1113
   546    864    486   1150
   547    915    467   1118
   548    891    478   1131
   549    889    519   1092
   550    861    534   1105
   551    835    551   1114
   552    801    591   1108
   553    787    591   1122
   554    796    550   1154
   555    824    519   1157
   556    880    475   1145
   557    867    510   1123
   558    842    513   1145
   559    860    509   1131
   560    897    462   1141
   561    885    495   1120
   562    893    494   1113
   563    905    498   1097
   564    929    495   1076
   565    968    482   1050
   566    976    465   1059
   567    966    463   1071
   568    939    519   1042
   569    919    540   1041
   570    912    541   1047
   571    879    545   1076
   572    841    526   1133
   573    842    526   1132
   574    834    500   1166
   575    842    501   1157
   576    846    501   1153
   577    890    510   1100
   578    897    499   1104
   579    890    517   1093
   580    867    523   1110
   581    898    486   1116
   582    885    521   1094
   583    883    472   1145
   584    834    521   1145
   585    820    526   1154
   586    836    549   1115
   587    833    519   1148
   588    841    466   1193
   589    837    496   1167
   590    848    477   1175
   591    892    488   1120
   592    873    492   1135
   593    858    482   1160
   594    879    504   1117
   595    856    517   1127
   596    864    513   1123
   597    866    532   1102
   598    833    556   1111
   599    853    521   1126
   600    858    524   1118
   601    900    492   1108
   602    916    476   1108
   603    957    439   1104
   604    962    448   1090
   605    962    446   1092
   606    935    517   1048
   607    911    523   1066
   608    844    548   1108
   609    852    528   1120
   610    878    493   1129
   611    890    490   1120
   612    860    528   1112
   613    885    496   1119
   614    923    491   1086
   615    914    479   1107
   616    906    492   1102
   617    873    498   1129
   618    839    540   1121
   619    824    529   1147
   620    841    517   1142
   621    854    504   1142
   622    887    482   1131
   623    900    503   1097
   624    914    484   1102
   625    885    498   1117
   626    864    517   1119
   627    875    501   1124
   628    872    484   1144
   629    910    502   1088
   630    885    498   1117
   631    838    527   1135
   632    825    532   1143
   633    816    545   1139
   634    841    496   1163
   635    885    498   1117
   636    869    513   1118
   637    905    471   1124
   638    922    444   1134
   639    947    425   1128
   640    952    452   1096
   641    949    470   1081
   642    887    546   1067
   643    841    532   1127
   644    860    512   1128
   645    856    509   1135
   646    869    485   1146
   647    904    480   1116
   648    873    534   1093
   649    877    498   1125
   650    892    462   1146
   651    913    466   1121
   652    927    457   1116
   653    947    471   1082
   654    923    480   1097
   655    918    492   1090
   656    929    497   1074
   657    902    527   1071
   658    890    516   1094
   659    879    499   1122
   660    895    471   1134
   661    922    467   1111
   662    908    475   1117
   663    911    475   1114
   664    923    485   1092
   665    921    467   1112
   666    945    448   1107
   667    970    465   1065
   668    943    492   1065
   669    944    502   1054
   670    913    523   1064
   671    911    503   1086
   672    905    501   1094
   673    910    492   1098
   674    927    513   1060
   675    895    531   1074
   676    843    560   1097
   677    832    540   1128
   678    883    511   1106
   679    881    510   1109
   680    887    515   1098
   681    843    546   1111
   682    849    534   1117
   683    820    533   1147
   684    824    525   1151
   685    833    499   1168
   686    840    501   1159
   687    851    499   1150
   688    873    497   1130
   689    901    499   1100
   690    881    514   1105
   691    936    456   1108
   692    905    481   1114
   693    895    503   1102
   694    913    462   1125
   695    967    447   1086
   696   1002    417   1081
   697   1029    404   1067
   698   1052    426   1022
   699   1049    440   1011
   700   1044    442   1014
   701   1074    411   1015
   702   1084    409   1007
   703   1050    446   1004
   704   1027    493    980
   705   1003    500    997
   706    972    490   1038
   707    973    481   1046
   708    982    473   1045
   709    914    548   1038
   710    886    560   1054
   711    834    547   1119
   712    846    522   1132
   713    837    542   1121
   714    827    541   1132
   715    822    542   1136
   716    800    556   1144
   717    805    557   1138
   718    814    570   1116
   719    791    561   1148
   720    784    567   1149
   721    790    564   1146
   722    767    574   1159
   723    797    540   1163
   724    796    508   1196
   725    815    477   1208
   726    829    497   1174
   727    885    467   1148
   728    929    457   1114
   729    875    499   1126
   730    882    487   1131
   731    862    501   1137
   732    849    511   1140
   733    864    477   1159
   734    859    507   1134
   735    862    527   1111
   736    885    522   1093
   737    897    505   1098
   738    863    553   1084
   739    863    513   1124
   740    825    566   1109
   741    826    550   1124
   742    825    533   1142
   743    843    515   1142
   744    854    487   1159
   745    828    508   1164
   746    857    535   1108
   747    831    568   1101
   748    868    521   1111
   749    826    510   1164
   750    867    472   1161
   751    904    450   1146
   752    927    453   1120
   753    966    457   1077
   754    991    464   1045
   755    954    488   1058
   756    950    479   1071
   757    897    529   1074
   758    848    539   1113
   759    843    525   1132
   760    801    550   1149
   761    765    561   1174
   762    786    525   1189
   763    790    532   1178
   764    780    551   1169
   765    830    509   1161
   766    807    519   1174
   767    809    507   1184
   768    806    522   1172
   769    833    485   1182
   770    874    504   1122
   771    859    537   1104
   772    815    559   1126
   773    803    567   1130
   774    769    576   1155
   775    761    542   1197
   776    752    555   1193
   777    761    528   1211
   778    784    510   1206
   779    839    508   1153
   780    880    463   1157
   781    892    471   1137
   782    905    472   1123
   783    939    454   1107
   784    950    450   1100
   785    938    483   1079
   786    937    483   1080
   787    927    475   1098
   788    947    466   1087
   789    961    486   1053
   790    912    510   1078
   791    858    573   1069
   792    831    557   1112
   793    816    548   1136
   794    802    540   1158
   795    804    549   1147
   796    814    532   1154
   797    826    543   1131
   798    813    566   1121
   799    810    541   1149
   800    788    561   1151
   801    762    572   1166
   802    717    561   1222
   803    731    525   1244
   804    801    462   1237
   805    838    467   1195
   806    885    464   1151
   807    929    443   1128
   808    927    462   1111
   809    965    457   1078
   810    994    448   1058
   811    966    489   1045
   812    938    494   1068
   813    900    506   1094
   814    909    514   1077
   815    885    516   1099
   816    908    497   1095
   817    903    497   1100
   818    892    510   1098
   819    912    470   1118
   820    924    475   1101
   821    944    476   1080
   822    942    462   1096
   823    979    454   1067
   824    967    514   1019
   825    924    520   1056
   826    883    545   1072
   827    847    561   1092
   828    834    527   1139
   829    816    517   1167
   830    850    486   1164
   831    858    484   1158
   832    855    495   1150
   833    846    498   1156
   834    901    473   1126
   835    932    463   1105
   836    945    462   1093
   837   1003    409   1088
   838   1015    440   1045
   839   1012    432   1056
   840    979    457   1064
   841    999    481   1020
   842   1017    453   1030
   843    963    515   1022
   844    941    513   1046
   845    908    541   1051
   846    873    561   1066
   847    865    523   1112
   848    890    518   1092
   849    885    517   1098
   850    861    538   1101
   851    845    546   1109
   852    837    547   1116
   853    806    578   1116
   854    779    566   1155
   855    760    549   1191
   856    749    566   1185
   857    770    530   1200
   858    790    516   1194
   859    802    499   1199
   860    856    483   1161
   861    873    500   1127
   862    889    496   1115
   863    905    500   1095
   864    865    553   1082
   865    863    521   1116
   866    869    503   1128
   867    867    474   1159
   868    890    478   1132
   869    857    496   1147
   870    877    509   1114
   871    860    548   1092
   872    867    484   1149
   873    886    456   1158
   874    909    453   1138
   875    936    465   1099
   876    940    460   1100
   877    897    538   1065
   878    869    497   1134
   879    868    511   1121
   880    889    483   1128
   881    900    506   1094
   882    902    487   1111
   883    912    516   1072
   884    862    550   1088
   885    839    566   1095
   886    780    567   1153
   887    771    576   1153
   888    744    586   1170
   889    738    574   1188
   890    760    506   1234
   891    777    513   1210
   892    812    479   1209
   893    868    463   1169
   894    877    490   1133
   895    900    469   1131
   896    855    470   1175
   897    896    458   1146
   898    934    450   1116
   899    917    495   1088
   900    927    510   1063
   901    903    525   1072
   902    871    548   1081
   903    824    538   1138
   904    823    481   1196
   905    817    495   1188
   906    852    514   1134
   907    847    509   1144
   908    833    543   1124
   909    811    541   1148
   910    847    496   1157
   911    838    511   1151
   912    829    509   1162
   913    877    479   1144
   914    911    472   1117
   915    945    444   1111
   916    934    473   1093
   917    932    472   1096
   918    927    491   1082
   919    935    470   1095
   920    910    538   1052
   921    885    535   1080
   922    833    538   1129
   923    819    536   1145
   924    832    514   1154
   925    850    506   1144
   926    858    507   1135
   927    865    537   1098
   928    864    513   1123
   929    893    451   1156
   930    923    442   1135
   931    940    437   1123
   932    986    425   1089
   933    984    461   1055
   934   1003    467   1030
   935    952    478   1070
   936    938    476   1086
   937    928    491   1081
   938    886    487   1127
   939    906    466   1128
   940    929    472   1099
   941    882    501   1117
   942    874    541   1085
   943    891    512   1097
   944    896    480   1124
   945    912    438   1150
   946    946    429   1125
   947    957    461   1082
   948    954    488   1058
   949    949    493   1058
   950    965    470   1065
   951    942    514   1044
   952    917    514   1069
   953    871    561   1068
   954    868    533   1099
   955    866    505   1129
   956    856    522   1122
   957    857    508   1135
   958    878    484   1138
   959    884    465   1151
   960    908    467   1125
   961    930    463   1107
   962    908    509   1083
   963    901    528   1071
   964    877    522   1101
   965    852    523   1125
   966    840    542   1118
   967    812    543   1145
   968    864    498   1138
   969    860    521   1119
   970    830    539   1131
   971    847    527   1126
   972    847    514   1139
   973    824    512   1164
   974    831    531   1138
   975    863    523   1114
   976    881    566   1053
   977    807    592   1101
   978    823    539   1138
   979    818    537   1145
   980    838    525   1137
   981    848    498   1154
   982    894    452   1154
   983    915    465   1120
   984    926    464   1110
   985    896    492   1112
   986    865    511   1124
   987    823    516   1161
   988    815    513   1172
   989    838    488   1174
   990    885    487   1128
   991    918    489   1093
   992    879    518   1103
   993    867    515   1118
   994    827    538   1135
   995    856    532   1112
   996    845    511   1144
   997    861    480   1159
   998    884    464   1152
   999    913    470   1117
  1000    940    460   1100
