# time (sweeps) | Susceptible | Infected | Recovered
     0    996    838    666
     1   1002    807    691
     2   1012    816    672
     3   1034    795    671
     4    988    834    678
     5   1019    806    675
     6   1022    820    658
     7   1013    782    705
     8   1014    813    673
     9    978    842    680
    10    956    877    667
    11    982    841    677
    12    958    842    700
    13    996    808    696
    14    997    857    646
    15   1039    789    672
    16   1054    786    660
    17   1047    822    631
    18   1068    789    643
    19   1046    826    628
    20   1002    863    635
    21    990    860    650
    22   1004    809    687
    23   1037    812    651
    24    998    842    660
    25    965    855    680
    26    976    863    661
    27   1006    858    636
    28    966    869    665
    29    946    883    671
    30    963    843    694
    31   1010    802    688
    32   1013    821    666
    33   1036    821    643
    34   1043    798    659
    35   1027    820    653
    36    978    861    661
    37    978    840    682
    38   1005    839    656
    39    987    869    644
    40    933    895    672
    41    907    853    740
    42   1015    813    672
    43   1012    845    643
    44    957    888    655
    45    987    832    681
    46   1000    829    671
    47   1014    847    639
    48    989    848    663
    49    974    827    699
    50    984    824    692
    51   1013    818    669
    52   1003    837    660
    53   1023    837    640
    54    969    869    662
    55    967    843    690
    56   1004    816    680
    57    994    805    701
    58   1029    792    679
    59   1012    831    657
    60    999    806    695
    61   1016    796    688
    62   1006    813    681
    63   1042    772    686
    64   1024    820    656
    65    976    847    677
    66    996    861    643
    67   1041    819    640
    68    985    847    668
    69   1005    830    665
    70   1003    832    665
    71   1060    796    644
    72   1050    817    633
    73    991    845    664
    74    991    821    688
    75    970    864    666
    76    897    870    733
    77    953    805    742
    78    992    802    706
    79    976    848    676
    80   1031    791    678
    81   1076    765    659
    82   1093    760    647
    83   1081    781    638
    84   1062    783    655
    85   1013    811    676
    86    982    809    709
    87   1035    817    648
    88   1044    816    640
    89   1031    819    650
    90   1018    837    645
    91   1026    823    651
    92   1007    844    649
    93   1006    826    668
    94   1015    844    641
    95    982    834    684
    96    975    833    692
    97    996    837    667
    98    984    859    657
    99   1004    820    676
   100   1001    828    671
   101    991    831    678
   102    976    835    689
   103   1008    822    670
   104    989    825    686
   105    983    850    667
   106   1013    826    661
   107   1025    798    677
   108   1003    823    674
   109   1013    822    665
   110   1062    805    633
   111   1046    801    653
   112   1029    805    666
   113   1023    831    646
   114    989    834    677
   115   1011    816    673
   116   1002    822    676
   117   1042    816    642
   118   1044    837    619
   119   1032    812    656
   120   1008    833    659
   121    968    840    692
   122    979    826    695
   123   1030    798    672
   124   1021    828    651
   125    993    847    660
   126    979    859    662
   127    947    866    687
   128    999    837    664
   129   1000    830    670
   130   1018    856    626
   131    990    865    645
   132    973    891    636
   133    946    907    647
   134    941    885    674
   135    948    861    691
   136    924    878    698
   137    939    862    699
   138    941    841    718
   139    942    845    713
   140    996    828    676
   141    962    888    650
   142    978    841    681
   143    965    880    655
   144    981    884    635
   145    971    859    670
   146    977    851    672
   147    974    867    659
   148    964    853    683
   149    999    796    705
   150    995    796    709
   151   1024    850    626
   152    986    861    653
   153   1019    813    668
   154   1019    800    681
   155   1074    781    645
   156   1032    803    665
   157   1019    800    681
   158    953    874    673
   159    950    865    685
   160    988    863    649
   161    922    885    693
   162    974    841    685
   163    978    821    701
   164    984    826    690
   165    954    858    688
   166    993    826    681
   167   1017    823    660
   168    992    851    657
   169    972    837    691
   170    943    853    704
   171    965    818    717
   172    991    837    672
   173    950    851    699
   174    935    879    686
   175    976    825    699
   176    981    826    693
   177   1000    808    692
   178    983    831    686
   179    991    835    674
   180   1000    833    667
   181   1013    803    684
   182    983    860    657
   183    973    862    665
   184    984    863    653
   185    945    865    690
   186    992    824    684
   187    999    812    689
   188   1023    811    666
   189   1024    811    665
   190   1019    825    656
   191    974    859    667
   192    982    834    684
   193    990    841    669
   194    993    862    645
   195    989    836    675
   196   1029    815    656
   197    987    860    653
   198    983    847    670
   199    991    847    662
   200   1003    810    687
   201   1004    809    687
   202    975    825    700
   203   1001    835    664
   204    992    837    671
   205   1010    823    667
   206   1036    827    637
   207   1019    857    624
   208   1038    837    625
   209    940    912    648
   210    941    900    659
   211    902    913    685
   212    943    877    680
   213    931    876    693
   214    975    858    667
   215    995    841    664
   216    996    816    688
   217    963    858    679
   218    956    876    668
   219    953    875    672
   220   1008    839    653
   221    965    867    668
   222    988    846    666
   223    994    864    642
   224   1027    821    652
   225    999    829    672
   226   1082    775    643
   227   1054    799    647
   228   1020    854    626
   229    993    875    632
   230    971    875    654
   231    956    860    684
   232   1021    824    655
   233   1015    828    657
   234   1016    853    631
   235   1006    848    646
   236   1017    798    685
   237   1008    822    670
   238    994    828    678
   239   1009    817    674
   240   1022    845    633
   241   1025    829    646
   242    970    876    654
   243    947    896    657
   244    965    859    676
   245    975    866    659
   246    943    875    682
   247    981    857    662
   248    915    862    723
   249    960    838    702
   250    966    846    688
   251   1010    824    666
   252   1042    784    674
   253   1010    832    658
   254    960    833    707
   255    954    839    707
   256   1020    780    700
   257   1010    822    668
   258   1016    813    671
   259   1039    787    674
   260   1059    773    668
   261   1024    833    643
   262    991    855    654
   263    944    905    651
   264    942    866    692
   265    945    877    678
   266   1001    823    676
   267    962    857    681
   268    975    834    691
   269   1001    807    692
   270   1000    829    671
   271   1015    785    700
   272   1038    778    684
   273   1037    808    655
   274    997    856    647
   275    957    870    673
   276    887    925    688
   277    917    886    697
   278    972    871    657
   279    941    876    683
   280    939    856    705
   281    974    862    664
   282   1005    828    667
   283   1005    811    684
   284    986    849    665
   285   1043    802    655
   286   1013    838    649
   287   1033    806    661
   288   1043    811    646
   289   1009    829    662
   290    990    853    657
   291   1000    860    640
   292    961    890    649
   293    912    906    682
   294    926    871    703
   295    958    854    688
   296    980    833    687
   297    979    857    664
   298    965    859    676
   299   1019    811    670
   300   1062    795    643
   301   1035    806    659
   302    988    850    662
   303   1013    804    683
   304   1021    832    647
   305   1015    838    647
   306   1007    826    667
   307    980    823    697
   308    985    848    667
   309    979    845    676
   310    987    857    656
   311   1019    872    609
   312    996    853    651
   313    984    862    654
   314   1015    814    671
   315    983    858    659
   316    974    856    670
   317    926    897    677
   318    927    876    697
   319    968    829    703
   320   1006    826    668
   321   1021    794    685
   322   1013    832    655
   323   1016    839    645
   324    960    888    652
   325    943    875    682
   326    959    870    671
   327    962    857    681
   328    981    868    651
   329   1007    832    661
   330    953    844    703
   331    940    867    693
   332    977    821    702
   333   1065    797    638
   334   1060    820    620
   335    981    847    672
   336    947    878    675
   337    999    851    650
   338    983    864    653
   339    991    829    680
   340    993    830    677
   341    987    841    672
   342   1009    821    670
   343    988    847    665
   344    977    850    673
   345    988    818    694
   346   1026    806    668
   347    956    865    679
   348    967    862    671
   349    971    852    677
   350    967    849    684
   351    981    823    696
   352   1010    781    709
   353   1048    753    699
   354   1072    792    636
   355   1011    819    670
   356   1026    802    672
   357   1004    869    627
   358    942    923    635
   359    923    904    673
   360    910    874    716
   361    919    887    694
   362    960    853    687
   363    963    849    688
   364    991    816    693
   365   1031    845    624
   366   1008    833    659
   367   1036    824    640
   368   1010    828    662
   369   1007    807    686
   370   1013    788    699
   371   1026    809    665
   372   1012    830    658
   373    945    892    663
   374    915    909    676
   375    929    879    692
   376    956    852    692
   377   1028    826    646
   378   1035    809    656
   379   1023    811    666
   380   1007    837    656
   381   1009    840    651
   382   1028    832    640
   383   1009    838    653
   384    995    833    672
   385   1019    816    665
   386   1011    880    609
   387    956    868    676
   388    916    898    686
   389    923    888    689
   390    965    848    687
   391    977    803    720
   392   1017    801    682
   393   1008    818    674
   394   1020    789    691
   395   1011    800    689
   396   1044    796    660
   397   1042    812    646
   398    991    833    676
   399   1032    815    653
   400   1034    823    643
   401   1044    830    626
   402    980    885    635
   403    976    877    647
   404    991    829    680
   405   1008    830    662
   406    987    861    652
   407    950    882    668
   408    962    830    708
   409    964    821    715
   410   1000    801    699
   411   1032    826    642
   412   1073    834    593
   413   1025    839    636
   414    995    843    662
   415    984    842    674
   416    949    895    656
   417    952    897    651
   418    989    830    681
   419    990    853    657
   420   1015    837    648
   421    998    829    673
   422   1052    816    632
   423   1007    852    641
   424    965    844    691
   425    991    830    679
   426   1010    844    646
   427    956    867    677
   428    975    836    689
   429   1027    783    690
   430   1011    807    682
   431   1015    826    659
   432   1006    840    654
   433    989    830    681
   434    995    825    680
   435   1002    818    680
   436   1019    836    645
   437    999    837    664
   438    989    842    669
   439    994    821    685
   440    986    838    676
   441    982    845    673
   442   1009    793    698
   443   1000    830    670
   444   1022    816    662
   445   1016    843    641
   446   1010    825    665
   447    993    843    664
   448    986    834    680
   449    984    864    652
   450    999    861    640
   451    990    858    652
   452    966    844    690
   453    967    861    672
   454    921    883    696
   455    925    886    689
   456    962    856    682
   457    919    887    694
   458    977    846    677
   459    999    830    671
   460    975    880    645
   461    979    851    670
   462   1001    805    694
   463   1022    808    670
   464    983    816    701
   465    975    852    673
   466    942    870    688
   467    967    859    674
   468    983    862    655
   469   1013    816    671
   470   1023    830    647
   471   1026    806    668
   472   1017    789    694
   473   1036    800    664
   474   1052    782    666
   475   1053    816    631
   476   1018    824    658
   477    991    832    677
   478    978    863    659
   479    936    835    729
   480    983    834    683
   481   1000    815    685
   482    961    854    685
   483    968    845    687
   484    974    849    677
   485    952    856    692
   486    994    805    701
   487   1008    791    701
   488   1007    814    679
   489   1029    790    681
   490   1025    832    643
   491    992    859    649
   492    982    873    645
   493    972    875    653
   494   1017    822    661
   495   1011    811    678
   496   1037    812    651
   497   1021    777    702
   498   1058    779    663
   499   1055    836    609
   500    995    868    637
   501    979    847    674
   502    963    883    654
   503    944    894    662
   504    932    877    691
   505    932    894    674
   506    922    884    694
   507    931    870    699
   508    986    806    708
   509   1010    791    699
   510   1038    793    669
   511   1055    798    647
   512   1057    780    663
   513   1058    785    657
   514   1043    796    661
   515   1017    824    659
   516   1008    825    667
   517    997    841    662
   518   1003    821    676
   519   1026    812    662
   520    988    879    633
   521    957    853    690
   522    996    819    685
   523    976    875    649
   524    969    892    639
   525    965    826    709
   526    981    845    674
   527    976    886    638
   528    928    895    677
   529    912    885    703
   530    964    839    697
   531   1015    811    674
   532   1007    815    678
   533   1011    823    666
   534   1023    796    681
   535   1026    831    643
   536    993    875    632
   537    961    872    667
   538    913    909    678
   539    944    891    665
   540    971    850    679
   541    981    863    656
   542    995    875    630
   543    956    874    670
   544    962    871    667
   545    948    872    680
   546    960    829    711
   547    996    850    654
   548    985    874    641
   549    972    843    685
   550    957    868    675
   551   1012    849    639
   552   1028    821    651
   553   1013    837    650
   554    998    847    655
   555    996    818    686
   556    989    833    678
   557    988    819    693
   558   1014    823    663
   559   1003    842    655
   560    994    887    619
   561    974    886    640
   562    959    880    661
   563    957    847    696
   564    966    795    739
   565   1021    806    673
   566    990    833    677
   567   1002    855    643
   568   1004    837    659
   569    986    842    672
   570    998    805    697
   571   1027    775    698
   572   1059    779    662
   573   1039    794    667
   574   1040    793    667
   575   1023    837    640
   576    944    847    709
   577   1004    789    707
   578    999    849    652
   579   1007    804    689
   580   1005    794    701
   581   1036    819    645
   582   1036    811    653
   583   1074    760    666
   584    988    838    674
   585    988    842    670
   586    989    837    674
   587   1026    812    662
   588    999    846    655
   589    990    849    661
   590   1022    804    674
   591   1083    782    635
   592   1035    840    625
   593    978    863    659
   594    989    861    650
   595    978    813    709
   596    950    813    737
   597   1024    808    668
   598   1047    799    654
   599   1034    820    646
   600   1014    804    682
   601    994    828    678
   602    982    823    695
   603   1060    807    633
   604   1039    838    623
   605   1060    822    618
   606   1026    866    608
   607    996    850    654
   608   1018    826    656
   609   1058    846    596
   610   1015    864    621
   611   1033    830    637
   612    991    869    640
   613    940    862    698
   614    960    817    723
   615   1001    819    680
   616   1053    771    676
   617   1051    797    652
   618    998    828    674
   619    994    858    648
   620    967    881    652
   621    960    837    703
   622    961    842    697
   623    959    818    723
   624    950    839    711
   625    983    855    662
   626   1056    778    666
   627   1040    805    655
   628   1009    833    658
   629   1039    817    644
   630   1019    815    666
   631   1052    799    649
   632   1046    794    660
   633   1049    808    643
   634   1039    814    647
   635   1013    844    643
   636    972    867    661
   637    942    860    698
   638    938    876    686
   639    920    901    679
   640    948    861    691
   641    987    816    697
   642    977    829    694
   643    977    840    683
   644    980    868    652
   645    950    882    668
   646    959    859    682
   647    924    892    684
   648    941    871    688
   649    999    858    643
   650    992    857    651
   651   1002    850    648
   652    997    870    633
   653    977    846    677
   654   1005    850    645
   655    960    869    671
   656    959    884    657
   657    935    886    679
   658    954    832    714
   659    975    806    719
   660    983    826    691
   661    970    841    689
   662   1028    788    684
   663   1027    813    660
   664   1034    796    670
   665   1035    803    662
   666   1041    840    619
   667   1049    803    648
   668   1015    824    661
   669   1031    837    632
   670   1016    822    662
   671    984    827    689
   672   1019    813    668
   673   1056    806    638
   674    988    886    626
   675    974    903    623
   676    978    839    683
   677    974    849    677
   678   1008    807    685
   679   1016    805    679
   680   1020    819    661
   681   1000    846    654
   682    960    860    680
   683    934    856    710
   684    993    829    678
   685    963    879    658
   686    978    826    696
   687    966    841    693
   688   1000    791    709
   689   1015    804    681
   690   1077    784    639
   691   1027    823    650
   692    988    854    658
   693    951    880    669
   694    938    887    675
   695    945    857    698
   696    888    930    682
   697    925    869    706
   698    963    849    688
   699    955    835    710
   700   1001    783    716
   701   1021    816    663
   702   1011    817    672
   703    991    850    659
   704   1001    808    691
   705   1027    806    667
   706   1032    828    640
   707    969    878    653
   708    950    863    687
   709    978    834    688
   710    953    850    697
   711    987    869    644
   712    962    883    655
   713    934    877    689
   714    933    901    666
   715    948    889    663
   716    988    830    682
   717    968    850    682
   718   1020    796    684
   719   1019    841    640
   720   1024    845    631
   721    994    859    647
   722    985    849    666
   723   1028    825    647
   724   1033    831    636
   725    997    877    626
   726    999    877    624
   727    983    842    675
   728   1013    793    694
   729   1030    814    656
   730   1001    827    672
   731    980    848    672
   732    981    829    690
   733   1004    850    646
   734    927    873    700
   735    943    844    713
   736   1003    805    692
   737   1012    807    681
   738    991    854    655
   739    964    865    671
   740    928    830    742
   741    979    812    709
   742   1052    759    689
   743   1053    798    649
   744   1008    840    652
   745   1017    878    605
   746   1004    833    663
   747    991    846    663
   748    983    861    656
   749    942    875    683
   750    944    863    693
   751    948    850    702
   752    956    853    691
   753    978    833    689
   754    967    866    667
   755    929    887    684
   756    965    819    716
   757    999    817    684
   758   1025    833    642
   759    984    868    648
   760    976    854    670
   761    988    847    665
   762    978    851    671
   763    978    835    687
   764    956    867    677
   765    998    840    662
   766    986    840    674
   767    978    837    685
   768   1006    815    679
   769   1010    834    656
   770    967    869    664
   771   1004    819    677
   772   1016    805    679
   773   1012    813    675
   774   1011    842    647
   775    988    829    683
   776    944    878    678
   777   1026    812    662
   778   1052    837    611
   779   1020    848    632
   780    997    855    648
   781    978    865    657
   782    965    855    680
   783    994    831    675
   784   1010    835    655
   785   1018    832    650
   786    984    840    676
   787   1002    865    633
   788    977    846    677
   789   1015    804    681
   790    996    856    648
   791    960    866    674
   792    935    888    677
   793    925    872    703
   794    953    860    687
   795    937    855    708
   796    977    877    646
   797   1030    838    632
   798    993    842    665
   799    962    862    676
   800    944    834    722
   801    960    820    720
   802    996    829    675
   803   1028    788    684
   804   1028    769    703
   805   1042    770    688
   806   1016    801    683
   807    987    839    674
   808    985    819    696
   809    969    837    694
   810    957    843    700
   811   1000    808    692
   812    989    838    673
   813   1010    809    681
   814   1027    840    633
   815    998    844    658
   816    963    870    667
   817    981    829    690
   818   1015    795    690
   819   1018    798    684
   820   1039    818    643
   821   1005    805    690
   822   1015    807    678
   823   1055    791    654
   824   1024    818    658
   825    996    841    663
   826   1005    837    658
   827    987    838    675
   828    983    828    689
   829   1014    828    658
   830   1013    820    667
   831   1055    811    634
   832   1060    804    636
   833   1024    830    646
   834    996    877    627
   835    955    861    684
   836    979    843    678
   837    939    875    686
   838    937    874    689
   839    999    817    684
   840   1041    787    672
   841   1054    784    662
   842   1091    818    591
   843   1056    809    635
   844   1035    849    616
   845    967    889    644
   846    982    854    664
   847    992    852    656
   848    982    858    660
   849    953    897    650
   850    956    878    666
   851    940    840    720
   852    917    841    742
   853    969    842    689
   854    977    864    659
   855    954    911    635
   856    957    869    674
   857    985    855    660
   858    974    846    680
   859    953    865    682
   860    979    864    657
   861    927    923    650
   862    921    909    670
   863    943    850    707
   864    948    861    691
   865    934    848    718
   866    924    860    716
   867    998    806    696
   868    980    844    676
   869    990    834    676
   870    966    810    724
   871   1005    832    663
   872    971    873    656
   873    948    861    691
   874    948    836    716
   875   1005    787    708
   876   1012    819    669
   877   1019    788    693
   878   1032    802    666
   879    996    853    651
   880    973    857    670
   881    933    874    693
   882    991    801    708
   883   1055    792    653
   884   1033    810    657
   885    971    850    679
   886    994    877    629
   887   1041    820    639
   888   1030    821    649
   889   1012    837    651
   890   1021    825    654
   891   1035    831    634
   892    945    884    671
   893    974    856    670
   894    981    870    649
   895    962    874    664
   896    945    856    699
   897    937    865    698
   898    978    834    688
   899   1002    842    656
   900    968    855    677
   901    987    817    696
   902   1090    803    607
   903   1002    900    598
   904    926    892    682
   905    996    865    639
   906   1005    833    662
   907    992    836    672
   908    992    843    665
   909    981    870    649
   910    962    877    661
   911    971    851    678
   912   1000    826    674
   913    965    863    672
   914    978    861    661
   915    953    855    692
   916    979    835    686
   917    972    830    698
   918   1016    816    668
   919    971    846    683
   920   1021    819    660
   921   1032    829    639
   922   1015    853    632
   923   1007    847    646
   924    992    826    682
   925   1012    824    664
   926    994    846    660
   927    989    831    680
   928    986    862    652
   929    974    899    627
   930   1000    838    662
   931   1005    848    647
   932    999    817    684
   933   1047    799    654
   934   1050    805    645
   935   1026    798    676
   936   1063    807    630
   937   1058    793    649
   938   1053    806    641
   939    995    840    665
   940    973    840    687
   941    992    801    707
   942   1019    783    698
   943   1000    785    715
   944   1057    784    659
   945   1052    793    655
   946   1054    810    636
   947   1026    801    673
   948   1012    811    677
   949    995    806    699
   950   1003    859    638
   951   1026    831    643
   952   1020    816    664
   953   1027    801    672
   954   1042    814    644
   955   1063    810    627
   956   1047    818    635
   957   1038    804    658
   958   1008    814    678
   959   1032    801    667
   960   1011    840    649
   961   1002    859    639
   962   1027    829    644
   963    937    901    662
   964    967    852    681
   965    989    785    726
   966   1000    799    701
   967    989    806    705
   968   1001    807    692
   969   1051    800    649
   970   1017    828    655
   971    958    879    663
   972    968    859    673
   973   1003    838    659
   974   1059    767    674
   975   1058    814    628
   976   1023    845    632
   977    980    855    665
   978   1007    861    632
   979    979    844    677
   980    966    832    702
   981   1030    801    669
   982   1021    810    669
   983    991    819    690
   984   1029    807    664
   985   1043    780    677
   986    980    816    704
   987   1022    838    640
   988   1024    849    627
   989    986    858    656
   990    996    805    699
   991    995    818    687
   992   1056    788    656
   993   1025    822    653
   994    969    818    713
   995    965    836    699
   996   1019    826    655
   997    974    846    680
   998   1016    801    683
   999   1022    815    663
  1000   1015    808    677
