# time (sweeps) | Susceptible | Infected | Recovered
     0   2280      0    220
     1   2284      0    216
     2   2290      0    210
     3   2294      0    206
     4   2299      0    201
     5   2304      0    196
     6   2309      0    191
     7   2311      0    189
     8   2315      0    185
     9   2317      0    183
    10   2321      0    179
    11   2323      0    177
    12   2325      0    175
    13   2327      0    173
    14   2331      0    169
    15   2336      0    164
    16   2341      0    159
    17   2343      0    157
    18   2348      0    152
    19   2349      0    151
    20   2352      0    148
    21   2353      0    147
    22   2359      0    141
    23   2361      0    139
    24   2363      0    137
    25   2364      0    136
    26   2369      0    131
    27   2369      0    131
    28   2375      0    125
    29   2377      0    123
    30   2380      0    120
    31   2383      0    117
    32   2383      0    117
    33   2389      0    111
    34   2396      0    104
    35   2400      0    100
    36   2401      0     99
    37   2405      0     95
    38   2405      0     95
    39   2407      0     93
    40   2411      0     89
    41   2412      0     88
    42   2413      0     87
    43   2415      0     85
    44   2417      0     83
    45   2421      0     79
    46   2424      0     76
    47   2426      0     74
    48   2427      0     73
    49   2429      0     71
    50   2430      0     70
    51   2434      0     66
    52   2438      0     62
    53   2438      0     62
    54   2439      0     61
    55   2442      0     58
    56   2444      0     56
    57   2446      0     54
    58   2448      0     52
    59   2450      0     50
    60   2450      0     50
    61   2450      0     50
    62   2451      0     49
    63   2451      0     49
    64   2451      0     49
    65   2454      0     46
    66   2454      0     46
    67   2455      0     45
    68   2455      0     45
    69   2456      0     44
    70   2457      0     43
    71   2458      0     42
    72   2459      0     41
    73   2462      0     38
    74   2463      0     37
    75   2465      0     35
    76   2467      0     33
    77   2468      0     32
    78   2469      0     31
    79   2469      0     31
    80   2469      0     31
    81   2469      0     31
    82   2470      0     30
    83   2471      0     29
    84   2471      0     29
    85   2471      0     29
    86   2471      0     29
    87   2471      0     29
    88   2471      0     29
    89   2472      0     28
    90   2472      0     28
    91   2473      0     27
    92   2473      0     27
    93   2473      0     27
    94   2473      0     27
    95   2473      0     27
    96   2474      0     26
    97   2475      0     25
    98   2475      0     25
    99   2476      0     24
   100   2476      0     24
   101   2477      0     23
   102   2477      0     23
   103   2477      0     23
   104   2477      0     23
   105   2477      0     23
   106   2477      0     23
   107   2477      0     23
   108   2477      0     23
   109   2477      0     23
   110   2477      0     23
   111   2477      0     23
   112   2477      0     23
   113   2477      0     23
   114   2478      0     22
   115   2479      0     21
   116   2479      0     21
   117   2480      0     20
   118   2480      0     20
   119   2480      0     20
   120   2480      0     20
   121   2481      0     19
   122   2482      0     18
   123   2482      0     18
   124   2483      0     17
   125   2484      0     16
   126   2484      0     16
   127   2484      0     16
   128   2484      0     16
   129   2485      0     15
   130   2485      0     15
   131   2485      0     15
   132   2485      0     15
   133   2486      0     14
   134   2486      0     14
   135   2486      0     14
   136   2486      0     14
   137   2487      0     13
   138   2488      0     12
   139   2489      0     11
   140   2489      0     11
   141   2489      0     11
   142   2489      0     11
   143   2489      0     11
   144   2489      0     11
   145   2490      0     10
   146   2490      0     10
   147   2490      0     10
   148   2490      0     10
   149   2490      0     10
   150   2490      0     10
   151   2490      0     10
   152   2490      0     10
   153   2490      0     10
   154   2490      0     10
   155   2490      0     10
   156   2490      0     10
   157   2491      0      9
   158   2491      0      9
   159   2491      0      9
   160   2491      0      9
   161   2491      0      9
   162   2491      0      9
   163   2491      0      9
   164   2492      0      8
   165   2492      0      8
   166   2492      0      8
   167   2492      0      8
   168   2492      0      8
   169   2492      0      8
   170   2492      0      8
   171   2492      0      8
   172   2492      0      8
   173   2492      0      8
   174   2492      0      8
   175   2492      0      8
   176   2492      0      8
   177   2492      0      8
   178   2492      0      8
   179   2492      0      8
   180   2492      0      8
   181   2493      0      7
   182   2493      0      7
   183   2493      0      7
   184   2494      0      6
   185   2494      0      6
   186   2494      0      6
   187   2495      0      5
   188   2495      0      5
   189   2495      0      5
   190   2495      0      5
   191   2495      0      5
   192   2495      0      5
   193   2495      0      5
   194   2495      0      5
   195   2495      0      5
   196   2495      0      5
   197   2495      0      5
   198   2496      0      4
   199   2497      0      3
   200   2498      0      2
   201   2498      0      2
   202   2498      0      2
   203   2498      0      2
   204   2498      0      2
   205   2498      0      2
   206   2498      0      2
   207   2498      0      2
   208   2498      0      2
   209   2498      0      2
   210   2498      0      2
   211   2498      0      2
   212   2498      0      2
   213   2498      0      2
   214   2498      0      2
   215   2498      0      2
   216   2498      0      2
   217   2498      0      2
   218   2498      0      2
   219   2498      0      2
   220   2498      0      2
   221   2498      0      2
   222   2498      0      2
   223   2498      0      2
   224   2498      0      2
   225   2498      0      2
   226   2498      0      2
   227   2498      0      2
   228   2498      0      2
   229   2498      0      2
   230   2498      0      2
   231   2498      0      2
   232   2498      0      2
   233   2498      0      2
   234   2498      0      2
   235   2498      0      2
   236   2498      0      2
   237   2498      0      2
   238   2498      0      2
   239   2499      0      1
   240   2499      0      1
   241   2499      0      1
   242   2499      0      1
   243   2499      0      1
   244   2499      0      1
   245   2499      0      1
   246   2499      0      1
   247   2499      0      1
   248   2499      0      1
   249   2499      0      1
   250   2499      0      1
   251   2499      0      1
   252   2499      0      1
   253   2499      0      1
   254   2499      0      1
   255   2499      0      1
   256   2499      0      1
   257   2499      0      1
   258   2499      0      1
   259   2499      0      1
   260   2499      0      1
   261   2499      0      1
   262   2499      0      1
   263   2499      0      1
   264   2499      0      1
   265   2499      0      1
   266   2499      0      1
   267   2499      0      1
   268   2499      0      1
   269   2499      0      1
   270   2499      0      1
   271   2499      0      1
   272   2499      0      1
   273   2499      0      1
   274   2499      0      1
   275   2499      0      1
   276   2499      0      1
   277   2499      0      1
   278   2499      0      1
   279   2499      0      1
   280   2499      0      1
   281   2499      0      1
   282   2499      0      1
   283   2499      0      1
   284   2499      0      1
   285   2499      0      1
   286   2499      0      1
   287   2499      0      1
   288   2499      0      1
   289   2499      0      1
   290   2499      0      1
   291   2499      0      1
   292   2499      0      1
   293   2499      0      1
   294   2499      0      1
   295   2499      0      1
   296   2499      0      1
   297   2499      0      1
   298   2499      0      1
   299   2499      0      1
   300   2499      0      1
   301   2499      0      1
   302   2499      0      1
   303   2499      0      1
   304   2499      0      1
   305   2499      0      1
   306   2499      0      1
   307   2499      0      1
   308   2499      0      1
   309   2499      0      1
   310   2499      0      1
   311   2499      0      1
   312   2499      0      1
   313   2499      0      1
   314   2499      0      1
   315   2499      0      1
   316   2499      0      1
   317   2499      0      1
   318   2499      0      1
   319   2499      0      1
   320   2499      0      1
   321   2499      0      1
   322   2499      0      1
   323   2499      0      1
   324   2499      0      1
   325   2499      0      1
   326   2499      0      1
   327   2499      0      1
   328   2499      0      1
   329   2499      0      1
   330   2499      0      1
   331   2499      0      1
   332   2499      0      1
   333   2499      0      1
   334   2499      0      1
   335   2499      0      1
   336   2499      0      1
   337   2499      0      1
   338   2499      0      1
   339   2499      0      1
   340   2499      0      1
   341   2499      0      1
   342   2499      0      1
   343   2499      0      1
   344   2499      0      1
   345   2500      0      0
   346   2500      0      0
   347   2500      0      0
   348   2500      0      0
   349   2500      0      0
   350   2500      0      0
   351   2500      0      0
   352   2500      0      0
   353   2500      0      0
   354   2500      0      0
   355   2500      0      0
   356   2500      0      0
   357   2500      0      0
   358   2500      0      0
   359   2500      0      0
   360   2500      0      0
   361   2500      0      0
   362   2500      0      0
   363   2500      0      0
   364   2500      0      0
   365   2500      0      0
   366   2500      0      0
   367   2500      0      0
   368   2500      0      0
   369   2500      0      0
   370   2500      0      0
   371   2500      0      0
   372   2500      0      0
   373   2500      0      0
   374   2500      0      0
   375   2500      0      0
   376   2500      0      0
   377   2500      0      0
   378   2500      0      0
   379   2500      0      0
   380   2500      0      0
   381   2500      0      0
   382   2500      0      0
   383   2500      0      0
   384   2500      0      0
   385   2500      0      0
   386   2500      0      0
   387   2500      0      0
   388   2500      0      0
   389   2500      0      0
   390   2500      0      0
   391   2500      0      0
   392   2500      0      0
   393   2500      0      0
   394   2500      0      0
   395   2500      0      0
   396   2500      0      0
   397   2500      0      0
   398   2500      0      0
   399   2500      0      0
   400   2500      0      0
   401   2500      0      0
   402   2500      0      0
   403   2500      0      0
   404   2500      0      0
   405   2500      0      0
   406   2500      0      0
   407   2500      0      0
   408   2500      0      0
   409   2500      0      0
   410   2500      0      0
   411   2500      0      0
   412   2500      0      0
   413   2500      0      0
   414   2500      0      0
   415   2500      0      0
   416   2500      0      0
   417   2500      0      0
   418   2500      0      0
   419   2500      0      0
   420   2500      0      0
   421   2500      0      0
   422   2500      0      0
   423   2500      0      0
   424   2500      0      0
   425   2500      0      0
   426   2500      0      0
   427   2500      0      0
   428   2500      0      0
   429   2500      0      0
   430   2500      0      0
   431   2500      0      0
   432   2500      0      0
   433   2500      0      0
   434   2500      0      0
   435   2500      0      0
   436   2500      0      0
   437   2500      0      0
   438   2500      0      0
   439   2500      0      0
   440   2500      0      0
   441   2500      0      0
   442   2500      0      0
   443   2500      0      0
   444   2500      0      0
   445   2500      0      0
   446   2500      0      0
   447   2500      0      0
   448   2500      0      0
   449   2500      0      0
   450   2500      0      0
   451   2500      0      0
   452   2500      0      0
   453   2500      0      0
   454   2500      0      0
   455   2500      0      0
   456   2500      0      0
   457   2500      0      0
   458   2500      0      0
   459   2500      0      0
   460   2500      0      0
   461   2500      0      0
   462   2500      0      0
   463   2500      0      0
   464   2500      0      0
   465   2500      0      0
   466   2500      0      0
   467   2500      0      0
   468   2500      0      0
   469   2500      0      0
   470   2500      0      0
   471   2500      0      0
   472   2500      0      0
   473   2500      0      0
   474   2500      0      0
   475   2500      0      0
   476   2500      0      0
   477   2500      0      0
   478   2500      0      0
   479   2500      0      0
   480   2500      0      0
   481   2500      0      0
   482   2500      0      0
   483   2500      0      0
   484   2500      0      0
   485   2500      0      0
   486   2500      0      0
   487   2500      0      0
   488   2500      0      0
   489   2500      0      0
   490   2500      0      0
   491   2500      0      0
   492   2500      0      0
   493   2500      0      0
   494   2500      0      0
   495   2500      0      0
   496   2500      0      0
   497   2500      0      0
   498   2500      0      0
   499   2500      0      0
   500   2500      0      0
   501   2500      0      0
   502   2500      0      0
   503   2500      0      0
   504   2500      0      0
   505   2500      0      0
   506   2500      0      0
   507   2500      0      0
   508   2500      0      0
   509   2500      0      0
   510   2500      0      0
   511   2500      0      0
   512   2500      0      0
   513   2500      0      0
   514   2500      0      0
   515   2500      0      0
   516   2500      0      0
   517   2500      0      0
   518   2500      0      0
   519   2500      0      0
   520   2500      0      0
   521   2500      0      0
   522   2500      0      0
   523   2500      0      0
   524   2500      0      0
   525   2500      0      0
   526   2500      0      0
   527   2500      0      0
   528   2500      0      0
   529   2500      0      0
   530   2500      0      0
   531   2500      0      0
   532   2500      0      0
   533   2500      0      0
   534   2500      0      0
   535   2500      0      0
   536   2500      0      0
   537   2500      0      0
   538   2500      0      0
   539   2500      0      0
   540   2500      0      0
   541   2500      0      0
   542   2500      0      0
   543   2500      0      0
   544   2500      0      0
   545   2500      0      0
   546   2500      0      0
   547   2500      0      0
   548   2500      0      0
   549   2500      0      0
   550   2500      0      0
   551   2500      0      0
   552   2500      0      0
   553   2500      0      0
   554   2500      0      0
   555   2500      0      0
   556   2500      0      0
   557   2500      0      0
   558   2500      0      0
   559   2500      0      0
   560   2500      0      0
   561   2500      0      0
   562   2500      0      0
   563   2500      0      0
   564   2500      0      0
   565   2500      0      0
   566   2500      0      0
   567   2500      0      0
   568   2500      0      0
   569   2500      0      0
   570   2500      0      0
   571   2500      0      0
   572   2500      0      0
   573   2500      0      0
   574   2500      0      0
   575   2500      0      0
   576   2500      0      0
   577   2500      0      0
   578   2500      0      0
   579   2500      0      0
   580   2500      0      0
   581   2500      0      0
   582   2500      0      0
   583   2500      0      0
   584   2500      0      0
   585   2500      0      0
   586   2500      0      0
   587   2500      0      0
   588   2500      0      0
   589   2500      0      0
   590   2500      0      0
   591   2500      0      0
   592   2500      0      0
   593   2500      0      0
   594   2500      0      0
   595   2500      0      0
   596   2500      0      0
   597   2500      0      0
   598   2500      0      0
   599   2500      0      0
   600   2500      0      0
   601   2500      0      0
   602   2500      0      0
   603   2500      0      0
   604   2500      0      0
   605   2500      0      0
   606   2500      0      0
   607   2500      0      0
   608   2500      0      0
   609   2500      0      0
   610   2500      0      0
   611   2500      0      0
   612   2500      0      0
   613   2500      0      0
   614   2500      0      0
   615   2500      0      0
   616   2500      0      0
   617   2500      0      0
   618   2500      0      0
   619   2500      0      0
   620   2500      0      0
   621   2500      0      0
   622   2500      0      0
   623   2500      0      0
   624   2500      0      0
   625   2500      0      0
   626   2500      0      0
   627   2500      0      0
   628   2500      0      0
   629   2500      0      0
   630   2500      0      0
   631   2500      0      0
   632   2500      0      0
   633   2500      0      0
   634   2500      0      0
   635   2500      0      0
   636   2500      0      0
   637   2500      0      0
   638   2500      0      0
   639   2500      0      0
   640   2500      0      0
   641   2500      0      0
   642   2500      0      0
   643   2500      0      0
   644   2500      0      0
   645   2500      0      0
   646   2500      0      0
   647   2500      0      0
   648   2500      0      0
   649   2500      0      0
   650   2500      0      0
   651   2500      0      0
   652   2500      0      0
   653   2500      0      0
   654   2500      0      0
   655   2500      0      0
   656   2500      0      0
   657   2500      0      0
   658   2500      0      0
   659   2500      0      0
   660   2500      0      0
   661   2500      0      0
   662   2500      0      0
   663   2500      0      0
   664   2500      0      0
   665   2500      0      0
   666   2500      0      0
   667   2500      0      0
   668   2500      0      0
   669   2500      0      0
   670   2500      0      0
   671   2500      0      0
   672   2500      0      0
   673   2500      0      0
   674   2500      0      0
   675   2500      0      0
   676   2500      0      0
   677   2500      0      0
   678   2500      0      0
   679   2500      0      0
   680   2500      0      0
   681   2500      0      0
   682   2500      0      0
   683   2500      0      0
   684   2500      0      0
   685   2500      0      0
   686   2500      0      0
   687   2500      0      0
   688   2500      0      0
   689   2500      0      0
   690   2500      0      0
   691   2500      0      0
   692   2500      0      0
   693   2500      0      0
   694   2500      0      0
   695   2500      0      0
   696   2500      0      0
   697   2500      0      0
   698   2500      0      0
   699   2500      0      0
   700   2500      0      0
   701   2500      0      0
   702   2500      0      0
   703   2500      0      0
   704   2500      0      0
   705   2500      0      0
   706   2500      0      0
   707   2500      0      0
   708   2500      0      0
   709   2500      0      0
   710   2500      0      0
   711   2500      0      0
   712   2500      0      0
   713   2500      0      0
   714   2500      0      0
   715   2500      0      0
   716   2500      0      0
   717   2500      0      0
   718   2500      0      0
   719   2500      0      0
   720   2500      0      0
   721   2500      0      0
   722   2500      0      0
   723   2500      0      0
   724   2500      0      0
   725   2500      0      0
   726   2500      0      0
   727   2500      0      0
   728   2500      0      0
   729   2500      0      0
   730   2500      0      0
   731   2500      0      0
   732   2500      0      0
   733   2500      0      0
   734   2500      0      0
   735   2500      0      0
   736   2500      0      0
   737   2500      0      0
   738   2500      0      0
   739   2500      0      0
   740   2500      0      0
   741   2500      0      0
   742   2500      0      0
   743   2500      0      0
   744   2500      0      0
   745   2500      0      0
   746   2500      0      0
   747   2500      0      0
   748   2500      0      0
   749   2500      0      0
   750   2500      0      0
   751   2500      0      0
   752   2500      0      0
   753   2500      0      0
   754   2500      0      0
   755   2500      0      0
   756   2500      0      0
   757   2500      0      0
   758   2500      0      0
   759   2500      0      0
   760   2500      0      0
   761   2500      0      0
   762   2500      0      0
   763   2500      0      0
   764   2500      0      0
   765   2500      0      0
   766   2500      0      0
   767   2500      0      0
   768   2500      0      0
   769   2500      0      0
   770   2500      0      0
   771   2500      0      0
   772   2500      0      0
   773   2500      0      0
   774   2500      0      0
   775   2500      0      0
   776   2500      0      0
   777   2500      0      0
   778   2500      0      0
   779   2500      0      0
   780   2500      0      0
   781   2500      0      0
   782   2500      0      0
   783   2500      0      0
   784   2500      0      0
   785   2500      0      0
   786   2500      0      0
   787   2500      0      0
   788   2500      0      0
   789   2500      0      0
   790   2500      0      0
   791   2500      0      0
   792   2500      0      0
   793   2500      0      0
   794   2500      0      0
   795   2500      0      0
   796   2500      0      0
   797   2500      0      0
   798   2500      0      0
   799   2500      0      0
   800   2500      0      0
   801   2500      0      0
   802   2500      0      0
   803   2500      0      0
   804   2500      0      0
   805   2500      0      0
   806   2500      0      0
   807   2500      0      0
   808   2500      0      0
   809   2500      0      0
   810   2500      0      0
   811   2500      0      0
   812   2500      0      0
   813   2500      0      0
   814   2500      0      0
   815   2500      0      0
   816   2500      0      0
   817   2500      0      0
   818   2500      0      0
   819   2500      0      0
   820   2500      0      0
   821   2500      0      0
   822   2500      0      0
   823   2500      0      0
   824   2500      0      0
   825   2500      0      0
   826   2500      0      0
   827   2500      0      0
   828   2500      0      0
   829   2500      0      0
   830   2500      0      0
   831   2500      0      0
   832   2500      0      0
   833   2500      0      0
   834   2500      0      0
   835   2500      0      0
   836   2500      0      0
   837   2500      0      0
   838   2500      0      0
   839   2500      0      0
   840   2500      0      0
   841   2500      0      0
   842   2500      0      0
   843   2500      0      0
   844   2500      0      0
   845   2500      0      0
   846   2500      0      0
   847   2500      0      0
   848   2500      0      0
   849   2500      0      0
   850   2500      0      0
   851   2500      0      0
   852   2500      0      0
   853   2500      0      0
   854   2500      0      0
   855   2500      0      0
   856   2500      0      0
   857   2500      0      0
   858   2500      0      0
   859   2500      0      0
   860   2500      0      0
   861   2500      0      0
   862   2500      0      0
   863   2500      0      0
   864   2500      0      0
   865   2500      0      0
   866   2500      0      0
   867   2500      0      0
   868   2500      0      0
   869   2500      0      0
   870   2500      0      0
   871   2500      0      0
   872   2500      0      0
   873   2500      0      0
   874   2500      0      0
   875   2500      0      0
   876   2500      0      0
   877   2500      0      0
   878   2500      0      0
   879   2500      0      0
   880   2500      0      0
   881   2500      0      0
   882   2500      0      0
   883   2500      0      0
   884   2500      0      0
   885   2500      0      0
   886   2500      0      0
   887   2500      0      0
   888   2500      0      0
   889   2500      0      0
   890   2500      0      0
   891   2500      0      0
   892   2500      0      0
   893   2500      0      0
   894   2500      0      0
   895   2500      0      0
   896   2500      0      0
   897   2500      0      0
   898   2500      0      0
   899   2500      0      0
   900   2500      0      0
   901   2500      0      0
   902   2500      0      0
   903   2500      0      0
   904   2500      0      0
   905   2500      0      0
   906   2500      0      0
   907   2500      0      0
   908   2500      0      0
   909   2500      0      0
   910   2500      0      0
   911   2500      0      0
   912   2500      0      0
   913   2500      0      0
   914   2500      0      0
   915   2500      0      0
   916   2500      0      0
   917   2500      0      0
   918   2500      0      0
   919   2500      0      0
   920   2500      0      0
   921   2500      0      0
   922   2500      0      0
   923   2500      0      0
   924   2500      0      0
   925   2500      0      0
   926   2500      0      0
   927   2500      0      0
   928   2500      0      0
   929   2500      0      0
   930   2500      0      0
   931   2500      0      0
   932   2500      0      0
   933   2500      0      0
   934   2500      0      0
   935   2500      0      0
   936   2500      0      0
   937   2500      0      0
   938   2500      0      0
   939   2500      0      0
   940   2500      0      0
   941   2500      0      0
   942   2500      0      0
   943   2500      0      0
   944   2500      0      0
   945   2500      0      0
   946   2500      0      0
   947   2500      0      0
   948   2500      0      0
   949   2500      0      0
   950   2500      0      0
   951   2500      0      0
   952   2500      0      0
   953   2500      0      0
   954   2500      0      0
   955   2500      0      0
   956   2500      0      0
   957   2500      0      0
   958   2500      0      0
   959   2500      0      0
   960   2500      0      0
   961   2500      0      0
   962   2500      0      0
   963   2500      0      0
   964   2500      0      0
   965   2500      0      0
   966   2500      0      0
   967   2500      0      0
   968   2500      0      0
   969   2500      0      0
   970   2500      0      0
   971   2500      0      0
   972   2500      0      0
   973   2500      0      0
   974   2500      0      0
   975   2500      0      0
   976   2500      0      0
   977   2500      0      0
   978   2500      0      0
   979   2500      0      0
   980   2500      0      0
   981   2500      0      0
   982   2500      0      0
   983   2500      0      0
   984   2500      0      0
   985   2500      0      0
   986   2500      0      0
   987   2500      0      0
   988   2500      0      0
   989   2500      0      0
   990   2500      0      0
   991   2500      0      0
   992   2500      0      0
   993   2500      0      0
   994   2500      0      0
   995   2500      0      0
   996   2500      0      0
   997   2500      0      0
   998   2500      0      0
   999   2500      0      0
  1000   2500      0      0
