# time (sweeps) | Susceptible | Infected | Recovered
     0   1076    362   1062
     1   1104    370   1026
     2   1153    331   1016
     3   1153    341   1006
     4   1174    350    976
     5   1190    365    945
     6   1188    338    974
     7   1230    320    950
     8   1221    345    934
     9   1173    407    920
    10   1163    393    944
    11   1179    374    947
    12   1167    372    961
    13   1155    421    924
    14   1127    421    952
    15   1113    417    970
    16   1079    415   1006
    17   1083    396   1021
    18   1101    400    999
    19   1104    387   1009
    20   1090    388   1022
    21   1050    419   1031
    22   1061    399   1040
    23   1106    375   1019
    24   1100    390   1010
    25   1119    378   1003
    26   1171    351    978
    27   1187    348    965
    28   1206    326    968
    29   1188    366    946
    30   1201    367    932
    31   1170    412    918
    32   1133    427    940
    33   1101    441    958
    34   1097    439    964
    35   1065    446    989
    36   1035    415   1050
    37   1075    423   1002
    38   1071    413   1016
    39   1098    381   1021
    40   1093    408    999
    41   1093    407   1000
    42   1098    387   1015
    43   1071    430    999
    44   1079    428    993
    45   1072    442    986
    46   1079    425    996
    47   1063    420   1017
    48   1038    424   1038
    49   1061    388   1051
    50   1077    377   1046
    51   1093    367   1040
    52   1101    373   1026
    53   1126    348   1026
    54   1130    354   1016
    55   1176    352    972
    56   1154    378    968
    57   1180    376    944
    58   1189    379    932
    59   1194    370    936
    60   1179    381    940
    61   1182    368    950
    62   1165    361    974
    63   1166    357    977
    64   1154    376    970
    65   1161    375    964
    66   1178    347    975
    67   1184    378    938
    68   1202    387    911
    69   1202    390    908
    70   1174    397    929
    71   1148    407    945
    72   1107    385   1008
    73   1135    388    977
    74   1106    397    997
    75   1079    413   1008
    76   1081    384   1035
    77   1111    358   1031
    78   1141    341   1018
    79   1157    333   1010
    80   1156    360    984
    81   1166    360    974
    82   1176    397    927
    83   1136    423    941
    84   1124    454    922
    85   1129    439    932
    86   1130    417    953
    87   1091    417    992
    88   1067    426   1007
    89   1047    398   1055
    90   1094    387   1019
    91   1103    405    992
    92   1105    404    991
    93   1123    389    988
    94   1133    375    992
    95   1106    402    992
    96   1084    429    987
    97   1080    455    965
    98   1065    430   1005
    99   1056    415   1029
   100   1046    418   1036
   101   1056    415   1029
   102   1053    428   1019
   103   1036    416   1048
   104   1068    373   1059
   105   1107    355   1038
   106   1114    360   1026
   107   1166    325   1009
   108   1177    363    960
   109   1185    368    947
   110   1182    381    937
   111   1188    369    943
   112   1182    390    928
   113   1178    381    941
   114   1176    379    945
   115   1166    388    946
   116   1144    393    963
   117   1123    395    982
   118   1118    398    984
   119   1123    390    987
   120   1161    391    948
   121   1190    382    928
   122   1186    389    925
   123   1135    421    944
   124   1104    414    982
   125   1103    407    990
   126   1057    431   1012
   127   1018    462   1020
   128   1012    446   1042
   129   1053    405   1042
   130   1057    394   1049
   131   1102    367   1031
   132   1129    388    983
   133   1140    375    985
   134   1122    396    982
   135   1114    403    983
   136   1114    388    998
   137   1131    381    988
   138   1150    372    978
   139   1136    391    973
   140   1130    375    995
   141   1151    391    958
   142   1151    377    972
   143   1163    366    971
   144   1189    374    937
   145   1152    405    943
   146   1126    414    960
   147   1110    401    989
   148   1092    410    998
   149   1039    428   1033
   150   1013    445   1042
   151   1022    424   1054
   152   1007    427   1066
   153   1061    369   1070
   154   1065    389   1046
   155   1122    367   1011
   156   1164    345    991
   157   1170    383    947
   158   1132    416    952
   159   1065    464    971
   160   1038    467    995
   161   1013    471   1016
   162   1010    470   1020
   163    985    470   1045
   164    958    480   1062
   165    961    458   1081
   166    949    467   1084
   167    979    431   1090
   168    975    410   1115
   169   1023    397   1080
   170   1041    392   1067
   171   1042    390   1068
   172   1089    383   1028
   173   1093    362   1045
   174   1129    354   1017
   175   1166    320   1014
   176   1201    344    955
   177   1228    340    932
   178   1244    345    911
   179   1231    375    894
   180   1265    357    878
   181   1212    407    881
   182   1176    419    905
   183   1119    448    933
   184   1050    462    988
   185   1017    470   1013
   186   1024    433   1043
   187    989    431   1080
   188   1011    420   1069
   189   1022    417   1061
   190   1025    397   1078
   191   1025    429   1046
   192   1031    428   1041
   193   1049    432   1019
   194   1053    414   1033
   195   1054    422   1024
   196   1071    407   1022
   197   1093    407   1000
   198   1091    399   1010
   199   1109    373   1018
   200   1119    373   1008
   201   1121    383    996
   202   1132    383    985
   203   1116    386    998
   204   1106    383   1011
   205   1150    380    970
   206   1158    379    963
   207   1142    396    962
   208   1123    394    983
   209   1141    399    960
   210   1128    421    951
   211   1119    435    946
   212   1057    444    999
   213   1025    437   1038
   214   1025    450   1025
   215   1035    432   1033
   216   1068    427   1005
   217   1026    443   1031
   218    995    465   1040
   219    999    448   1053
   220    974    456   1070
   221    999    455   1046
   222    998    438   1064
   223   1040    406   1054
   224   1057    390   1053
   225   1069    371   1060
   226   1152    347   1001
   227   1151    392    957
   228   1126    417    957
   229   1128    380    992
   230   1157    363    980
   231   1136    389    975
   232   1095    390   1015
   233   1136    362   1002
   234   1138    387    975
   235   1187    348    965
   236   1170    357    973
   237   1216    342    942
   238   1248    337    915
   239   1215    355    930
   240   1225    352    923
   241   1253    338    909
   242   1243    350    907
   243   1228    351    921
   244   1213    390    897
   245   1175    400    925
   246   1148    408    944
   247   1143    400    957
   248   1113    414    973
   249   1108    411    981
   250   1093    425    982
   251   1079    437    984
   252   1083    419    998
   253   1068    416   1016
   254   1065    362   1073
   255   1095    360   1045
   256   1149    356    995
   257   1149    397    954
   258   1149    388    963
   259   1120    397    983
   260   1138    403    959
   261   1113    415    972
   262   1099    427    974
   263   1132    414    954
   264   1132    418    950
   265   1087    458    955
   266   1035    491    974
   267   1004    463   1033
   268   1004    448   1048
   269    993    452   1055
   270    958    485   1057
   271    958    491   1051
   272    927    480   1093
   273    923    456   1121
   274    943    442   1115
   275    965    429   1106
   276    960    446   1094
   277    986    413   1101
   278    990    406   1104
   279   1008    406   1086
   280   1041    391   1068
   281   1088    358   1054
   282   1097    374   1029
   283   1090    399   1011
   284   1122    402    976
   285   1072    420   1008
   286   1046    436   1018
   287   1014    432   1054
   288   1026    408   1066
   289   1051    396   1053
   290   1096    360   1044
   291   1101    377   1022
   292   1137    359   1004
   293   1147    354    999
   294   1173    354    973
   295   1166    362    972
   296   1164    340    996
   297   1184    333    983
   298   1213    314    973
   299   1238    314    948
   300   1252    355    893
   301   1213    378    909
   302   1206    410    884
   303   1132    446    922
   304   1094    461    945
   305   1058    461    981
   306   1016    494    990
   307   1002    484   1014
   308    987    446   1067
   309   1031    392   1077
   310   1074    389   1037
   311   1095    383   1022
   312   1095    391   1014
   313   1065    408   1027
   314   1061    394   1045
   315   1076    395   1029
   316   1085    392   1023
   317   1088    412   1000
   318   1099    406    995
   319   1075    402   1023
   320   1047    423   1030
   321   1043    428   1029
   322   1051    393   1056
   323   1082    382   1036
   324   1075    402   1023
   325   1060    415   1025
   326   1073    426   1001
   327   1062    431   1007
   328   1072    393   1035
   329   1088    400   1012
   330   1077    407   1016
   331   1085    386   1029
   332   1114    388    998
   333   1104    389   1007
   334   1127    356   1017
   335   1157    337   1006
   336   1194    321    985
   337   1204    332    964
   338   1190    363    947
   339   1149    387    964
   340   1146    366    988
   341   1173    350    977
   342   1146    372    982
   343   1165    380    955
   344   1152    391    957
   345   1125    400    975
   346   1134    407    959
   347   1100    422    978
   348   1084    441    975
   349   1068    428   1004
   350   1076    434    990
   351   1052    436   1012
   352   1006    435   1059
   353   1037    416   1047
   354   1024    414   1062
   355   1028    397   1075
   356   1061    384   1055
   357   1110    380   1010
   358   1118    377   1005
   359   1102    405    993
   360   1107    420    973
   361   1111    426    963
   362   1068    445    987
   363   1060    436   1004
   364   1056    432   1012
   365   1061    394   1045
   366   1074    413   1013
   367   1102    392   1006
   368   1101    427    972
   369   1129    386    985
   370   1130    364   1006
   371   1155    374    971
   372   1123    402    975
   373   1106    415    979
   374   1104    425    971
   375   1128    399    973
   376   1166    373    961
   377   1156    375    969
   378   1117    411    972
   379   1095    405   1000
   380   1092    410    998
   381   1070    431    999
   382   1052    422   1026
   383   1065    383   1052
   384   1070    382   1048
   385   1102    383   1015
   386   1086    417    997
   387   1088    414    998
   388   1028    439   1033
   389   1020    453   1027
   390   1012    431   1057
   391    994    444   1062
   392   1007    420   1073
   393   1038    384   1078
   394   1061    399   1040
   395   1053    396   1051
   396   1089    395   1016
   397   1074    395   1031
   398   1105    369   1026
   399   1082    402   1016
   400   1114    394    992
   401   1111    380   1009
   402   1108    394    998
   403   1132    379    989
   404   1148    392    960
   405   1099    419    982
   406   1086    394   1020
   407   1082    376   1042
   408   1060    403   1037
   409   1030    415   1055
   410   1013    421   1066
   411   1012    394   1094
   412   1014    391   1095
   413   1038    367   1095
   414   1087    334   1079
   415   1128    341   1031
   416   1159    340   1001
   417   1191    324    985
   418   1190    337    973
   419   1224    321    955
   420   1233    347    920
   421   1220    355    925
   422   1249    348    903
   423   1268    357    875
   424   1266    377    857
   425   1234    390    876
   426   1165    438    897
   427   1111    450    939
   428   1081    428    991
   429   1066    442    992
   430   1032    442   1026
   431   1006    431   1063
   432   1037    388   1075
   433   1061    384   1055
   434   1081    380   1039
   435   1091    376   1033
   436   1110    366   1024
   437   1124    351   1025
   438   1190    332    978
   439   1222    309    969
   440   1246    298    956
   441   1275    301    924
   442   1280    331    889
   443   1237    361    902
   444   1204    369    927
   445   1179    392    929
   446   1167    422    911
   447   1148    409    943
   448   1118    432    950
   449   1089    461    950
   450   1080    454    966
   451   1030    461   1009
   452   1017    453   1030
   453   1024    439   1037
   454   1036    452   1012
   455    983    470   1047
   456    958    471   1071
   457    960    458   1082
   458    963    445   1092
   459    999    383   1118
   460   1031    383   1086
   461   1085    363   1052
   462   1116    362   1022
   463   1143    340   1017
   464   1167    323   1010
   465   1212    322    966
   466   1245    325    930
   467   1240    339    921
   468   1195    377    928
   469   1159    388    953
   470   1172    378    950
   471   1193    342    965
   472   1191    377    932
   473   1175    377    948
   474   1144    405    951
   475   1146    381    973
   476   1155    391    954
   477   1130    389    981
   478   1095    405   1000
   479   1092    379   1029
   480   1079    398   1023
   481   1063    418   1019
   482   1072    399   1029
   483   1060    424   1016
   484   1025    431   1044
   485   1015    430   1055
   486   1030    411   1059
   487   1047    426   1027
   488   1080    401   1019
   489   1037    433   1030
   490   1019    436   1045
   491   1021    439   1040
   492   1001    439   1060
   493    952    460   1088
   494    980    426   1094
   495    999    426   1075
   496   1003    434   1063
   497   1077    411   1012
   498   1074    419   1007
   499   1062    415   1023
   500   1024    406   1070
   501   1037    418   1045
   502   1074    405   1021
   503   1129    360   1011
   504   1127    390    983
   505   1143    363    994
   506   1156    371    973
   507   1148    398    954
   508   1152    401    947
   509   1126    413    961
   510   1153    427    920
   511   1150    405    945
   512   1137    427    936
   513   1105    435    960
   514   1086    438    976
   515   1056    454    990
   516   1046    460    994
   517   1015    469   1016
   518    958    480   1062
   519    948    439   1113
   520    974    398   1128
   521   1015    401   1084
   522    997    446   1057
   523   1013    425   1062
   524   1027    432   1041
   525   1021    435   1044
   526   1050    420   1030
   527   1093    410    997
   528   1072    413   1015
   529   1053    422   1025
   530   1077    414   1009
   531   1084    414   1002
   532   1069    437    994
   533   1098    401   1001
   534   1083    421    996
   535   1061    427   1012
   536   1053    399   1048
   537   1088    397   1015
   538   1099    398   1003
   539   1099    374   1027
   540   1128    358   1014
   541   1155    353    992
   542   1193    360    947
   543   1156    405    939
   544   1116    426    958
   545   1098    414    988
   546   1129    387    984
   547   1131    403    966
   548   1136    394    970
   549   1123    402    975
   550   1122    401    977
   551   1137    402    961
   552   1125    412    963
   553   1103    466    931
   554   1067    484    949
   555   1059    460    981
   556   1008    463   1029
   557    992    460   1048
   558   1007    426   1067
   559   1015    428   1057
   560   1018    414   1068
   561   1026    401   1073
   562   1052    382   1066
   563   1026    420   1054
   564   1041    389   1070
   565   1065    408   1027
   566   1077    414   1009
   567   1077    389   1034
   568   1092    373   1035
   569   1116    352   1032
   570   1142    369    989
   571   1158    373    969
   572   1162    357    981
   573   1191    368    941
   574   1153    400    947
   575   1153    377    970
   576   1124    408    968
   577   1101    410    989
   578   1099    412    989
   579   1091    375   1034
   580   1148    374    978
   581   1151    379    970
   582   1109    416    975
   583   1069    435    996
   584   1101    407    992
   585   1103    391   1006
   586   1108    382   1010
   587   1132    363   1005
   588   1164    359    977
   589   1167    358    975
   590   1192    368    940
   591   1166    361    973
   592   1156    375    969
   593   1122    398    980
   594   1129    376    995
   595   1161    358    981
   596   1174    364    962
   597   1189    368    943
   598   1140    390    970
   599   1131    413    956
   600   1136    386    978
   601   1137    417    946
   602   1073    423   1004
   603   1058    432   1010
   604   1056    386   1058
   605   1051    398   1051
   606   1072    397   1031
   607   1085    386   1029
   608   1121    391    988
   609   1115    424    961
   610   1102    440    958
   611   1062    450    988
   612   1047    446   1007
   613   1033    434   1033
   614   1034    421   1045
   615   1053    404   1043
   616   1097    388   1015
   617   1129    358   1013
   618   1153    364    983
   619   1157    384    959
   620   1148    408    944
   621   1106    428    966
   622   1115    429    956
   623   1059    448    993
   624   1011    457   1032
   625    983    460   1057
   626    955    500   1045
   627    930    481   1089
   628    913    489   1098
   629    951    451   1098
   630    955    448   1097
   631    977    409   1114
   632    994    407   1099
   633    992    427   1081
   634   1011    424   1065
   635   1012    417   1071
   636   1042    385   1073
   637   1040    396   1064
   638   1068    384   1048
   639   1090    384   1026
   640   1101    385   1014
   641   1140    369    991
   642   1170    383    947
   643   1144    399    957
   644   1127    410    963
   645   1128    398    974
   646   1101    426    973
   647   1102    415    983
   648   1072    426   1002
   649   1076    449    975
   650   1024    449   1027
   651   1011    436   1053
   652   1019    417   1064
   653   1030    423   1047
   654   1052    406   1042
   655   1068    393   1039
   656   1091    397   1012
   657   1088    408   1004
   658   1081    415   1004
   659   1057    443   1000
   660   1080    421    999
   661   1094    395   1011
   662   1119    384    997
   663   1118    379   1003
   664   1139    385    976
   665   1108    431    961
   666   1089    440    971
   667   1114    419    967
   668   1099    421    980
   669   1057    441   1002
   670   1052    444   1004
   671   1061    419   1020
   672   1087    410   1003
   673   1083    394   1023
   674   1107    402    991
   675   1123    414    963
   676   1130    410    960
   677   1103    416    981
   678   1058    426   1016
   679   1043    429   1028
   680   1015    446   1039
   681    999    442   1059
   682   1030    438   1032
   683   1023    435   1042
   684   1067    413   1020
   685   1086    370   1044
   686   1072    374   1054
   687   1109    365   1026
   688   1102    381   1017
   689   1127    372   1001
   690   1117    392    991
   691   1127    416    957
   692   1104    428    968
   693   1084    424    992
   694   1074    425   1001
   695   1026    449   1025
   696    998    449   1053
   697    984    465   1051
   698    938    488   1074
   699    944    434   1122
   700    969    398   1133
   701   1015    377   1108
   702   1064    379   1057
   703   1100    379   1021
   704   1089    378   1033
   705   1111    378   1011
   706   1115    394    991
   707   1121    388    991
   708   1138    394    968
   709   1121    401    978
   710   1109    418    973
   711   1112    404    984
   712   1119    411    970
   713   1120    408    972
   714   1068    438    994
   715   1060    415   1025
   716   1090    395   1015
   717   1058    408   1034
   718   1055    406   1039
   719   1080    363   1057
   720   1112    346   1042
   721   1114    369   1017
   722   1100    399   1001
   723   1069    394   1037
   724   1071    417   1012
   725   1053    436   1011
   726   1058    423   1019
   727   1070    394   1036
   728   1079    382   1039
   729   1073    379   1048
   730   1074    377   1049
   731   1119    370   1011
   732   1142    382    976
   733   1150    382    968
   734   1162    361    977
   735   1161    347    992
   736   1184    364    952
   737   1201    370    929
   738   1205    367    928
   739   1164    386    950
   740   1118    416    966
   741   1096    433    971
   742   1099    415    986
   743   1109    387   1004
   744   1101    384   1015
   745   1110    382   1008
   746   1121    400    979
   747   1091    410    999
   748   1079    399   1022
   749   1069    399   1032
   750   1049    418   1033
   751   1061    384   1055
   752   1044    396   1060
   753   1056    380   1064
   754   1089    363   1048
   755   1137    347   1016
   756   1152    353    995
   757   1213    310    977
   758   1246    326    928
   759   1289    309    902
   760   1303    333    864
   761   1238    395    867
   762   1198    395    907
   763   1154    420    926
   764   1090    442    968
   765   1055    439   1006
   766   1035    427   1038
   767   1033    434   1033
   768    997    395   1108
   769   1015    376   1109
   770   1069    347   1084
   771   1116    344   1040
   772   1144    339   1017
   773   1149    379    972
   774   1150    366    984
   775   1139    380    981
   776   1161    376    963
   777   1171    373    956
   778   1132    390    978
   779   1099    431    970
   780   1085    428    987
   781   1126    396    978
   782   1141    366    993
   783   1146    367    987
   784   1111    373   1016
   785   1150    341   1009
   786   1155    332   1013
   787   1179    345    976
   788   1164    376    960
   789   1150    399    951
   790   1155    411    934
   791   1153    411    936
   792   1091    451    958
   793   1057    410   1033
   794   1061    409   1030
   795   1057    407   1036
   796   1060    380   1060
   797   1042    386   1072
   798   1035    396   1069
   799   1073    393   1034
   800   1101    370   1029
   801   1140    349   1011
   802   1143    372    985
   803   1171    410    919
   804   1139    441    920
   805   1155    436    909
   806   1132    443    925
   807   1078    455    967
   808   1059    413   1028
   809   1072    422   1006
   810   1060    436   1004
   811   1068    458    974
   812   1019    494    987
   813    989    490   1021
   814    967    472   1061
   815    936    491   1073
   816    968    442   1090
   817    999    418   1083
   818   1027    418   1055
   819   1038    395   1067
   820   1073    386   1041
   821   1067    419   1014
   822   1070    402   1028
   823   1069    389   1042
   824   1071    417   1012
   825   1076    414   1010
   826   1076    430    994
   827   1052    439   1009
   828   1080    379   1041
   829   1075    415   1010
   830   1069    425   1006
   831   1036    431   1033
   832   1043    398   1059
   833   1061    374   1065
   834   1098    358   1044
   835   1107    380   1013
   836   1111    387   1002
   837   1161    362    977
   838   1167    383    950
   839   1158    420    922
   840   1105    464    931
   841   1069    476    955
   842   1071    430    999
   843   1088    417    995
   844   1071    404   1025
   845   1075    414   1011
   846   1081    414   1005
   847   1057    447    996
   848   1042    411   1047
   849   1053    413   1034
   850   1062    389   1049
   851   1064    413   1023
   852   1068    381   1051
   853   1054    400   1046
   854   1099    382   1019
   855   1162    353    985
   856   1154    396    950
   857   1155    387    958
   858   1186    327    987
   859   1194    318    988
   860   1208    351    941
   861   1175    388    937
   862   1124    405    971
   863   1111    430    959
   864   1069    437    994
   865   1048    450   1002
   866   1027    458   1015
   867   1023    448   1029
   868   1026    443   1031
   869   1047    408   1045
   870   1034    441   1025
   871   1015    435   1050
   872   1005    429   1066
   873   1023    400   1077
   874   1047    384   1069
   875   1075    383   1042
   876   1094    363   1043
   877   1121    352   1027
   878   1145    341   1014
   879   1161    361    978
   880   1159    360    981
   881   1158    377    965
   882   1146    391    963
   883   1161    386    953
   884   1169    373    958
   885   1141    376    983
   886   1114    397    989
   887   1121    401    978
   888   1122    391    987
   889   1150    370    980
   890   1170    348    982
   891   1195    337    968
   892   1193    342    965
   893   1186    367    947
   894   1199    345    956
   895   1220    347    933
   896   1230    361    909
   897   1192    395    913
   898   1179    400    921
   899   1146    412    942
   900   1097    408    995
   901   1105    396    999
   902   1077    426    997
   903   1085    417    998
   904   1105    389   1006
   905   1109    370   1021
   906   1103    373   1024
   907   1149    335   1016
   908   1142    352   1006
   909   1150    334   1016
   910   1143    364    993
   911   1134    366   1000
   912   1154    323   1023
   913   1211    319    970
   914   1236    340    924
   915   1220    330    950
   916   1259    341    900
   917   1201    381    918
   918   1178    392    930
   919   1147    431    922
   920   1143    400    957
   921   1081    415   1004
   922   1088    387   1025
   923   1119    375   1006
   924   1144    331   1025
   925   1156    341   1003
   926   1155    368    977
   927   1153    375    972
   928   1143    381    976
   929   1153    360    987
   930   1179    358    963
   931   1165    352    983
   932   1189    363    948
   933   1178    397    925
   934   1151    401    948
   935   1123    425    952
   936   1105    402    993
   937   1122    401    977
   938   1128    402    970
   939   1124    389    987
   940   1154    380    966
   941   1128    407    965
   942   1095    402   1003
   943   1042    434   1024
   944   1013    450   1037
   945   1021    456   1023
   946   1039    431   1030
   947   1054    406   1040
   948   1093    357   1050
   949   1161    348    991
   950   1170    354    976
   951   1169    368    963
   952   1145    365    990
   953   1159    370    971
   954   1170    366    964
   955   1154    405    941
   956   1114    443    943
   957   1079    445    976
   958   1099    421    980
   959   1065    463    972
   960   1072    448    980
   961   1004    498    998
   962    991    472   1037
   963   1011    438   1051
   964   1008    430   1062
   965   1009    412   1079
   966   1003    403   1094
   967   1026    395   1079
   968   1071    356   1073
   969   1114    344   1042
   970   1152    342   1006
   971   1153    348    999
   972   1168    345    987
   973   1207    337    956
   974   1230    344    926
   975   1231    355    914
   976   1216    384    900
   977   1187    385    928
   978   1144    394    962
   979   1134    398    968
   980   1130    375    995
   981   1158    378    964
   982   1164    374    962
   983   1141    406    953
   984   1131    413    956
   985   1131    408    961
   986   1099    423    978
   987   1060    434   1006
   988   1055    410   1035
   989   1069    399   1032
   990   1037    416   1047
   991   1027    415   1058
   992   1042    432   1026
   993   1040    392   1068
   994   1054    396   1050
   995   1077    379   1044
   996   1070    408   1022
   997   1053    415   1032
   998   1098    404    998
   999   1112    390    998
  1000   1146    356    998
