# time (sweeps) | Susceptible | Infected | Recovered
     0   1957    362    181
     1   1947    353    200
     2   1955    366    179
     3   1947    372    181
     4   1902    392    206
     5   1929    363    208
     6   1941    366    193
     7   1946    348    206
     8   1958    368    174
     9   1944    364    192
    10   1938    351    211
    11   1988    330    182
    12   2008    314    178
    13   2016    305    179
    14   2037    303    160
    15   2034    301    165
    16   1981    345    174
    17   2009    316    175
    18   1970    351    179
    19   1949    378    173
    20   1963    351    186
    21   1912    395    193
    22   1929    368    203
    23   1942    360    198
    24   1980    347    173
    25   1931    401    168
    26   1912    404    184
    27   1914    408    178
    28   1904    391    205
    29   1933    371    196
    30   1936    359    205
    31   1962    361    177
    32   1956    366    178
    33   1923    368    209
    34   1926    390    184
    35   1896    407    197
    36   1865    412    223
    37   1871    415    214
    38   1924    382    194
    39   1899    402    199
    40   1860    420    220
    41   1880    403    217
    42   1869    398    233
    43   1905    385    210
    44   1890    420    190
    45   1877    406    217
    46   1890    394    216
    47   1875    397    228
    48   1892    382    226
    49   1918    360    222
    50   1935    358    207
    51   1940    369    191
    52   1923    389    188
    53   1880    399    221
    54   1881    397    222
    55   1923    374    203
    56   1980    310    210
    57   1967    355    178
    58   1983    322    195
    59   1979    317    204
    60   2014    307    179
    61   2002    310    188
    62   2011    317    172
    63   2022    299    179
    64   1993    305    202
    65   1981    337    182
    66   1987    333    180
    67   2016    325    159
    68   2008    321    171
    69   1974    357    169
    70   1951    371    178
    71   1935    357    208
    72   1929    379    192
    73   1909    390    201
    74   1898    400    202
    75   1905    391    204
    76   1925    376    199
    77   1890    420    190
    78   1888    381    231
    79   1924    390    186
    80   1954    352    194
    81   1921    362    217
    82   1929    373    198
    83   1977    339    184
    84   1982    336    182
    85   1982    334    184
    86   2005    322    173
    87   2029    317    154
    88   2010    347    143
    89   1989    348    163
    90   1977    349    174
    91   1974    350    176
    92   1967    348    185
    93   1941    357    202
    94   1994    305    201
    95   2051    296    153
    96   1990    341    169
    97   1996    342    162
    98   2006    316    178
    99   2051    284    165
   100   2082    294    124
   101   2064    304    132
   102   2001    338    161
   103   2013    317    170
   104   1939    393    168
   105   1964    371    165
   106   1947    377    176
   107   1916    373    211
   108   1946    349    205
   109   1945    345    210
   110   1944    365    191
   111   1904    407    189
   112   1882    422    196
   113   1901    385    214
   114   1882    398    220
   115   1851    432    217
   116   1849    418    233
   117   1888    397    215
   118   1926    369    205
   119   1881    428    191
   120   1846    453    201
   121   1816    461    223
   122   1845    419    236
   123   1856    417    227
   124   1845    407    248
   125   1803    444    253
   126   1796    460    244
   127   1822    427    251
   128   1865    386    249
   129   1858    416    226
   130   1869    428    203
   131   1875    410    215
   132   1849    429    222
   133   1885    395    220
   134   1882    397    221
   135   1890    390    220
   136   1889    397    214
   137   1900    386    214
   138   1946    365    189
   139   1967    339    194
   140   1995    327    178
   141   1989    339    172
   142   1979    357    164
   143   2008    341    151
   144   1965    351    184
   145   2003    328    169
   146   1965    368    167
   147   1938    381    181
   148   1972    347    181
   149   1973    339    188
   150   2007    311    182
   151   2015    320    165
   152   1988    351    161
   153   1977    358    165
   154   1929    367    204
   155   1952    348    200
   156   1913    385    202
   157   1943    355    202
   158   1958    349    193
   159   1966    358    176
   160   1948    365    187
   161   1956    348    196
   162   1940    382    178
   163   1966    345    189
   164   1959    338    203
   165   1994    331    175
   166   1976    356    168
   167   1946    382    172
   168   1940    400    160
   169   1862    451    187
   170   1850    436    214
   171   1846    425    229
   172   1840    447    213
   173   1854    434    212
   174   1870    408    222
   175   1881    404    215
   176   1891    408    201
   177   1897    379    224
   178   1873    415    212
   179   1916    393    191
   180   1886    417    197
   181   1872    412    216
   182   1914    373    213
   183   1932    375    193
   184   1923    390    187
   185   1922    377    201
   186   1928    389    183
   187   1909    395    196
   188   1890    400    210
   189   1879    408    213
   190   1899    400    201
   191   1871    430    199
   192   1834    456    210
   193   1842    434    224
   194   1886    395    219
   195   1934    357    209
   196   1930    361    209
   197   1918    391    191
   198   1918    377    205
   199   1925    391    184
   200   1916    383    201
   201   1893    399    208
   202   1905    385    210
   203   1945    382    173
   204   1918    388    194
   205   1938    388    174
   206   1919    404    177
   207   1915    383    202
   208   1943    355    202
   209   1949    349    202
   210   1994    326    180
   211   1983    335    182
   212   1998    326    176
   213   2021    294    185
   214   2008    313    179
   215   1990    333    177
   216   2008    300    192
   217   2021    296    183
   218   2037    289    174
   219   2013    300    187
   220   1972    340    188
   221   1977    353    170
   222   1947    359    194
   223   1939    378    183
   224   1916    390    194
   225   1864    411    225
   226   1888    402    210
   227   1902    358    240
   228   1935    349    216
   229   1961    361    178
   230   1946    355    199
   231   1953    377    170
   232   1956    381    163
   233   1963    352    185
   234   1958    354    188
   235   1965    334    201
   236   1975    349    176
   237   2000    341    159
   238   2012    329    159
   239   1970    357    173
   240   1998    322    180
   241   1971    351    178
   242   1935    365    200
   243   1988    339    173
   244   1960    366    174
   245   1932    378    190
   246   1913    397    190
   247   1893    418    189
   248   1932    359    209
   249   1925    378    197
   250   1888    428    184
   251   1917    375    208
   252   1928    345    227
   253   1968    327    205
   254   1978    339    183
   255   1999    339    162
   256   2003    337    160
   257   1951    361    188
   258   1994    323    183
   259   1954    358    188
   260   1927    380    193
   261   1911    401    188
   262   1898    390    212
   263   1913    387    200
   264   1936    355    209
   265   1919    388    193
   266   1962    356    182
   267   1951    357    192
   268   1934    363    203
   269   1941    376    183
   270   1945    375    180
   271   1988    311    201
   272   2019    290    191
   273   2033    328    139
   274   1985    346    169
   275   1952    360    188
   276   1939    371    190
   277   1959    360    181
   278   1986    338    176
   279   1906    409    185
   280   1890    422    188
   281   1853    411    236
   282   1917    356    227
   283   1946    361    193
   284   1924    364    212
   285   1972    320    208
   286   1985    340    175
   287   1972    335    193
   288   1969    337    194
   289   1930    381    189
   290   1959    338    203
   291   1965    334    201
   292   2005    309    186
   293   2026    288    186
   294   1986    348    166
   295   1981    334    185
   296   1954    373    173
   297   1971    318    211
   298   1987    326    187
   299   1990    328    182
   300   1971    364    165
   301   1956    359    185
   302   1924    396    180
   303   1934    355    211
   304   1955    360    185
   305   1882    393    225
   306   1873    408    219
   307   1910    384    206
   308   1916    391    193
   309   1924    378    198
   310   1940    364    196
   311   1949    370    181
   312   1930    376    194
   313   1926    374    200
   314   1944    356    200
   315   1961    341    198
   316   1960    355    185
   317   1951    377    172
   318   1952    360    188
   319   1974    335    191
   320   1987    336    177
   321   2009    331    160
   322   1974    358    168
   323   1941    386    173
   324   1987    327    186
   325   1978    342    180
   326   2004    328    168
   327   2015    340    145
   328   1983    337    180
   329   1996    330    174
   330   1989    329    182
   331   2016    316    168
   332   2012    320    168
   333   2026    307    167
   334   2019    335    146
   335   1996    338    166
   336   1973    337    190
   337   1995    311    194
   338   2037    299    164
   339   2006    316    178
   340   2007    319    174
   341   2014    305    181
   342   2019    298    183
   343   2026    296    178
   344   2037    299    164
   345   2042    285    173
   346   2040    309    151
   347   2036    307    157
   348   1981    351    168
   349   1959    355    186
   350   1966    336    198
   351   1940    363    197
   352   1959    367    174
   353   1982    361    157
   354   1946    378    176
   355   1893    407    200
   356   1907    382    211
   357   1880    396    224
   358   1914    365    221
   359   1900    386    214
   360   1894    395    211
   361   1927    371    202
   362   1923    376    201
   363   1906    382    212
   364   1891    395    214
   365   1924    383    193
   366   1958    333    209
   367   1983    334    183
   368   1970    374    156
   369   1983    325    192
   370   1975    325    200
   371   1975    327    198
   372   2029    319    152
   373   2003    333    164
   374   2002    341    157
   375   1975    351    174
   376   1970    368    162
   377   1935    384    181
   378   1900    392    208
   379   1923    366    211
   380   1964    351    185
   381   1976    341    183
   382   1986    335    179
   383   2003    324    173
   384   2007    333    160
   385   2028    307    165
   386   2034    295    171
   387   2013    318    169
   388   2004    309    187
   389   1975    342    183
   390   1981    335    184
   391   1941    369    190
   392   1933    375    192
   393   1938    357    205
   394   1933    372    195
   395   1910    408    182
   396   1859    449    192
   397   1820    449    231
   398   1804    478    218
   399   1835    445    220
   400   1838    434    228
   401   1866    420    214
   402   1878    385    237
   403   1889    382    229
   404   1893    396    211
   405   1902    404    194
   406   1945    355    200
   407   1924    386    190
   408   1920    374    206
   409   1943    368    189
   410   1932    381    187
   411   1921    382    197
   412   1902    385    213
   413   1922    383    195
   414   1914    382    204
   415   1874    416    210
   416   1860    431    209
   417   1863    425    212
   418   1894    409    197
   419   1896    405    199
   420   1871    422    207
   421   1910    390    200
   422   1931    380    189
   423   1869    403    228
   424   1925    361    214
   425   1901    405    194
   426   1905    397    198
   427   1909    391    200
   428   1911    400    189
   429   1880    411    209
   430   1878    421    201
   431   1936    381    183
   432   1968    349    183
   433   1925    388    187
   434   1911    392    197
   435   1925    384    191
   436   1931    373    196
   437   1926    368    206
   438   1890    411    199
   439   1889    411    200
   440   1888    396    216
   441   1910    382    208
   442   1907    383    210
   443   1934    366    200
   444   1963    360    177
   445   1944    360    196
   446   1939    389    172
   447   1967    345    188
   448   1993    342    165
   449   1983    337    180
   450   1989    340    171
   451   1973    340    187
   452   1979    363    158
   453   1956    372    172
   454   1899    392    209
   455   1912    372    216
   456   1947    347    206
   457   1980    330    190
   458   1984    335    181
   459   1958    356    186
   460   1916    371    213
   461   1933    373    194
   462   1913    397    190
   463   1894    406    200
   464   1898    411    191
   465   1900    399    201
   466   1914    386    200
   467   1909    406    185
   468   1884    400    216
   469   1926    381    193
   470   1905    410    185
   471   1887    417    196
   472   1894    378    228
   473   1909    379    212
   474   1906    374    220
   475   1928    350    222
   476   1907    383    210
   477   1914    376    210
   478   1912    385    203
   479   1919    381    200
   480   1940    366    194
   481   1940    380    180
   482   1942    369    189
   483   1957    360    183
   484   1939    377    184
   485   1930    370    200
   486   1954    364    182
   487   1952    348    200
   488   1976    323    201
   489   2001    318    181
   490   1994    329    177
   491   1942    360    198
   492   1936    383    181
   493   1951    354    195
   494   1980    332    188
   495   2014    308    178
   496   2040    305    155
   497   1995    340    165
   498   1982    350    168
   499   1990    337    173
   500   1942    385    173
   501   1900    402    198
   502   1895    428    177
   503   1881    395    224
   504   1896    407    197
   505   1905    408    187
   506   1924    381    195
   507   1945    372    183
   508   1969    347    184
   509   1969    332    199
   510   1988    343    169
   511   1990    355    155
   512   1976    363    161
   513   1940    400    160
   514   1929    398    173
   515   1902    398    200
   516   1935    370    195
   517   1958    349    193
   518   1985    348    167
   519   1938    392    170
   520   1903    375    222
   521   1904    388    208
   522   1956    347    197
   523   1969    342    189
   524   1928    368    204
   525   1926    352    222
   526   1982    325    193
   527   2012    318    170
   528   2003    310    187
   529   1930    375    195
   530   1950    376    174
   531   1946    381    173
   532   1913    377    210
   533   1925    363    212
   534   1910    399    191
   535   1895    404    201
   536   1907    380    213
   537   1908    388    204
   538   1900    402    198
   539   1883    404    213
   540   1913    376    211
   541   1925    369    206
   542   1964    342    194
   543   1940    380    180
   544   1974    341    185
   545   1954    365    181
   546   1959    356    185
   547   1935    385    180
   548   1898    411    191
   549   1856    422    222
   550   1844    432    224
   551   1898    396    206
   552   1927    371    202
   553   1958    337    205
   554   1956    350    194
   555   1993    325    182
   556   1997    318    185
   557   2003    322    175
   558   2001    323    176
   559   1975    362    163
   560   1983    333    184
   561   1963    358    179
   562   1941    366    193
   563   1908    400    192
   564   1904    400    196
   565   1882    408    210
   566   1919    399    182
   567   1902    405    193
   568   1917    388    195
   569   1880    407    213
   570   1889    397    214
   571   1882    395    223
   572   1865    418    217
   573   1830    434    236
   574   1818    457    225
   575   1858    416    226
   576   1895    392    213
   577   1903    384    213
   578   1899    387    214
   579   1933    377    190
   580   1940    376    184
   581   1918    394    188
   582   1919    391    190
   583   1890    391    219
   584   1912    381    207
   585   1939    363    198
   586   1928    372    200
   587   1944    360    196
   588   1956    367    177
   589   1945    357    198
   590   1964    362    174
   591   1940    381    179
   592   1933    360    207
   593   1917    368    215
   594   1961    347    192
   595   1944    363    193
   596   1974    331    195
   597   1997    340    163
   598   1970    337    193
   599   2002    315    183
   600   1983    346    171
   601   1974    355    171
   602   1951    381    168
   603   1966    351    183
   604   1974    340    186
   605   1953    361    186
   606   1973    331    196
   607   1954    361    185
   608   1921    386    193
   609   1934    371    195
   610   1910    392    198
   611   1907    396    197
   612   1861    428    211
   613   1881    415    204
   614   1858    419    223
   615   1871    431    198
   616   1873    403    224
   617   1857    413    230
   618   1881    413    206
   619   1810    478    212
   620   1851    422    227
   621   1857    440    203
   622   1811    445    244
   623   1870    407    223
   624   1879    390    231
   625   1883    402    215
   626   1875    399    226
   627   1913    385    202
   628   1902    389    209
   629   1916    387    197
   630   1900    391    209
   631   1909    359    232
   632   1930    365    205
   633   1934    367    199
   634   1951    342    207
   635   1928    399    173
   636   1883    438    179
   637   1843    450    207
   638   1841    425    234
   639   1896    384    220
   640   1913    382    205
   641   1919    390    191
   642   1869    405    226
   643   1852    412    236
   644   1872    398    230
   645   1880    384    236
   646   1968    344    188
   647   1938    384    178
   648   1902    404    194
   649   1883    419    198
   650   1866    419    215
   651   1892    401    207
   652   1866    415    219
   653   1824    456    220
   654   1811    452    237
   655   1793    459    248
   656   1843    418    239
   657   1870    390    240
   658   1902    371    227
   659   1917    382    201
   660   1896    394    210
   661   1904    383    213
   662   1932    380    188
   663   1897    421    182
   664   1877    421    202
   665   1862    402    236
   666   1854    429    217
   667   1896    390    214
   668   1888    408    204
   669   1956    347    197
   670   1961    352    187
   671   1973    337    190
   672   1962    356    182
   673   1945    371    184
   674   1940    371    189
   675   1927    374    199
   676   1940    367    193
   677   1976    337    187
   678   1988    316    196
   679   1988    320    192
   680   1963    350    187
   681   1992    328    180
   682   2017    309    174
   683   1992    326    182
   684   2016    298    186
   685   2063    284    153
   686   2054    303    143
   687   2046    285    169
   688   2043    294    163
   689   1986    338    176
   690   2026    317    157
   691   2004    321    175
   692   1987    333    180
   693   1958    378    164
   694   1957    363    180
   695   1952    351    197
   696   1938    367    195
   697   1965    367    168
   698   1933    378    189
   699   1897    390    213
   700   1877    394    229
   701   1909    378    213
   702   1932    385    183
   703   1949    367    184
   704   1965    350    185
   705   1966    354    180
   706   1922    385    193
   707   1960    368    172
   708   1977    348    175
   709   1984    342    174
   710   2001    329    170
   711   1978    326    196
   712   1972    337    191
   713   1972    331    197
   714   2016    306    178
   715   2005    300    195
   716   1996    342    162
   717   1982    360    158
   718   1977    370    153
   719   1945    385    170
   720   1870    427    203
   721   1895    385    220
   722   1911    371    218
   723   1907    397    196
   724   1940    350    210
   725   1945    357    198
   726   1986    323    191
   727   1941    373    186
   728   1907    408    185
   729   1879    420    201
   730   1862    414    224
   731   1863    405    232
   732   1909    392    199
   733   1945    373    182
   734   1935    356    209
   735   1916    382    202
   736   1956    349    195
   737   1942    362    196
   738   1979    322    199
   739   2036    314    150
   740   2016    320    164
   741   2046    295    159
   742   2027    309    164
   743   2005    321    174
   744   2005    324    171
   745   2010    310    180
   746   2012    321    167
   747   2004    338    158
   748   1981    347    172
   749   1967    360    173
   750   2004    308    188
   751   2022    315    163
   752   1981    351    168
   753   1984    340    176
   754   1966    348    186
   755   1969    338    193
   756   1981    332    187
   757   1965    356    179
   758   1950    355    195
   759   1980    331    189
   760   1939    386    175
   761   1966    357    177
   762   2000    313    187
   763   2021    302    177
   764   2045    297    158
   765   2064    288    148
   766   2019    319    162
   767   2045    315    140
   768   2019    305    176
   769   2021    318    161
   770   2016    329    155
   771   1977    323    200
   772   1999    333    168
   773   1984    350    166
   774   1973    351    176
   775   1982    332    186
   776   1977    354    169
   777   1994    339    167
   778   1958    361    181
   779   1956    349    195
   780   1966    359    175
   781   1975    344    181
   782   1968    348    184
   783   1961    358    181
   784   1936    388    176
   785   1927    374    199
   786   1906    389    205
   787   1932    371    197
   788   1930    366    204
   789   1975    351    174
   790   1978    339    183
   791   1980    342    178
   792   1979    355    166
   793   1985    334    181
   794   1960    365    175
   795   1938    375    187
   796   1914    397    189
   797   1934    352    214
   798   1909    399    192
   799   1909    388    203
   800   1876    418    206
   801   1859    416    225
   802   1861    428    211
   803   1861    414    225
   804   1897    381    222
   805   1894    409    197
   806   1906    385    209
   807   1965    328    207
   808   1994    337    169
   809   1937    403    160
   810   1890    424    186
   811   1867    408    225
   812   1891    418    191
   813   1896    392    212
   814   1826    462    212
   815   1824    452    224
   816   1824    454    222
   817   1833    420    247
   818   1832    420    248
   819   1828    432    240
   820   1846    417    237
   821   1876    411    213
   822   1858    427    215
   823   1857    416    227
   824   1884    407    209
   825   1885    406    209
   826   1902    413    185
   827   1901    422    177
   828   1882    415    203
   829   1866    435    199
   830   1860    443    197
   831   1838    433    229
   832   1835    433    232
   833   1851    413    236
   834   1831    458    211
   835   1835    453    212
   836   1827    438    235
   837   1820    437    243
   838   1850    411    239
   839   1891    369    240
   840   1901    370    229
   841   1919    391    190
   842   1891    426    183
   843   1827    455    218
   844   1783    451    266
   845   1851    413    236
   846   1859    423    218
   847   1845    448    207
   848   1801    474    225
   849   1877    395    228
   850   1899    373    228
   851   1894    376    230
   852   1892    389    219
   853   1959    352    189
   854   1959    349    192
   855   1952    339    209
   856   1975    342    183
   857   1977    348    175
   858   1999    332    169
   859   2002    334    164
   860   1947    374    179
   861   1946    378    176
   862   1954    373    173
   863   1975    344    181
   864   1977    342    181
   865   1977    347    176
   866   2004    334    162
   867   1954    360    186
   868   1894    421    185
   869   1911    395    194
   870   1872    433    195
   871   1896    409    195
   872   1898    399    203
   873   1896    378    226
   874   1914    383    203
   875   1896    388    216
   876   1902    392    206
   877   1932    359    209
   878   1926    380    194
   879   1947    349    204
   880   1955    322    223
   881   1997    305    198
   882   2001    331    168
   883   1977    340    183
   884   1990    344    166
   885   1946    372    182
   886   1946    367    187
   887   1921    389    190
   888   1946    363    191
   889   1967    351    182
   890   1959    365    176
   891   1962    360    178
   892   1954    380    166
   893   1865    434    201
   894   1829    438    233
   895   1843    431    226
   896   1914    374    212
   897   1943    360    197
   898   1934    380    186
   899   1968    353    179
   900   1975    348    177
   901   1944    370    186
   902   1954    350    196
   903   1942    370    188
   904   1896    419    185
   905   1860    422    218
   906   1880    387    233
   907   1945    358    197
   908   2003    311    186
   909   1992    339    169
   910   1961    360    179
   911   1960    341    199
   912   1995    306    199
   913   2020    306    174
   914   1995    335    170
   915   1958    344    198
   916   1940    394    166
   917   1950    370    180
   918   1908    382    210
   919   1965    333    202
   920   1877    420    203
   921   1899    401    200
   922   1907    371    222
   923   1932    372    196
   924   1939    364    197
   925   1911    388    201
   926   1919    400    181
   927   1930    376    194
   928   1948    361    191
   929   1974    340    186
   930   2004    336    160
   931   1990    334    176
   932   1953    368    179
   933   1951    374    175
   934   1931    381    188
   935   1957    340    203
   936   1923    385    192
   937   1936    368    196
   938   1945    366    189
   939   1921    388    191
   940   1939    365    196
   941   1938    354    208
   942   1974    327    199
   943   1985    322    193
   944   1969    358    173
   945   1998    330    172
   946   1990    320    190
   947   2020    300    180
   948   2009    314    177
   949   1956    363    181
   950   1960    359    181
   951   1976    341    183
   952   1961    343    196
   953   1944    392    164
   954   1948    378    174
   955   1953    376    171
   956   1882    415    203
   957   1899    402    199
   958   1899    386    215
   959   1925    378    197
   960   1912    386    202
   961   1876    419    205
   962   1852    411    237
   963   1879    404    217
   964   1844    439    217
   965   1807    455    238
   966   1807    447    246
   967   1867    403    230
   968   1868    432    200
   969   1849    430    221
   970   1834    451    215
   971   1810    474    216
   972   1829    455    216
   973   1857    409    234
   974   1887    393    220
   975   1893    384    223
   976   1920    363    217
   977   1930    350    220
   978   1922    368    210
   979   1903    392    205
   980   1864    416    220
   981   1839    447    214
   982   1856    411    233
   983   1904    387    209
   984   1910    380    210
   985   1884    395    221
   986   1865    408    227
   987   1898    399    203
   988   1906    398    196
   989   1897    395    208
   990   1928    367    205
   991   1975    349    176
   992   1965    352    183
   993   1901    400    199
   994   1919    379    202
   995   1968    329    203
   996   1990    321    189
   997   2009    328    163
   998   1997    334    169
   999   2012    309    179
  1000   1982    336    182
