# time (sweeps) | Susceptible | Infected | Recovered
     0   1332    767    401
     1   1300    768    432
     2   1319    775    406
     3   1300    804    396
     4   1295    814    391
     5   1329    771    400
     6   1316    791    393
     7   1250    868    382
     8   1213    893    394
     9   1187    883    430
    10   1257    829    414
    11   1268    823    409
    12   1280    791    429
    13   1254    821    425
    14   1266    843    391
    15   1253    840    407
    16   1251    808    441
    17   1309    765    426
    18   1345    753    402
    19   1353    754    393
    20   1349    764    387
    21   1328    752    420
    22   1290    791    419
    23   1237    841    422
    24   1196    847    457
    25   1197    880    423
    26   1241    832    427
    27   1259    784    457
    28   1286    770    444
    29   1296    782    422
    30   1263    832    405
    31   1212    826    462
    32   1213    873    414
    33   1240    819    441
    34   1254    810    436
    35   1333    765    402
    36   1315    808    377
    37   1258    878    364
    38   1224    874    402
    39   1210    856    434
    40   1282    783    435
    41   1354    729    417
    42   1315    781    404
    43   1358    783    359
    44   1347    783    370
    45   1352    771    377
    46   1309    821    370
    47   1278    863    359
    48   1245    840    415
    49   1272    816    412
    50   1220    842    438
    51   1257    820    423
    52   1333    736    431
    53   1338    751    411
    54   1336    760    404
    55   1313    776    411
    56   1326    790    384
    57   1358    737    405
    58   1361    757    382
    59   1301    814    385
    60   1293    782    425
    61   1252    865    383
    62   1242    863    395
    63   1287    832    381
    64   1274    822    404
    65   1242    868    390
    66   1274    799    427
    67   1294    798    408
    68   1259    825    416
    69   1261    810    429
    70   1197    877    426
    71   1179    890    431
    72   1235    852    413
    73   1244    813    443
    74   1258    811    431
    75   1249    802    449
    76   1289    812    399
    77   1282    806    412
    78   1276    826    398
    79   1262    806    432
    80   1272    813    415
    81   1266    818    416
    82   1279    816    405
    83   1298    833    369
    84   1245    843    412
    85   1299    777    424
    86   1310    819    371
    87   1272    816    412
    88   1233    849    418
    89   1272    819    409
    90   1196    900    404
    91   1270    826    404
    92   1277    803    420
    93   1309    794    397
    94   1284    799    417
    95   1346    754    400
    96   1347    768    385
    97   1372    767    361
    98   1353    776    371
    99   1331    779    390
   100   1278    829    393
   101   1324    754    422
   102   1338    748    414
   103   1365    749    386
   104   1284    836    380
   105   1293    821    386
   106   1294    806    400
   107   1281    819    400
   108   1300    797    403
   109   1273    823    404
   110   1297    780    423
   111   1324    800    376
   112   1323    786    391
   113   1352    770    378
   114   1356    779    365
   115   1309    815    376
   116   1269    787    444
   117   1291    792    417
   118   1269    825    406
   119   1264    853    383
   120   1309    795    396
   121   1295    787    418
   122   1288    783    429
   123   1301    795    404
   124   1322    772    406
   125   1354    746    400
   126   1312    775    413
   127   1296    807    397
   128   1252    855    393
   129   1199    863    438
   130   1228    812    460
   131   1321    794    385
   132   1356    784    360
   133   1349    778    373
   134   1283    819    398
   135   1315    777    408
   136   1304    819    377
   137   1266    829    405
   138   1246    816    438
   139   1326    750    424
   140   1271    811    418
   141   1293    798    409
   142   1355    763    382
   143   1317    795    388
   144   1338    752    410
   145   1292    794    414
   146   1354    741    405
   147   1335    778    387
   148   1340    758    402
   149   1317    804    379
   150   1298    787    415
   151   1339    765    396
   152   1316    784    400
   153   1320    776    404
   154   1294    798    408
   155   1292    799    409
   156   1266    827    407
   157   1271    824    405
   158   1278    802    420
   159   1265    851    384
   160   1257    833    410
   161   1206    861    433
   162   1283    795    422
   163   1278    813    409
   164   1285    830    385
   165   1294    813    393
   166   1295    794    411
   167   1332    761    407
   168   1299    804    397
   169   1241    885    374
   170   1219    889    392
   171   1184    879    437
   172   1225    866    409
   173   1197    886    417
   174   1226    818    456
   175   1294    809    397
   176   1236    846    418
   177   1244    794    462
   178   1314    781    405
   179   1260    796    444
   180   1280    800    420
   181   1282    803    415
   182   1294    814    392
   183   1308    824    368
   184   1330    780    390
   185   1294    798    408
   186   1265    796    439
   187   1281    825    394
   188   1270    833    397
   189   1262    807    431
   190   1315    789    396
   191   1316    790    394
   192   1259    830    411
   193   1282    801    417
   194   1253    823    424
   195   1244    838    418
   196   1260    841    399
   197   1258    820    422
   198   1286    805    409
   199   1292    833    375
   200   1244    854    402
   201   1267    811    422
   202   1283    765    452
   203   1250    819    431
   204   1302    787    411
   205   1267    842    391
   206   1243    831    426
   207   1312    802    386
   208   1254    843    403
   209   1240    868    392
   210   1215    856    429
   211   1270    797    433
   212   1284    803    413
   213   1249    796    455
   214   1284    794    422
   215   1295    757    448
   216   1331    780    389
   217   1300    780    420
   218   1295    829    376
   219   1231    867    402
   220   1340    738    422
   221   1310    785    405
   222   1292    809    399
   223   1303    794    403
   224   1305    812    383
   225   1301    823    376
   226   1267    840    393
   227   1283    843    374
   228   1217    867    416
   229   1267    798    435
   230   1249    823    428
   231   1235    823    442
   232   1227    882    391
   233   1189    873    438
   234   1303    767    430
   235   1292    822    386
   236   1285    823    392
   237   1247    845    408
   238   1278    822    400
   239   1287    816    397
   240   1266    833    401
   241   1279    817    404
   242   1332    752    416
   243   1258    802    440
   244   1365    716    419
   245   1360    753    387
   246   1351    769    380
   247   1309    795    396
   248   1237    859    404
   249   1256    844    400
   250   1249    841    410
   251   1241    840    419
   252   1230    855    415
   253   1281    782    437
   254   1298    779    423
   255   1308    798    394
   256   1311    776    413
   257   1331    777    392
   258   1359    757    384
   259   1329    780    391
   260   1345    775    380
   261   1265    828    407
   262   1216    864    420
   263   1249    855    396
   264   1216    849    435
   265   1250    837    413
   266   1235    834    431
   267   1227    859    414
   268   1247    810    443
   269   1287    789    424
   270   1327    793    380
   271   1313    818    369
   272   1287    829    384
   273   1316    770    414
   274   1289    827    384
   275   1232    848    420
   276   1321    773    406
   277   1330    779    391
   278   1308    763    429
   279   1319    761    420
   280   1338    770    392
   281   1355    752    393
   282   1336    769    395
   283   1340    761    399
   284   1288    824    388
   285   1260    846    394
   286   1247    858    395
   287   1269    841    390
   288   1251    852    397
   289   1266    827    407
   290   1220    866    414
   291   1276    825    399
   292   1254    844    402
   293   1279    800    421
   294   1262    828    410
   295   1250    834    416
   296   1262    831    407
   297   1298    803    399
   298   1284    805    411
   299   1294    810    396
   300   1276    809    415
   301   1333    756    411
   302   1301    816    383
   303   1305    850    345
   304   1298    782    420
   305   1263    815    422
   306   1290    798    412
   307   1329    798    373
   308   1302    809    389
   309   1298    814    388
   310   1243    814    443
   311   1247    820    433
   312   1325    803    372
   313   1311    824    365
   314   1272    834    394
   315   1243    857    400
   316   1228    863    409
   317   1292    799    409
   318   1305    792    403
   319   1325    784    391
   320   1353    750    397
   321   1321    793    386
   322   1343    791    366
   323   1281    814    405
   324   1278    805    417
   325   1253    827    420
   326   1290    744    466
   327   1312    759    429
   328   1318    779    403
   329   1299    799    402
   330   1331    765    404
   331   1338    792    370
   332   1335    801    364
   333   1291    829    380
   334   1207    854    439
   335   1269    793    438
   336   1307    798    395
   337   1300    830    370
   338   1296    816    388
   339   1305    804    391
   340   1293    784    423
   341   1261    817    422
   342   1276    831    393
   343   1281    782    437
   344   1340    772    388
   345   1316    780    404
   346   1311    810    379
   347   1297    817    386
   348   1222    863    415
   349   1280    794    426
   350   1306    770    424
   351   1378    720    402
   352   1395    745    360
   353   1337    776    387
   354   1329    787    384
   355   1316    800    384
   356   1271    834    395
   357   1317    759    424
   358   1284    791    425
   359   1262    817    421
   360   1278    847    375
   361   1279    841    380
   362   1289    823    388
   363   1282    789    429
   364   1284    824    392
   365   1306    787    407
   366   1273    832    395
   367   1295    796    409
   368   1297    818    385
   369   1252    814    434
   370   1286    810    404
   371   1309    784    407
   372   1286    822    392
   373   1253    831    416
   374   1295    816    389
   375   1224    859    417
   376   1242    843    415
   377   1249    796    455
   378   1197    870    433
   379   1302    778    420
   380   1270    807    423
   381   1336    756    408
   382   1268    847    385
   383   1277    816    407
   384   1321    778    401
   385   1255    808    437
   386   1275    807    418
   387   1221    876    403
   388   1227    833    440
   389   1208    845    447
   390   1276    820    404
   391   1278    830    392
   392   1239    853    408
   393   1303    788    409
   394   1268    847    385
   395   1234    854    412
   396   1279    797    424
   397   1305    785    410
   398   1355    744    401
   399   1334    767    399
   400   1305    794    401
   401   1346    754    400
   402   1348    758    394
   403   1352    764    384
   404   1298    814    388
   405   1308    807    385
   406   1273    829    398
   407   1292    843    365
   408   1262    860    378
   409   1238    883    379
   410   1230    829    441
   411   1282    836    382
   412   1209    903    388
   413   1261    835    404
   414   1262    821    417
   415   1314    806    380
   416   1277    833    390
   417   1269    818    413
   418   1226    871    403
   419   1235    825    440
   420   1249    804    447
   421   1281    803    416
   422   1236    869    395
   423   1286    785    429
   424   1299    786    415
   425   1296    803    401
   426   1295    787    418
   427   1281    805    414
   428   1315    785    400
   429   1317    781    402
   430   1327    772    401
   431   1270    809    421
   432   1268    790    442
   433   1275    814    411
   434   1277    849    374
   435   1229    856    415
   436   1260    827    413
   437   1253    835    412
   438   1216    877    407
   439   1210    851    439
   440   1236    854    410
   441   1227    841    432
   442   1269    801    430
   443   1319    803    378
   444   1224    853    423
   445   1262    805    433
   446   1339    728    433
   447   1322    788    390
   448   1291    815    394
   449   1264    807    429
   450   1256    817    427
   451   1260    801    439
   452   1297    815    388
   453   1282    835    383
   454   1300    838    362
   455   1258    819    423
   456   1254    830    416
   457   1289    773    438
   458   1349    765    386
   459   1287    830    383
   460   1272    821    407
   461   1279    810    411
   462   1267    849    384
   463   1262    822    416
   464   1333    812    355
   465   1232    881    387
   466   1277    824    399
   467   1246    813    441
   468   1314    745    441
   469   1330    734    436
   470   1287    811    402
   471   1276    817    407
   472   1279    838    383
   473   1238    862    400
   474   1227    843    430
   475   1243    826    431
   476   1227    846    427
   477   1247    838    415
   478   1239    845    416
   479   1286    831    383
   480   1287    798    415
   481   1282    818    400
   482   1311    807    382
   483   1301    810    389
   484   1269    840    391
   485   1247    856    397
   486   1284    808    408
   487   1340    737    423
   488   1303    787    410
   489   1254    813    433
   490   1272    789    439
   491   1276    828    396
   492   1302    769    429
   493   1304    799    397
   494   1320    797    383
   495   1291    849    360
   496   1235    849    416
   497   1276    807    417
   498   1309    775    416
   499   1356    771    373
   500   1352    767    381
   501   1330    769    401
   502   1325    769    406
   503   1274    842    384
   504   1312    795    393
   505   1322    798    380
   506   1263    814    423
   507   1282    797    421
   508   1256    854    390
   509   1304    814    382
   510   1247    830    423
   511   1268    826    406
   512   1229    871    400
   513   1234    855    411
   514   1211    888    401
   515   1246    878    376
   516   1214    895    391
   517   1288    796    416
   518   1265    826    409
   519   1278    828    394
   520   1187    890    423
   521   1222    850    428
   522   1230    857    413
   523   1257    844    399
   524   1268    838    394
   525   1265    835    400
   526   1229    848    423
   527   1278    778    444
   528   1355    749    396
   529   1329    788    383
   530   1325    792    383
   531   1296    806    398
   532   1282    799    419
   533   1305    812    383
   534   1282    799    419
   535   1318    777    405
   536   1337    768    395
   537   1367    745    388
   538   1334    783    383
   539   1319    786    395
   540   1280    864    356
   541   1284    831    385
   542   1294    806    400
   543   1344    757    399
   544   1370    731    399
   545   1362    778    360
   546   1289    812    399
   547   1340    746    414
   548   1338    784    378
   549   1322    760    418
   550   1367    780    353
   551   1333    764    403
   552   1364    743    393
   553   1360    743    397
   554   1403    715    382
   555   1391    741    368
   556   1341    797    362
   557   1274    828    398
   558   1294    791    415
   559   1304    776    420
   560   1299    798    403
   561   1277    807    416
   562   1257    821    422
   563   1288    803    409
   564   1289    798    413
   565   1300    819    381
   566   1284    841    375
   567   1236    889    375
   568   1240    844    416
   569   1275    795    430
   570   1312    799    389
   571   1272    817    411
   572   1306    807    387
   573   1259    855    386
   574   1250    838    412
   575   1233    821    446
   576   1347    758    395
   577   1270    835    395
   578   1263    836    401
   579   1273    825    402
   580   1233    853    414
   581   1238    847    415
   582   1240    826    434
   583   1244    829    427
   584   1260    828    412
   585   1298    804    398
   586   1329    785    386
   587   1239    847    414
   588   1283    791    426
   589   1242    831    427
   590   1265    810    425
   591   1314    801    385
   592   1264    838    398
   593   1261    818    421
   594   1267    806    427
   595   1278    805    417
   596   1316    772    412
   597   1311    794    395
   598   1365    762    373
   599   1317    793    390
   600   1332    790    378
   601   1257    847    396
   602   1249    836    415
   603   1222    844    434
   604   1219    819    462
   605   1272    800    428
   606   1329    754    417
   607   1324    779    397
   608   1303    756    441
   609   1329    774    397
   610   1313    779    408
   611   1295    805    400
   612   1312    780    408
   613   1258    843    399
   614   1295    817    388
   615   1253    819    428
   616   1290    802    408
   617   1206    884    410
   618   1259    808    433
   619   1300    788    412
   620   1314    801    385
   621   1355    773    372
   622   1279    834    387
   623   1270    833    397
   624   1295    814    391
   625   1346    745    409
   626   1283    827    390
   627   1255    835    410
   628   1252    854    394
   629   1256    823    421
   630   1272    816    412
   631   1308    823    369
   632   1279    831    390
   633   1290    801    409
   634   1310    780    410
   635   1313    792    395
   636   1319    777    404
   637   1300    777    423
   638   1293    812    395
   639   1276    811    413
   640   1280    795    425
   641   1354    756    390
   642   1311    802    387
   643   1319    775    406
   644   1319    803    378
   645   1352    775    373
   646   1333    785    382
   647   1278    855    367
   648   1277    831    392
   649   1244    827    429
   650   1238    819    443
   651   1289    802    409
   652   1303    791    406
   653   1265    816    419
   654   1308    799    393
   655   1283    826    391
   656   1276    839    385
   657   1253    853    394
   658   1242    862    396
   659   1287    821    392
   660   1271    835    394
   661   1234    831    435
   662   1316    786    398
   663   1332    792    376
   664   1222    872    406
   665   1311    796    393
   666   1311    782    407
   667   1277    820    403
   668   1287    804    409
   669   1303    774    423
   670   1301    815    384
   671   1301    798    401
   672   1216    874    410
   673   1270    810    420
   674   1332    766    402
   675   1322    809    369
   676   1249    858    393
   677   1273    814    413
   678   1242    835    423
   679   1299    788    413
   680   1316    808    376
   681   1329    766    405
   682   1343    780    377
   683   1338    751    411
   684   1339    786    375
   685   1319    819    362
   686   1292    826    382
   687   1335    772    393
   688   1379    738    383
   689   1335    799    366
   690   1313    790    397
   691   1237    844    419
   692   1228    849    423
   693   1247    850    403
   694   1261    824    415
   695   1275    832    393
   696   1318    786    396
   697   1324    809    367
   698   1262    844    394
   699   1263    825    412
   700   1263    830    407
   701   1320    777    403
   702   1225    874    401
   703   1290    807    403
   704   1317    758    425
   705   1320    755    425
   706   1353    741    406
   707   1318    809    373
   708   1295    816    389
   709   1267    821    412
   710   1306    758    436
   711   1316    803    381
   712   1294    795    411
   713   1288    805    407
   714   1307    820    373
   715   1307    800    393
   716   1289    803    408
   717   1280    794    426
   718   1307    825    368
   719   1262    789    449
   720   1304    753    443
   721   1310    785    405
   722   1289    819    392
   723   1290    819    391
   724   1252    857    391
   725   1220    864    416
   726   1233    828    439
   727   1267    849    384
   728   1281    810    409
   729   1235    839    426
   730   1235    847    418
   731   1258    791    451
   732   1296    790    414
   733   1251    829    420
   734   1241    830    429
   735   1236    812    452
   736   1258    802    440
   737   1269    827    404
   738   1293    763    444
   739   1326    772    402
   740   1325    770    405
   741   1285    804    411
   742   1246    823    431
   743   1277    804    419
   744   1260    857    383
   745   1225    869    406
   746   1229    846    425
   747   1272    781    447
   748   1316    783    401
   749   1310    792    398
   750   1255    824    421
   751   1234    863    403
   752   1268    812    420
   753   1261    847    392
   754   1302    808    390
   755   1270    827    403
   756   1268    821    411
   757   1310    776    414
   758   1285    800    415
   759   1276    839    385
   760   1289    821    390
   761   1236    845    419
   762   1288    792    420
   763   1300    794    406
   764   1268    830    402
   765   1243    811    446
   766   1281    822    397
   767   1266    822    412
   768   1231    841    428
   769   1253    808    439
   770   1280    838    382
   771   1332    790    378
   772   1273    823    404
   773   1277    828    395
   774   1256    847    397
   775   1271    817    412
   776   1314    781    405
   777   1337    790    373
   778   1336    750    414
   779   1325    797    378
   780   1301    817    382
   781   1294    798    408
   782   1324    786    390
   783   1365    742    393
   784   1354    787    359
   785   1263    853    384
   786   1248    818    434
   787   1304    787    409
   788   1308    807    385
   789   1289    820    391
   790   1285    822    393
   791   1280    843    377
   792   1277    808    415
   793   1243    803    454
   794   1276    825    399
   795   1285    794    421
   796   1290    800    410
   797   1267    836    397
   798   1203    862    435
   799   1304    784    412
   800   1294    805    401
   801   1313    802    385
   802   1259    825    416
   803   1253    837    410
   804   1267    835    398
   805   1279    824    397
   806   1284    799    417
   807   1255    811    434
   808   1256    821    423
   809   1285    814    401
   810   1274    811    415
   811   1246    842    412
   812   1254    835    411
   813   1279    793    428
   814   1294    786    420
   815   1264    855    381
   816   1279    790    431
   817   1268    794    438
   818   1339    748    413
   819   1344    749    407
   820   1319    798    383
   821   1295    823    382
   822   1263    845    392
   823   1298    819    383
   824   1317    780    403
   825   1287    808    405
   826   1305    801    394
   827   1317    802    381
   828   1342    761    397
   829   1302    817    381
   830   1265    825    410
   831   1317    773    410
   832   1287    798    415
   833   1235    844    421
   834   1267    827    406
   835   1337    757    406
   836   1277    813    410
   837   1323    757    420
   838   1305    796    399
   839   1275    805    420
   840   1297    797    406
   841   1222    832    446
   842   1283    817    400
   843   1248    839    413
   844   1286    799    415
   845   1347    755    398
   846   1324    787    389
   847   1300    778    422
   848   1287    789    424
   849   1246    842    412
   850   1242    841    417
   851   1294    771    435
   852   1309    777    414
   853   1373    725    402
   854   1333    802    365
   855   1293    828    379
   856   1292    811    397
   857   1331    773    396
   858   1383    725    392
   859   1356    777    367
   860   1338    778    384
   861   1265    836    399
   862   1267    841    392
   863   1238    830    432
   864   1297    805    398
   865   1289    829    382
   866   1261    834    405
   867   1286    822    392
   868   1245    846    409
   869   1241    821    438
   870   1351    768    381
   871   1275    814    411
   872   1322    765    413
   873   1351    754    395
   874   1276    833    391
   875   1236    833    431
   876   1271    797    432
   877   1318    765    417
   878   1316    797    387
   879   1305    783    412
   880   1334    744    422
   881   1306    809    385
   882   1301    777    422
   883   1280    809    411
   884   1318    768    414
   885   1313    767    420
   886   1317    803    380
   887   1270    832    398
   888   1292    784    424
   889   1322    762    416
   890   1291    778    431
   891   1329    791    380
   892   1403    700    397
   893   1350    764    386
   894   1288    836    376
   895   1275    824    401
   896   1268    814    418
   897   1196    866    438
   898   1234    835    431
   899   1247    809    444
   900   1289    792    419
   901   1276    842    382
   902   1242    864    394
   903   1243    846    411
   904   1240    861    399
   905   1258    837    405
   906   1252    825    423
   907   1278    811    411
   908   1292    807    401
   909   1263    845    392
   910   1233    878    389
   911   1317    775    408
   912   1235    858    407
   913   1257    821    422
   914   1305    785    410
   915   1313    767    420
   916   1305    810    385
   917   1306    789    405
   918   1294    807    399
   919   1279    829    392
   920   1258    818    424
   921   1304    766    430
   922   1339    781    380
   923   1349    781    370
   924   1305    821    374
   925   1307    795    398
   926   1238    850    412
   927   1272    834    394
   928   1206    861    433
   929   1258    818    424
   930   1236    859    405
   931   1214    854    432
   932   1236    821    443
   933   1284    806    410
   934   1277    822    401
   935   1289    799    412
   936   1295    785    420
   937   1315    770    415
   938   1295    817    388
   939   1281    830    389
   940   1238    859    403
   941   1235    843    422
   942   1249    815    436
   943   1309    785    406
   944   1332    758    410
   945   1361    753    386
   946   1334    788    378
   947   1332    784    384
   948   1284    817    399
   949   1262    803    435
   950   1276    799    425
   951   1214    854    432
   952   1252    838    410
   953   1307    790    403
   954   1318    768    414
   955   1298    808    394
   956   1363    759    378
   957   1324    808    368
   958   1241    839    420
   959   1265    823    412
   960   1282    805    413
   961   1258    828    414
   962   1267    825    408
   963   1243    851    406
   964   1325    772    403
   965   1314    774    412
   966   1275    839    386
   967   1268    840    392
   968   1296    793    411
   969   1285    810    405
   970   1294    798    408
   971   1320    790    390
   972   1311    805    384
   973   1272    827    401
   974   1280    800    420
   975   1271    816    413
   976   1283    805    412
   977   1341    755    404
   978   1320    794    386
   979   1326    798    376
   980   1258    827    415
   981   1285    796    419
   982   1313    800    387
   983   1274    812    414
   984   1276    805    419
   985   1298    780    422
   986   1326    779    395
   987   1366    763    371
   988   1344    762    394
   989   1360    731    409
   990   1339    782    379
   991   1265    832    403
   992   1308    794    398
   993   1262    827    411
   994   1265    841    394
   995   1288    815    397
   996   1292    815    393
   997   1301    805    394
   998   1239    863    398
   999   1286    814    400
  1000   1269    826    405
