# time (sweeps) | Susceptible | Infected | Recovered
     0   1216    233   1051
     1   1229    214   1057
     2   1248    212   1040
     3   1233    223   1044
     4   1228    199   1073
     5   1230    205   1065
     6   1235    207   1058
     7   1217    218   1065
     8   1225    224   1051
     9   1220    208   1072
    10   1232    195   1073
    11   1248    175   1077
    12   1305    142   1053
    13   1355    130   1015
    14   1376    151    973
    15   1377    171    952
    16   1389    159    952
    17   1386    171    943
    18   1385    185    930
    19   1370    196    934
    20   1356    202    942
    21   1347    212    941
    22   1349    208    943
    23   1370    184    946
    24   1375    199    926
    25   1367    212    921
    26   1369    190    941
    27   1365    177    958
    28   1354    183    963
    29   1348    197    955
    30   1370    200    930
    31   1368    191    941
    32   1400    164    936
    33   1405    173    922
    34   1428    165    907
    35   1422    167    911
    36   1431    158    911
    37   1449    123    928
    38   1472    124    904
    39   1498    118    884
    40   1520    130    850
    41   1537    147    816
    42   1519    156    825
    43   1511    168    821
    44   1471    223    806
    45   1471    228    801
    46   1463    218    819
    47   1443    214    843
    48   1408    225    867
    49   1387    229    884
    50   1367    237    896
    51   1349    221    930
    52   1322    232    946
    53   1296    227    977
    54   1284    239    977
    55   1268    228   1004
    56   1282    191   1027
    57   1286    206   1008
    58   1298    195   1007
    59   1322    170   1008
    60   1331    174    995
    61   1337    186    977
    62   1332    196    972
    63   1351    183    966
    64   1384    168    948
    65   1390    173    937
    66   1405    161    934
    67   1422    151    927
    68   1451    139    910
    69   1467    139    894
    70   1507    126    867
    71   1551    111    838
    72   1589     86    825
    73   1604    110    786
    74   1620    117    763
    75   1630    107    763
    76   1634    124    742
    77   1660    119    721
    78   1648    148    704
    79   1626    173    701
    80   1572    196    732
    81   1526    221    753
    82   1461    246    793
    83   1414    271    815
    84   1386    271    843
    85   1325    278    897
    86   1291    244    965
    87   1265    259    976
    88   1232    282    986
    89   1196    291   1013
    90   1167    272   1061
    91   1156    261   1083
    92   1144    241   1115
    93   1140    222   1138
    94   1166    195   1139
    95   1192    194   1114
    96   1222    171   1107
    97   1257    174   1069
    98   1261    180   1059
    99   1281    177   1042
   100   1303    205    992
   101   1294    208    998
   102   1312    189    999
   103   1284    198   1018
   104   1282    187   1031
   105   1312    166   1022
   106   1319    177   1004
   107   1336    173    991
   108   1320    180   1000
   109   1326    195    979
   110   1341    190    969
   111   1321    210    969
   112   1297    217    986
   113   1293    203   1004
   114   1315    196    989
   115   1317    197    986
   116   1322    184    994
   117   1326    180    994
   118   1336    189    975
   119   1351    176    973
   120   1371    165    964
   121   1381    145    974
   122   1403    137    960
   123   1423    147    930
   124   1435    155    910
   125   1438    161    901
   126   1449    171    880
   127   1434    182    884
   128   1438    182    880
   129   1439    179    882
   130   1427    180    893
   131   1418    180    902
   132   1421    155    924
   133   1452    157    891
   134   1450    179    871
   135   1431    204    865
   136   1419    190    891
   137   1401    196    903
   138   1391    193    916
   139   1387    175    938
   140   1404    176    920
   141   1389    179    932
   142   1412    185    903
   143   1402    188    910
   144   1407    177    916
   145   1416    158    926
   146   1444    138    918
   147   1472    133    895
   148   1500    160    840
   149   1489    162    849
   150   1505    167    828
   151   1470    180    850
   152   1468    188    844
   153   1464    198    838
   154   1419    230    851
   155   1387    215    898
   156   1376    223    901
   157   1343    224    933
   158   1330    215    955
   159   1359    195    946
   160   1374    204    922
   161   1402    185    913
   162   1407    178    915
   163   1389    197    914
   164   1362    226    912
   165   1352    238    910
   166   1326    253    921
   167   1289    252    959
   168   1271    235    994
   169   1247    235   1018
   170   1216    249   1035
   171   1204    239   1057
   172   1194    247   1059
   173   1174    256   1070
   174   1131    250   1119
   175   1121    250   1129
   176   1128    236   1136
   177   1175    208   1117
   178   1182    209   1109
   179   1199    197   1104
   180   1209    204   1087
   181   1254    168   1078
   182   1289    156   1055
   183   1297    170   1033
   184   1318    198    984
   185   1336    183    981
   186   1337    184    979
   187   1335    204    961
   188   1338    189    973
   189   1359    194    947
   190   1360    182    958
   191   1370    181    949
   192   1373    181    946
   193   1392    169    939
   194   1363    182    955
   195   1363    181    956
   196   1382    183    935
   197   1405    178    917
   198   1426    171    903
   199   1435    166    899
   200   1425    152    923
   201   1441    150    909
   202   1484    129    887
   203   1517    122    861
   204   1536    125    839
   205   1572    122    806
   206   1566    136    798
   207   1570    151    779
   208   1559    148    793
   209   1553    152    795
   210   1549    164    787
   211   1557    145    798
   212   1554    144    802
   213   1531    160    809
   214   1531    169    800
   215   1503    190    807
   216   1502    191    807
   217   1496    177    827
   218   1469    185    846
   219   1455    182    863
   220   1439    196    865
   221   1415    204    881
   222   1381    221    898
   223   1374    191    935
   224   1369    187    944
   225   1346    201    953
   226   1338    194    968
   227   1312    214    974
   228   1304    222    974
   229   1295    216    989
   230   1297    214    989
   231   1283    209   1008
   232   1274    235    991
   233   1251    223   1026
   234   1233    216   1051
   235   1220    233   1047
   236   1193    233   1074
   237   1196    240   1064
   238   1212    228   1060
   239   1206    206   1088
   240   1225    221   1054
   241   1240    186   1074
   242   1233    181   1086
   243   1257    172   1071
   244   1295    163   1042
   245   1353    147   1000
   246   1382    134    984
   247   1405    158    937
   248   1453    132    915
   249   1465    149    886
   250   1471    149    880
   251   1482    151    867
   252   1493    164    843
   253   1502    159    839
   254   1501    160    839
   255   1493    163    844
   256   1487    175    838
   257   1492    158    850
   258   1484    158    858
   259   1466    175    859
   260   1440    186    874
   261   1419    200    881
   262   1423    182    895
   263   1432    165    903
   264   1419    173    908
   265   1433    165    902
   266   1465    159    876
   267   1486    147    867
   268   1509    128    863
   269   1536    118    846
   270   1532    141    827
   271   1529    155    816
   272   1537    147    816
   273   1539    150    811
   274   1560    153    787
   275   1562    148    790
   276   1596    115    789
   277   1637    105    758
   278   1664     98    738
   279   1689    105    706
   280   1713     97    690
   281   1731     94    675
   282   1738     96    666
   283   1745    103    652
   284   1745    106    649
   285   1736    112    652
   286   1742    122    636
   287   1717    141    642
   288   1692    148    660
   289   1707    130    663
   290   1688    139    673
   291   1672    137    691
   292   1663    131    706
   293   1644    155    701
   294   1597    185    718
   295   1572    188    740
   296   1547    207    746
   297   1512    206    782
   298   1478    205    817
   299   1446    211    843
   300   1445    196    859
   301   1409    221    870
   302   1378    217    905
   303   1365    227    908
   304   1355    211    934
   305   1370    193    937
   306   1383    185    932
   307   1390    189    921
   308   1394    172    934
   309   1400    180    920
   310   1422    173    905
   311   1398    196    906
   312   1400    188    912
   313   1397    195    908
   314   1414    204    882
   315   1407    208    885
   316   1396    219    885
   317   1368    234    898
   318   1334    228    938
   319   1313    209    978
   320   1314    199    987
   321   1318    206    976
   322   1307    203    990
   323   1287    220    993
   324   1261    227   1012
   325   1244    226   1030
   326   1237    206   1057
   327   1243    208   1049
   328   1263    185   1052
   329   1282    185   1033
   330   1335    157   1008
   331   1353    165    982
   332   1373    175    952
   333   1397    168    935
   334   1417    171    912
   335   1399    206    895
   336   1384    209    907
   337   1359    222    919
   338   1347    231    922
   339   1364    214    922
   340   1342    231    927
   341   1313    235    952
   342   1260    256    984
   343   1251    257    992
   344   1248    238   1014
   345   1236    249   1015
   346   1228    244   1028
   347   1240    199   1061
   348   1277    175   1048
   349   1283    169   1048
   350   1321    153   1026
   351   1371    138    991
   352   1429    133    938
   353   1458    116    926
   354   1467    116    917
   355   1482    121    897
   356   1507    118    875
   357   1541    114    845
   358   1578    109    813
   359   1570    115    815
   360   1579    132    789
   361   1568    160    772
   362   1562    166    772
   363   1540    181    779
   364   1531    174    795
   365   1529    171    800
   366   1525    162    813
   367   1523    158    819
   368   1517    164    819
   369   1512    155    833
   370   1521    158    821
   371   1489    178    833
   372   1457    201    842
   373   1412    225    863
   374   1382    235    883
   375   1344    247    909
   376   1294    260    946
   377   1289    248    963
   378   1262    234   1004
   379   1274    205   1021
   380   1276    207   1017
   381   1290    204   1006
   382   1293    202   1005
   383   1296    200   1004
   384   1323    183    994
   385   1333    170    997
   386   1342    161    997
   387   1370    147    983
   388   1408    132    960
   389   1442    127    931
   390   1470    113    917
   391   1517    108    875
   392   1558     90    852
   393   1582     99    819
   394   1609     81    810
   395   1640     76    784
   396   1670     77    753
   397   1688     92    720
   398   1706     99    695
   399   1694    127    679
   400   1694    126    680
   401   1689    140    671
   402   1669    157    674
   403   1648    167    685
   404   1563    227    710
   405   1498    232    770
   406   1434    252    814
   407   1365    253    882
   408   1320    275    905
   409   1259    272    969
   410   1228    271   1001
   411   1174    314   1012
   412   1165    288   1047
   413   1131    276   1093
   414   1129    265   1106
   415   1112    247   1141
   416   1116    238   1146
   417   1128    233   1139
   418   1132    235   1133
   419   1130    233   1137
   420   1163    197   1140
   421   1196    170   1134
   422   1224    161   1115
   423   1281    146   1073
   424   1292    170   1038
   425   1320    164   1016
   426   1341    161    998
   427   1374    163    963
   428   1387    162    951
   429   1364    170    966
   430   1347    179    974
   431   1402    161    937
   432   1422    154    924
   433   1422    155    923
   434   1415    152    933
   435   1448    152    900
   436   1467    147    886
   437   1469    154    877
   438   1451    178    871
   439   1425    181    894
   440   1397    192    911
   441   1407    183    910
   442   1431    179    890
   443   1441    168    891
   444   1445    169    886
   445   1450    172    878
   446   1400    220    880
   447   1374    225    901
   448   1363    220    917
   449   1327    220    953
   450   1329    201    970
   451   1307    214    979
   452   1302    212    986
   453   1302    226    972
   454   1299    213    988
   455   1289    211   1000
   456   1300    206    994
   457   1300    209    991
   458   1303    192   1005
   459   1326    195    979
   460   1323    197    980
   461   1328    188    984
   462   1313    207    980
   463   1296    211    993
   464   1280    205   1015
   465   1275    206   1019
   466   1283    194   1023
   467   1292    197   1011
   468   1297    182   1021
   469   1295    190   1015
   470   1321    178   1001
   471   1364    147    989
   472   1397    152    951
   473   1401    152    947
   474   1414    158    928
   475   1440    164    896
   476   1439    177    884
   477   1449    177    874
   478   1410    195    895
   479   1398    205    897
   480   1400    188    912
   481   1421    174    905
   482   1441    173    886
   483   1453    168    879
   484   1475    155    870
   485   1492    143    865
   486   1525    134    841
   487   1550    118    832
   488   1555    128    817
   489   1550    144    806
   490   1545    148    807
   491   1519    166    815
   492   1494    199    807
   493   1454    223    823
   494   1424    220    856
   495   1406    199    895
   496   1393    192    915
   497   1357    206    937
   498   1348    203    949
   499   1337    203    960
   500   1322    197    981
   501   1339    189    972
   502   1331    202    967
   503   1341    172    987
   504   1336    192    972
   505   1329    195    976
   506   1322    196    982
   507   1333    202    965
   508   1313    205    982
   509   1306    193   1001
   510   1287    199   1014
   511   1280    210   1010
   512   1282    208   1010
   513   1277    199   1024
   514   1302    190   1008
   515   1307    181   1012
   516   1299    194   1007
   517   1318    201    981
   518   1315    193    992
   519   1307    195    998
   520   1317    192    991
   521   1312    199    989
   522   1328    197    975
   523   1316    206    978
   524   1333    183    984
   525   1336    196    968
   526   1341    188    971
   527   1338    192    970
   528   1344    188    968
   529   1367    178    955
   530   1341    185    974
   531   1346    199    955
   532   1332    192    976
   533   1352    177    971
   534   1362    178    960
   535   1353    189    958
   536   1371    173    956
   537   1405    130    965
   538   1438    143    919
   539   1456    133    911
   540   1450    157    893
   541   1467    151    882
   542   1464    167    869
   543   1477    170    853
   544   1466    176    858
   545   1456    188    856
   546   1451    181    868
   547   1479    169    852
   548   1485    158    857
   549   1492    155    853
   550   1504    154    842
   551   1519    160    821
   552   1529    155    816
   553   1508    179    813
   554   1520    183    797
   555   1505    173    822
   556   1489    176    835
   557   1473    185    842
   558   1477    182    841
   559   1448    205    847
   560   1415    224    861
   561   1418    207    875
   562   1418    202    880
   563   1394    198    908
   564   1370    197    933
   565   1373    189    938
   566   1401    162    937
   567   1412    154    934
   568   1436    158    906
   569   1464    147    889
   570   1478    147    875
   571   1504    137    859
   572   1524    136    840
   573   1551    135    814
   574   1556    140    804
   575   1556    142    802
   576   1556    150    794
   577   1542    169    789
   578   1545    171    784
   579   1543    177    780
   580   1537    167    796
   581   1536    172    792
   582   1512    188    800
   583   1491    222    787
   584   1445    238    817
   585   1384    248    868
   586   1318    279    903
   587   1281    281    938
   588   1258    280    962
   589   1199    309    992
   590   1138    317   1045
   591   1081    308   1111
   592   1008    328   1164
   593    964    326   1210
   594    948    314   1238
   595    947    267   1286
   596    963    227   1310
   597   1005    209   1286
   598   1021    206   1273
   599   1054    188   1258
   600   1095    167   1238
   601   1119    158   1223
   602   1168    148   1184
   603   1228    131   1141
   604   1286    126   1088
   605   1340    127   1033
   606   1373    128    999
   607   1412    130    958
   608   1422    143    935
   609   1454    145    901
   610   1496    132    872
   611   1504    125    871
   612   1520    143    837
   613   1524    128    848
   614   1518    155    827
   615   1522    159    819
   616   1558    135    807
   617   1584    133    783
   618   1597    132    771
   619   1584    134    782
   620   1597    130    773
   621   1608    135    757
   622   1625    116    759
   623   1606    151    743
   624   1609    157    734
   625   1580    172    748
   626   1540    179    781
   627   1526    168    806
   628   1514    156    830
   629   1528    143    829
   630   1510    163    827
   631   1488    169    843
   632   1440    199    861
   633   1424    188    888
   634   1422    201    877
   635   1383    224    893
   636   1359    219    922
   637   1349    227    924
   638   1356    213    931
   639   1342    205    953
   640   1347    197    956
   641   1342    195    963
   642   1353    207    940
   643   1356    193    951
   644   1322    223    955
   645   1292    237    971
   646   1273    229    998
   647   1296    208    996
   648   1309    188   1003
   649   1341    175    984
   650   1397    136    967
   651   1440    128    932
   652   1476    116    908
   653   1511    125    864
   654   1526    147    827
   655   1525    139    836
   656   1530    150    820
   657   1510    186    804
   658   1472    196    832
   659   1442    206    852
   660   1400    233    867
   661   1380    239    881
   662   1335    247    918
   663   1305    233    962
   664   1318    220    962
   665   1295    216    989
   666   1285    213   1002
   667   1300    203    997
   668   1311    195    994
   669   1332    180    988
   670   1343    168    989
   671   1350    161    989
   672   1368    165    967
   673   1404    143    953
   674   1422    145    933
   675   1414    154    932
   676   1411    187    902
   677   1412    187    901
   678   1428    189    883
   679   1450    187    863
   680   1458    168    874
   681   1443    186    871
   682   1437    184    879
   683   1431    182    887
   684   1439    168    893
   685   1461    138    901
   686   1484    148    868
   687   1486    172    842
   688   1509    160    831
   689   1514    174    812
   690   1505    173    822
   691   1500    175    825
   692   1490    170    840
   693   1491    181    828
   694   1470    173    857
   695   1452    201    847
   696   1397    243    860
   697   1354    248    898
   698   1303    251    946
   699   1307    230    963
   700   1296    224    980
   701   1318    194    988
   702   1344    170    986
   703   1350    185    965
   704   1312    186   1002
   705   1298    192   1010
   706   1318    176   1006
   707   1349    179    972
   708   1338    188    974
   709   1318    195    987
   710   1323    184    993
   711   1302    176   1022
   712   1294    192   1014
   713   1307    184   1009
   714   1314    168   1018
   715   1345    153   1002
   716   1360    146    994
   717   1413    147    940
   718   1448    150    902
   719   1459    161    880
   720   1480    157    863
   721   1499    158    843
   722   1495    144    861
   723   1479    164    857
   724   1447    198    855
   725   1425    201    874
   726   1408    215    877
   727   1355    236    909
   728   1306    251    943
   729   1312    228    960
   730   1305    220    975
   731   1310    207    983
   732   1302    209    989
   733   1292    218    990
   734   1286    225    989
   735   1285    203   1012
   736   1284    210   1006
   737   1272    218   1010
   738   1241    226   1033
   739   1240    222   1038
   740   1212    231   1057
   741   1190    230   1080
   742   1193    211   1096
   743   1184    237   1079
   744   1214    218   1068
   745   1205    206   1089
   746   1232    186   1082
   747   1245    162   1093
   748   1302    151   1047
   749   1335    140   1025
   750   1360    139   1001
   751   1404    133    963
   752   1423    140    937
   753   1417    156    927
   754   1450    141    909
   755   1456    158    886
   756   1474    137    889
   757   1496    125    879
   758   1532    126    842
   759   1557    125    818
   760   1581    116    803
   761   1597    118    785
   762   1607    119    774
   763   1626    117    757
   764   1610    149    741
   765   1624    148    728
   766   1622    146    732
   767   1631    137    732
   768   1616    157    727
   769   1592    159    749
   770   1560    182    758
   771   1545    200    755
   772   1523    205    772
   773   1490    215    795
   774   1466    211    823
   775   1405    239    856
   776   1367    228    905
   777   1332    237    931
   778   1317    225    958
   779   1301    220    979
   780   1314    205    981
   781   1312    212    976
   782   1301    219    980
   783   1299    207    994
   784   1302    184   1014
   785   1323    171   1006
   786   1381    136    983
   787   1380    163    957
   788   1414    168    918
   789   1411    170    919
   790   1430    184    886
   791   1451    173    876
   792   1464    148    888
   793   1453    158    889
   794   1450    168    882
   795   1443    187    870
   796   1403    218    879
   797   1401    228    871
   798   1397    190    913
   799   1387    205    908
   800   1363    209    928
   801   1339    212    949
   802   1298    241    961
   803   1290    232    978
   804   1245    252   1003
   805   1242    234   1024
   806   1220    237   1043
   807   1206    228   1066
   808   1200    230   1070
   809   1210    219   1071
   810   1215    207   1078
   811   1240    201   1059
   812   1248    182   1070
   813   1277    171   1052
   814   1319    138   1043
   815   1364    140    996
   816   1377    155    968
   817   1367    171    962
   818   1354    185    961
   819   1349    210    941
   820   1351    194    955
   821   1333    198    969
   822   1336    209    955
   823   1349    186    965
   824   1376    173    951
   825   1365    187    948
   826   1396    191    913
   827   1390    187    923
   828   1398    184    918
   829   1404    200    896
   830   1390    203    907
   831   1383    196    921
   832   1366    211    923
   833   1393    185    922
   834   1396    188    916
   835   1390    188    922
   836   1389    192    919
   837   1394    177    929
   838   1402    167    931
   839   1408    159    933
   840   1398    173    929
   841   1431    153    916
   842   1453    129    918
   843   1448    138    914
   844   1467    143    890
   845   1497    144    859
   846   1501    146    853
   847   1496    163    841
   848   1490    159    851
   849   1520    138    842
   850   1536    147    817
   851   1512    174    814
   852   1491    197    812
   853   1460    206    834
   854   1402    235    863
   855   1362    264    874
   856   1317    253    930
   857   1305    236    959
   858   1300    235    965
   859   1329    221    950
   860   1327    215    958
   861   1284    235    981
   862   1243    253   1004
   863   1219    246   1035
   864   1185    254   1061
   865   1169    276   1055
   866   1163    254   1083
   867   1141    259   1100
   868   1140    243   1117
   869   1134    230   1136
   870   1142    225   1133
   871   1155    205   1140
   872   1194    193   1113
   873   1183    187   1130
   874   1211    182   1107
   875   1251    168   1081
   876   1290    168   1042
   877   1309    168   1023
   878   1337    165    998
   879   1355    142   1003
   880   1363    145    992
   881   1408    121    971
   882   1455    104    941
   883   1515    105    880
   884   1548    108    844
   885   1562    120    818
   886   1574    137    789
   887   1588    135    777
   888   1564    168    768
   889   1524    210    766
   890   1507    199    794
   891   1520    181    799
   892   1488    188    824
   893   1509    190    801
   894   1499    179    822
   895   1506    171    823
   896   1507    174    819
   897   1495    167    838
   898   1506    151    843
   899   1498    180    822
   900   1485    182    833
   901   1459    194    847
   902   1433    183    884
   903   1442    178    880
   904   1447    157    896
   905   1439    166    895
   906   1453    164    883
   907   1450    172    878
   908   1443    180    877
   909   1439    188    873
   910   1445    174    881
   911   1467    167    866
   912   1474    171    855
   913   1460    179    861
   914   1449    181    870
   915   1442    186    872
   916   1430    196    874
   917   1413    201    886
   918   1398    203    899
   919   1403    185    912
   920   1397    184    919
   921   1396    181    923
   922   1401    188    911
   923   1412    180    908
   924   1376    202    922
   925   1377    190    933
   926   1391    188    921
   927   1391    194    915
   928   1396    178    926
   929   1407    159    934
   930   1419    140    941
   931   1432    136    932
   932   1471    136    893
   933   1487    151    862
   934   1513    155    832
   935   1513    162    825
   936   1505    148    847
   937   1506    151    843
   938   1500    157    843
   939   1475    180    845
   940   1474    177    849
   941   1489    152    859
   942   1509    134    857
   943   1542    133    825
   944   1562    121    817
   945   1536    143    821
   946   1533    153    814
   947   1538    149    813
   948   1549    142    809
   949   1553    142    805
   950   1550    159    791
   951   1538    166    796
   952   1539    171    790
   953   1531    178    791
   954   1510    195    795
   955   1481    220    799
   956   1408    244    848
   957   1374    243    883
   958   1323    265    912
   959   1301    234    965
   960   1273    232    995
   961   1265    206   1029
   962   1255    202   1043
   963   1263    190   1047
   964   1286    177   1037
   965   1312    172   1016
   966   1260    219   1021
   967   1222    217   1061
   968   1223    213   1064
   969   1229    203   1068
   970   1246    211   1043
   971   1244    207   1049
   972   1265    193   1042
   973   1278    193   1029
   974   1290    194   1016
   975   1283    195   1022
   976   1306    179   1015
   977   1307    185   1008
   978   1280    225    995
   979   1265    225   1010
   980   1258    218   1024
   981   1240    203   1057
   982   1262    180   1058
   983   1282    161   1057
   984   1306    145   1049
   985   1359    127   1014
   986   1388    115    997
   987   1428    108    964
   988   1478     96    926
   989   1484    115    901
   990   1518    110    872
   991   1540    112    848
   992   1573    100    827
   993   1626     85    789
   994   1652     87    761
   995   1673     99    728
   996   1709     94    697
   997   1717    110    673
   998   1729    112    659
   999   1725    128    647
  1000   1703    152    645
