# time (sweeps) | Susceptible | Infected | Recovered
     0   1003    767    730
     1    970    799    731
     2    992    796    712
     3    933    827    740
     4    927    812    761
     5    946    786    768
     6    938    809    753
     7    965    771    764
     8    987    725    788
     9   1012    734    754
    10   1043    721    736
    11   1011    766    723
    12    992    806    702
    13    969    796    735
    14   1001    744    755
    15   1075    705    720
    16   1016    742    742
    17   1040    733    727
    18   1069    675    756
    19   1079    706    715
    20   1061    727    712
    21   1025    769    706
    22    997    800    703
    23    994    800    706
    24   1007    760    733
    25   1032    734    734
    26   1045    716    739
    27   1052    705    743
    28   1029    733    738
    29   1025    736    739
    30   1037    743    720
    31   1072    724    704
    32   1035    757    708
    33    970    816    714
    34    970    777    753
    35   1001    772    727
    36    996    792    712
    37    942    803    755
    38    979    790    731
    39    989    757    754
    40   1033    766    701
    41    992    783    725
    42   1030    758    712
    43    993    777    730
    44    971    810    719
    45    970    775    755
    46    978    753    769
    47    992    765    743
    48   1026    706    768
    49   1040    733    727
    50   1030    732    738
    51   1014    736    750
    52    984    778    738
    53   1009    759    732
    54   1030    732    738
    55   1001    785    714
    56   1022    749    729
    57   1043    760    697
    58   1018    773    709
    59    979    774    747
    60    982    770    748
    61    983    777    740
    62    968    773    759
    63    999    756    745
    64   1016    743    741
    65    984    775    741
    66    973    786    741
    67   1003    751    746
    68   1041    720    739
    69   1040    744    716
    70   1021    757    722
    71   1031    771    698
    72    996    802    702
    73   1034    769    697
    74    981    764    755
    75    987    769    744
    76    996    749    755
    77   1001    758    741
    78   1072    713    715
    79   1021    732    747
    80    984    791    725
    81    999    772    729
    82    989    758    753
    83    998    749    753
    84    985    723    792
    85    967    778    755
    86    988    776    736
    87   1033    767    700
    88   1033    748    719
    89   1056    726    718
    90   1019    740    741
    91    971    772    757
    92    969    739    792
    93   1028    720    752
    94   1028    732    740
    95   1017    735    748
    96    977    788    735
    97    998    765    737
    98    986    789    725
    99    988    776    736
   100   1003    743    754
   101   1028    733    739
   102   1006    775    719
   103   1015    761    724
   104   1013    735    752
   105   1013    770    717
   106   1032    795    673
   107   1011    773    716
   108   1026    763    711
   109   1047    724    729
   110   1063    780    657
   111   1013    794    693
   112   1031    739    730
   113   1017    771    712
   114    979    790    731
   115   1008    772    720
   116   1042    762    696
   117   1031    765    704
   118   1018    744    738
   119   1028    763    709
   120    988    774    738
   121   1002    758    740
   122   1025    715    760
   123   1030    748    722
   124   1041    727    732
   125   1063    737    700
   126   1070    738    692
   127   1031    809    660
   128    911    894    695
   129    937    831    732
   130    950    834    716
   131    946    818    736
   132    963    790    747
   133    970    775    755
   134    993    757    750
   135   1024    735    741
   136   1041    762    697
   137   1033    738    729
   138   1009    783    708
   139    951    799    750
   140    925    821    754
   141    950    813    737
   142    956    784    760
   143    957    785    758
   144    933    808    759
   145    965    800    735
   146    977    761    762
   147    991    766    743
   148    983    804    713
   149    978    760    762
   150    998    755    747
   151   1025    734    741
   152   1035    750    715
   153   1018    808    674
   154    990    794    716
   155    999    770    731
   156   1014    781    705
   157    969    799    732
   158   1001    765    734
   159   1016    782    702
   160   1015    764    721
   161   1014    756    730
   162    967    798    735
   163   1019    771    710
   164   1006    799    695
   165    990    778    732
   166    985    810    705
   167   1012    767    721
   168    977    783    740
   169    983    747    770
   170    980    763    757
   171   1017    741    742
   172   1053    700    747
   173   1060    721    719
   174   1007    760    733
   175    994    791    715
   176    964    818    718
   177    946    785    769
   178    952    787    761
   179    971    760    769
   180   1032    740    728
   181   1033    764    703
   182   1033    757    710
   183   1034    753    713
   184   1050    753    697
   185   1014    811    675
   186    984    810    706
   187    985    817    698
   188   1035    781    684
   189   1019    781    700
   190    963    790    747
   191    951    774    775
   192    974    755    771
   193   1004    737    759
   194   1052    716    732
   195   1060    724    716
   196   1079    727    694
   197   1053    752    695
   198   1076    725    699
   199   1103    716    681
   200   1075    730    695
   201   1056    731    713
   202   1035    761    704
   203   1022    765    713
   204   1042    716    742
   205   1030    754    716
   206   1033    763    704
   207   1010    781    709
   208    989    835    676
   209    955    844    701
   210    928    847    725
   211    935    802    763
   212    952    797    751
   213    975    779    746
   214   1010    772    718
   215   1013    785    702
   216   1027    749    724
   217    989    744    767
   218   1004    740    756
   219   1010    767    723
   220   1050    758    692
   221   1010    778    712
   222   1027    792    681
   223   1013    771    716
   224    987    803    710
   225    983    805    712
   226    974    822    704
   227    951    845    704
   228    932    842    726
   229    940    828    732
   230    935    834    731
   231    917    825    758
   232    905    806    789
   233    952    788    760
   234    982    772    746
   235   1003    780    717
   236   1004    762    734
   237   1038    718    744
   238   1045    746    709
   239    992    764    744
   240    981    755    764
   241    974    783    743
   242   1020    768    712
   243   1034    772    694
   244   1018    749    733
   245    991    774    735
   246    987    759    754
   247   1019    743    738
   248   1038    736    726
   249   1048    762    690
   250   1035    756    709
   251    975    767    758
   252    973    790    737
   253    941    817    742
   254    959    767    774
   255    952    804    744
   256    957    788    755
   257    962    781    757
   258    952    771    777
   259    976    739    785
   260   1022    703    775
   261   1049    751    700
   262   1051    718    731
   263   1062    703    735
   264   1051    732    717
   265    995    784    721
   266    976    824    700
   267    960    811    729
   268    959    836    705
   269    988    788    724
   270    999    800    701
   271    970    790    740
   272    979    777    744
   273    977    779    744
   274    937    811    752
   275    916    852    732
   276    946    854    700
   277    939    835    726
   278    951    784    765
   279    995    753    752
   280   1020    757    723
   281   1031    756    713
   282   1017    779    704
   283   1026    744    730
   284    983    756    761
   285    990    782    728
   286    965    783    752
   287    957    792    751
   288    959    783    758
   289    977    739    784
   290    992    752    756
   291    981    775    744
   292    997    756    747
   293   1038    710    752
   294   1056    755    689
   295   1019    790    691
   296    970    804    726
   297    963    821    716
   298    952    801    747
   299    941    789    770
   300    971    810    719
   301    955    820    725
   302    978    790    732
   303    950    842    708
   304    951    810    739
   305    978    791    731
   306    974    757    769
   307    960    781    759
   308   1002    772    726
   309   1005    758    737
   310   1038    756    706
   311   1026    762    712
   312   1058    756    686
   313   1040    760    700
   314   1022    755    723
   315   1041    722    737
   316   1053    705    742
   317   1065    727    708
   318   1039    721    740
   319    983    785    732
   320    955    835    710
   321    998    822    680
   322    979    820    701
   323    984    756    760
   324    952    809    739
   325    958    798    744
   326    973    792    735
   327    954    844    702
   328    943    806    751
   329    968    736    796
   330    985    748    767
   331    985    754    761
   332    997    767    736
   333   1016    768    716
   334   1028    758    714
   335   1030    760    710
   336   1043    770    687
   337   1019    765    716
   338   1017    737    746
   339   1034    773    693
   340    999    783    718
   341    965    796    739
   342    965    834    701
   343    906    849    745
   344    902    834    764
   345    956    799    745
   346    955    788    757
   347    990    765    745
   348    971    767    762
   349    995    766    739
   350    983    746    771
   351   1020    748    732
   352   1005    770    725
   353    971    792    737
   354   1003    773    724
   355   1006    739    755
   356   1021    734    745
   357   1017    785    698
   358    981    788    731
   359    981    779    740
   360    979    761    760
   361    980    768    752
   362    998    791    711
   363   1009    775    716
   364    989    766    745
   365   1011    736    753
   366   1024    734    742
   367   1081    715    704
   368   1082    734    684
   369   1079    714    707
   370   1055    743    702
   371   1036    759    705
   372    976    790    734
   373    961    823    716
   374    969    777    754
   375    990    762    748
   376    968    801    731
   377    945    833    722
   378    943    802    755
   379    987    755    758
   380    981    774    745
   381    990    785    725
   382    994    775    731
   383    971    781    748
   384    956    776    768
   385    956    750    794
   386    975    743    782
   387   1053    731    716
   388   1042    793    665
   389   1045    764    691
   390   1025    796    679
   391   1022    800    678
   392    971    814    715
   393    967    762    771
   394   1010    737    753
   395   1042    752    706
   396   1060    730    710
   397   1048    727    725
   398   1009    737    754
   399   1039    749    712
   400   1051    758    691
   401   1025    738    737
   402   1020    750    730
   403   1015    766    719
   404    999    792    709
   405   1001    766    733
   406    981    778    741
   407    986    777    737
   408    963    807    730
   409    998    783    719
   410    990    781    729
   411   1010    772    718
   412   1033    727    740
   413   1036    773    691
   414    942    809    749
   415    957    777    766
   416    982    741    777
   417   1004    766    730
   418   1033    755    712
   419   1024    735    741
   420    984    789    727
   421    950    775    775
   422   1002    763    735
   423   1009    742    749
   424   1027    763    710
   425   1042    772    686
   426   1022    774    704
   427   1019    742    739
   428   1019    761    720
   429   1026    773    701
   430   1035    758    707
   431   1033    726    741
   432   1023    720    757
   433   1055    710    735
   434   1090    703    707
   435   1078    741    681
   436   1035    738    727
   437   1028    760    712
   438   1047    770    683
   439   1005    748    747
   440   1009    743    748
   441    997    782    721
   442    981    778    741
   443    947    842    711
   444    961    809    730
   445    928    814    758
   446    981    795    724
   447    990    761    749
   448    973    772    755
   449   1007    727    766
   450   1004    749    747
   451    994    758    748
   452   1005    757    738
   453   1021    757    722
   454   1006    781    713
   455   1025    750    725
   456   1022    762    716
   457    985    786    729
   458    935    815    750
   459    983    811    706
   460    957    820    723
   461    930    824    746
   462    939    807    754
   463    964    774    762
   464   1022    775    703
   465    994    763    743
   466   1010    754    736
   467   1008    777    715
   468    999    762    739
   469    991    742    767
   470   1000    773    727
   471   1030    755    715
   472   1019    758    723
   473   1013    752    735
   474   1026    737    737
   475   1033    744    723
   476   1060    737    703
   477   1008    755    737
   478    972    769    759
   479    957    785    758
   480   1010    744    746
   481    985    785    730
   482    988    758    754
   483    983    766    751
   484   1000    796    704
   485    978    776    746
   486   1020    742    738
   487   1062    729    709
   488   1067    715    718
   489   1026    773    701
   490    973    781    746
   491   1006    774    720
   492   1018    742    740
   493   1013    785    702
   494    983    810    707
   495    961    788    751
   496    979    779    742
   497    962    785    753
   498   1012    723    765
   499   1012    773    715
   500   1017    765    718
   501    997    806    697
   502    966    813    721
   503    976    811    713
   504    974    813    713
   505    966    816    718
   506    955    828    717
   507    927    824    749
   508    964    780    756
   509   1012    755    733
   510   1023    740    737
   511   1014    718    768
   512   1030    699    771
   513   1075    706    719
   514   1068    750    682
   515   1050    752    698
   516   1026    799    675
   517    927    840    733
   518    948    779    773
   519    975    770    755
   520    945    791    764
   521    988    754    758
   522   1004    752    744
   523   1028    757    715
   524    961    786    753
   525    957    796    747
   526    984    783    733
   527   1007    767    726
   528    990    772    738
   529    984    806    710
   530    995    801    704
   531    972    764    764
   532    962    779    759
   533    998    717    785
   534   1058    702    740
   535   1039    758    703
   536   1015    771    714
   537   1049    743    708
   538   1032    774    694
   539   1007    789    704
   540    955    800    745
   541    947    832    721
   542    934    828    738
   543    925    784    791
   544    959    751    790
   545   1001    732    767
   546   1010    745    745
   547   1014    742    744
   548    992    784    724
   549    985    758    757
   550    997    743    760
   551   1021    727    752
   552   1025    764    711
   553    975    812    713
   554    946    792    762
   555    965    785    750
   556    979    757    764
   557   1029    756    715
   558   1000    777    723
   559   1034    781    685
   560    976    823    701
   561    970    797    733
   562    983    765    752
   563   1010    759    731
   564    974    787    739
   565    998    739    763
   566   1013    717    770
   567   1061    704    735
   568   1040    725    735
   569   1039    732    729
   570   1049    746    705
   571   1026    766    708
   572   1009    784    707
   573   1027    744    729
   574   1029    742    729
   575   1015    776    709
   576    977    793    730
   577    994    753    753
   578    999    752    749
   579   1022    738    740
   580   1014    770    716
   581   1008    762    730
   582   1040    746    714
   583   1032    741    727
   584   1025    753    722
   585   1018    774    708
   586   1006    798    696
   587    974    794    732
   588    986    755    759
   589   1005    765    730
   590   1002    779    719
   591    980    774    746
   592    973    767    760
   593    990    760    750
   594    983    780    737
   595    968    763    769
   596    960    780    760
   597    986    783    731
   598    994    758    748
   599   1029    773    698
   600   1051    723    726
   601   1070    711    719
   602   1041    741    718
   603   1020    756    724
   604   1033    767    700
   605   1014    778    708
   606    968    814    718
   607    969    762    769
   608    957    753    790
   609   1007    713    780
   610   1006    750    744
   611   1010    733    757
   612   1002    778    720
   613   1018    757    725
   614   1021    741    738
   615   1015    756    729
   616   1028    756    716
   617   1017    750    733
   618   1025    770    705
   619    989    779    732
   620   1028    751    721
   621   1014    775    711
   622    976    814    710
   623    934    839    727
   624    935    847    718
   625    929    843    728
   626    891    859    750
   627    923    776    801
   628    986    777    737
   629    995    774    731
   630    995    732    773
   631   1021    753    726
   632   1012    737    751
   633   1020    774    706
   634    974    811    715
   635    947    813    740
   636    958    792    750
   637    951    778    771
   638    987    714    799
   639   1033    735    732
   640   1017    753    730
   641   1015    782    703
   642    992    798    710
   643    978    783    739
   644   1003    793    704
   645    969    797    734
   646    960    785    755
   647    965    761    774
   648    968    771    761
   649    952    765    783
   650    983    743    774
   651   1009    756    735
   652   1020    763    717
   653    998    792    710
   654    953    789    758
   655    973    762    765
   656    993    731    776
   657    970    757    773
   658   1024    718    758
   659   1016    737    747
   660   1097    678    725
   661   1144    684    672
   662   1088    746    666
   663   1064    724    712
   664   1058    726    716
   665   1043    745    712
   666   1012    762    726
   667   1016    772    712
   668    952    816    732
   669   1012    781    707
   670    981    811    708
   671    985    779    736
   672    988    744    768
   673   1010    752    738
   674   1022    755    723
   675   1012    784    704
   676    961    817    722
   677    966    795    739
   678    965    799    736
   679    969    765    766
   680    943    783    774
   681    944    794    762
   682    969    777    754
   683    962    773    765
   684    971    765    764
   685    998    758    744
   686    995    730    775
   687    995    768    737
   688    988    787    725
   689    989    780    731
   690   1004    763    733
   691   1013    756    731
   692   1048    686    766
   693   1050    701    749
   694   1073    690    737
   695   1079    692    729
   696   1080    748    672
   697   1065    724    711
   698   1086    731    683
   699   1074    747    679
   700   1030    807    663
   701    967    834    699
   702    925    850    725
   703    938    812    750
   704    937    798    765
   705    981    784    735
   706    974    767    759
   707    970    787    743
   708   1000    752    748
   709    992    751    757
   710    990    742    768
   711   1045    724    731
   712   1052    701    747
   713   1027    707    766
   714   1056    732    712
   715   1031    767    702
   716   1057    745    698
   717   1054    750    696
   718   1009    764    727
   719   1039    715    746
   720   1054    701    745
   721   1056    731    713
   722   1045    728    727
   723   1001    777    722
   724    980    752    768
   725   1020    734    746
   726   1008    758    734
   727   1043    731    726
   728   1005    788    707
   729    952    807    741
   730    954    804    742
   731   1017    805    678
   732    992    810    698
   733    986    790    724
   734    976    797    727
   735    995    750    755
   736    951    793    756
   737   1008    760    732
   738   1016    753    731
   739   1021    764    715
   740    987    807    706
   741    939    816    745
   742    930    795    775
   743    961    785    754
   744    957    778    765
   745    945    798    757
   746   1005    771    724
   747    979    807    714
   748    976    800    724
   749    979    806    715
   750    986    804    710
   751    927    829    744
   752    928    825    747
   753    945    810    745
   754    984    742    774
   755    985    750    765
   756   1049    712    739
   757   1010    760    730
   758   1038    764    698
   759    992    790    718
   760   1033    769    698
   761   1016    761    723
   762   1017    767    716
   763   1027    759    714
   764   1026    787    687
   765    959    798    743
   766    977    796    727
   767    952    814    734
   768    945    795    760
   769    977    751    772
   770   1004    788    708
   771    978    761    761
   772    996    742    762
   773   1009    735    756
   774   1016    716    768
   775   1061    696    743
   776   1019    722    759
   777   1071    727    702
   778   1046    729    725
   779   1030    769    701
   780   1024    744    732
   781   1016    757    727
   782   1040    731    729
   783   1046    709    745
   784   1040    757    703
   785    981    798    721
   786    979    775    746
   787    982    811    707
   788    978    782    740
   789   1008    759    733
   790    993    755    752
   791   1011    763    726
   792   1030    758    712
   793   1034    771    695
   794   1007    793    700
   795   1025    785    690
   796   1033    777    690
   797    988    777    735
   798    991    759    750
   799    998    806    696
   800    970    823    707
   801    956    766    778
   802    995    748    757
   803   1010    775    715
   804   1021    758    721
   805   1035    736    729
   806   1057    731    712
   807   1062    741    697
   808   1035    746    719
   809   1034    747    719
   810    997    814    689
   811    978    801    721
   812    987    799    714
   813   1012    760    728
   814    989    779    732
   815    971    828    701
   816    906    816    778
   817    964    785    751
   818    952    787    761
   819   1010    728    762
   820   1009    749    742
   821    978    799    723
   822    996    783    721
   823   1023    790    687
   824    956    805    739
   825    938    794    768
   826    938    838    724
   827    937    798    765
   828    946    801    753
   829    950    821    729
   830    932    824    744
   831    919    806    775
   832    954    770    776
   833    989    780    731
   834    980    786    734
   835    980    774    746
   836    994    795    711
   837   1007    760    733
   838   1027    792    681
   839   1029    788    683
   840    965    826    709
   841   1012    772    716
   842    952    807    741
   843    999    783    718
   844   1014    753    733
   845   1022    755    723
   846   1018    762    720
   847   1028    744    728
   848   1028    768    704
   849    992    809    699
   850    967    823    710
   851    946    827    727
   852    923    839    738
   853    889    859    752
   854    891    819    790
   855    942    764    794
   856    955    773    772
   857    945    761    794
   858    935    820    745
   859    943    814    743
   860    988    782    730
   861    971    796    733
   862   1000    759    741
   863   1015    742    743
   864    990    749    761
   865    986    737    777
   866   1036    722    742
   867   1020    728    752
   868   1041    712    747
   869   1099    684    717
   870   1055    750    695
   871   1007    799    694
   872    933    823    744
   873    978    784    738
   874    974    796    730
   875    994    749    757
   876   1033    751    716
   877   1044    743    713
   878   1040    725    735
   879   1040    750    710
   880   1008    762    730
   881    988    791    721
   882    953    782    765
   883    994    764    742
   884   1027    751    722
   885    989    739    772
   886   1030    747    723
   887   1045    746    709
   888   1063    741    696
   889   1017    739    744
   890   1054    741    705
   891   1054    758    688
   892    983    794    723
   893    982    796    722
   894    980    780    740
   895   1005    780    715
   896    945    791    764
   897    968    791    741
   898    966    786    748
   899    948    812    740
   900    930    805    765
   901   1022    728    750
   902   1041    712    747
   903   1016    766    718
   904   1026    769    705
   905   1016    774    710
   906    980    804    716
   907    958    781    761
   908    982    765    753
   909    975    769    756
   910   1010    778    712
   911    971    790    739
   912    954    796    750
   913    979    762    759
   914    961    784    755
   915   1019    778    703
   916   1009    783    708
   917    994    804    702
   918    978    804    718
   919    973    791    736
   920    965    779    756
   921    935    802    763
   922   1002    763    735
   923    977    807    716
   924   1002    759    739
   925   1012    762    726
   926   1062    733    705
   927   1057    728    715
   928   1053    711    736
   929   1055    717    728
   930   1038    719    743
   931   1037    706    757
   932   1022    737    741
   933   1015    764    721
   934   1017    763    720
   935    998    784    718
   936    938    804    758
   937    921    803    776
   938    941    758    801
   939   1010    752    738
   940   1035    731    734
   941   1037    711    752
   942   1046    730    724
   943   1008    769    723
   944   1019    742    739
   945    991    757    752
   946    974    789    737
   947   1004    774    722
   948   1023    768    709
   949    970    811    719
   950    964    795    741
   951    935    808    757
   952    944    816    740
   953    989    783    728
   954    995    780    725
   955   1008    748    744
   956    967    818    715
   957    994    757    749
   958   1031    735    734
   959   1019    752    729
   960    994    744    762
   961    951    789    760
   962    961    781    758
   963    988    747    765
   964   1007    751    742
   965    967    806    727
   966    980    785    735
   967    991    744    765
   968   1023    716    761
   969   1091    681    728
   970   1083    698    719
   971   1090    724    686
   972   1072    743    685
   973   1021    751    728
   974    983    770    747
   975    960    787    753
   976    989    749    762
   977    971    754    775
   978    974    744    782
   979    988    751    761
   980    964    807    729
   981    972    806    722
   982    954    827    719
   983    946    802    752
   984    950    794    756
   985    975    787    738
   986    979    822    699
   987    975    808    717
   988    979    785    736
   989    996    766    738
   990    964    811    725
   991    953    758    789
   992    984    725    791
   993    997    747    756
   994   1017    719    764
   995   1029    729    742
   996   1050    727    723
   997    976    799    725
   998    936    821    743
   999    974    792    734
  1000    965    789    746
