# time (sweeps) | Susceptible | Infected | Recovered
     0   1500    592    408
     1   1555    540    405
     2   1556    521    423
     3   1602    513    385
     4   1630    483    387
     5   1638    473    389
     6   1667    436    397
     7   1680    489    331
     8   1675    507    318
     9   1646    508    346
    10   1684    480    336
    11   1650    519    331
    12   1650    513    337
    13   1605    542    353
    14   1628    517    355
    15   1619    527    354
    16   1619    523    358
    17   1594    533    373
    18   1577    550    373
    19   1511    590    399
    20   1527    587    386
    21   1521    587    392
    22   1590    526    384
    23   1589    511    400
    24   1629    516    355
    25   1594    558    348
    26   1578    530    392
    27   1623    513    364
    28   1633    491    376
    29   1598    538    364
    30   1587    529    384
    31   1583    539    378
    32   1610    503    387
    33   1590    537    373
    34   1584    548    368
    35   1571    549    380
    36   1573    544    383
    37   1611    488    401
    38   1660    479    361
    39   1642    493    365
    40   1619    497    384
    41   1637    501    362
    42   1588    540    372
    43   1567    530    403
    44   1604    515    381
    45   1577    573    350
    46   1576    552    372
    47   1557    566    377
    48   1572    544    384
    49   1605    500    395
    50   1582    547    371
    51   1580    539    381
    52   1588    521    391
    53   1564    535    401
    54   1567    563    370
    55   1559    531    410
    56   1588    550    362
    57   1605    536    359
    58   1520    602    378
    59   1493    614    393
    60   1514    581    405
    61   1478    582    440
    62   1497    591    412
    63   1500    600    400
    64   1520    575    405
    65   1534    564    402
    66   1524    580    396
    67   1490    596    414
    68   1509    584    407
    69   1540    525    435
    70   1553    544    403
    71   1557    575    368
    72   1555    568    377
    73   1546    583    371
    74   1523    587    390
    75   1493    593    414
    76   1539    538    423
    77   1584    499    417
    78   1615    481    404
    79   1608    504    388
    80   1589    527    384
    81   1579    540    381
    82   1578    533    389
    83   1514    596    390
    84   1519    569    412
    85   1519    548    433
    86   1527    572    401
    87   1540    560    400
    88   1578    522    400
    89   1583    510    407
    90   1593    532    375
    91   1605    516    379
    92   1611    504    385
    93   1613    495    392
    94   1605    501    394
    95   1629    485    386
    96   1616    531    353
    97   1589    533    378
    98   1619    503    378
    99   1632    522    346
   100   1583    567    350
   101   1578    531    391
   102   1570    524    406
   103   1591    517    392
   104   1620    531    349
   105   1605    523    372
   106   1594    534    372
   107   1577    529    394
   108   1582    527    391
   109   1581    509    410
   110   1590    521    389
   111   1552    545    403
   112   1538    579    383
   113   1547    540    413
   114   1562    534    404
   115   1549    536    415
   116   1614    507    379
   117   1593    518    389
   118   1618    528    354
   119   1587    534    379
   120   1585    524    391
   121   1617    500    383
   122   1652    482    366
   123   1669    473    358
   124   1667    459    374
   125   1645    484    371
   126   1638    507    355
   127   1604    558    338
   128   1558    552    390
   129   1602    530    368
   130   1595    526    379
   131   1581    524    395
   132   1603    504    393
   133   1610    479    411
   134   1632    457    411
   135   1667    468    365
   136   1646    508    346
   137   1577    552    371
   138   1537    579    384
   139   1483    574    443
   140   1500    578    422
   141   1497    558    445
   142   1520    551    429
   143   1545    547    408
   144   1586    514    400
   145   1622    476    402
   146   1625    501    374
   147   1661    485    354
   148   1635    489    376
   149   1677    471    352
   150   1671    446    383
   151   1614    534    352
   152   1579    584    337
   153   1526    585    389
   154   1528    578    394
   155   1485    565    450
   156   1510    560    430
   157   1569    524    407
   158   1602    523    375
   159   1633    492    375
   160   1649    481    370
   161   1655    501    344
   162   1651    496    353
   163   1658    493    349
   164   1680    487    333
   165   1632    519    349
   166   1602    518    380
   167   1600    521    379
   168   1659    492    349
   169   1655    487    358
   170   1646    501    353
   171   1649    496    355
   172   1660    507    333
   173   1672    502    326
   174   1604    530    366
   175   1623    504    373
   176   1618    513    369
   177   1613    524    363
   178   1608    550    342
   179   1592    543    365
   180   1600    538    362
   181   1564    565    371
   182   1550    557    393
   183   1507    572    421
   184   1560    543    397
   185   1544    563    393
   186   1530    543    427
   187   1516    555    429
   188   1532    557    411
   189   1566    532    402
   190   1528    567    405
   191   1510    607    383
   192   1499    605    396
   193   1513    568    419
   194   1537    563    400
   195   1570    549    381
   196   1554    547    399
   197   1531    547    422
   198   1499    579    422
   199   1535    555    410
   200   1541    567    392
   201   1616    488    396
   202   1639    491    370
   203   1631    498    371
   204   1624    502    374
   205   1655    495    350
   206   1631    507    362
   207   1652    491    357
   208   1644    517    339
   209   1668    497    335
   210   1660    524    316
   211   1593    553    354
   212   1626    498    376
   213   1609    525    366
   214   1584    517    399
   215   1605    517    378
   216   1567    543    390
   217   1595    527    378
   218   1581    557    362
   219   1526    582    392
   220   1536    543    421
   221   1613    521    366
   222   1608    531    361
   223   1595    541    364
   224   1540    552    408
   225   1567    550    383
   226   1566    532    402
   227   1547    582    371
   228   1520    619    361
   229   1551    575    374
   230   1534    557    409
   231   1520    569    411
   232   1544    551    405
   233   1544    550    406
   234   1535    539    426
   235   1572    526    402
   236   1585    529    386
   237   1613    518    369
   238   1613    519    368
   239   1619    509    372
   240   1570    555    375
   241   1585    544    371
   242   1599    542    359
   243   1575    516    409
   244   1611    514    375
   245   1630    489    381
   246   1629    496    375
   247   1625    513    362
   248   1590    544    366
   249   1599    523    378
   250   1558    551    391
   251   1556    569    375
   252   1533    584    383
   253   1516    575    409
   254   1536    562    402
   255   1532    560    408
   256   1543    592    365
   257   1502    606    392
   258   1511    590    399
   259   1467    618    415
   260   1520    566    414
   261   1550    550    400
   262   1545    548    407
   263   1546    543    411
   264   1578    526    396
   265   1583    540    377
   266   1588    540    372
   267   1531    580    389
   268   1526    574    400
   269   1529    565    406
   270   1533    575    392
   271   1521    563    416
   272   1496    588    416
   273   1525    558    417
   274   1522    568    410
   275   1542    553    405
   276   1530    551    419
   277   1575    523    402
   278   1556    515    429
   279   1605    488    407
   280   1611    533    356
   281   1616    515    369
   282   1630    497    373
   283   1621    506    373
   284   1614    492    394
   285   1647    482    371
   286   1670    480    350
   287   1689    480    331
   288   1668    484    348
   289   1688    456    356
   290   1658    504    338
   291   1634    530    336
   292   1671    507    322
   293   1594    526    380
   294   1578    551    371
   295   1533    586    381
   296   1501    588    411
   297   1490    582    428
   298   1525    561    414
   299   1500    606    394
   300   1484    622    394
   301   1519    602    379
   302   1560    564    376
   303   1546    549    405
   304   1554    557    389
   305   1560    536    404
   306   1525    585    390
   307   1491    587    422
   308   1509    580    411
   309   1514    555    431
   310   1544    567    389
   311   1528    569    403
   312   1507    562    431
   313   1548    531    421
   314   1571    546    383
   315   1577    551    372
   316   1538    581    381
   317   1514    601    385
   318   1530    583    387
   319   1522    583    395
   320   1508    600    392
   321   1564    540    396
   322   1539    555    406
   323   1547    536    417
   324   1556    538    406
   325   1561    527    412
   326   1589    493    418
   327   1580    523    397
   328   1592    519    389
   329   1618    496    386
   330   1624    528    348
   331   1629    516    355
   332   1642    502    356
   333   1659    482    359
   334   1659    470    371
   335   1616    520    364
   336   1608    519    373
   337   1591    555    354
   338   1589    537    374
   339   1618    517    365
   340   1655    488    357
   341   1630    532    338
   342   1586    566    348
   343   1585    554    361
   344   1573    542    385
   345   1523    582    395
   346   1567    526    407
   347   1594    512    394
   348   1585    547    368
   349   1535    581    384
   350   1556    577    367
   351   1550    553    397
   352   1568    526    406
   353   1582    550    368
   354   1567    558    375
   355   1579    527    394
   356   1554    559    387
   357   1520    554    426
   358   1548    521    431
   359   1539    564    397
   360   1532    563    405
   361   1551    515    434
   362   1549    555    396
   363   1490    612    398
   364   1539    563    398
   365   1508    583    409
   366   1475    612    413
   367   1498    577    425
   368   1512    565    423
   369   1515    554    431
   370   1541    534    425
   371   1551    552    397
   372   1511    577    412
   373   1521    544    435
   374   1564    524    412
   375   1603    503    394
   376   1598    526    376
   377   1609    518    373
   378   1603    527    370
   379   1568    550    382
   380   1530    556    414
   381   1507    569    424
   382   1475    576    449
   383   1502    559    439
   384   1621    468    411
   385   1646    482    372
   386   1558    537    405
   387   1602    492    406
   388   1668    467    365
   389   1588    538    374
   390   1592    532    376
   391   1610    501    389
   392   1603    544    353
   393   1616    545    339
   394   1555    553    392
   395   1593    523    384
   396   1544    549    407
   397   1560    529    411
   398   1553    534    413
   399   1575    520    405
   400   1549    546    405
   401   1562    547    391
   402   1560    528    412
   403   1584    529    387
   404   1611    535    354
   405   1564    539    397
   406   1552    583    365
   407   1516    565    419
   408   1568    526    406
   409   1574    552    374
   410   1544    576    380
   411   1580    527    393
   412   1617    530    353
   413   1580    560    360
   414   1589    543    368
   415   1616    514    370
   416   1598    528    374
   417   1589    549    362
   418   1578    541    381
   419   1569    565    366
   420   1539    567    394
   421   1582    532    386
   422   1590    521    389
   423   1588    532    380
   424   1590    530    380
   425   1598    523    379
   426   1552    581    367
   427   1530    580    390
   428   1525    586    389
   429   1497    601    402
   430   1510    568    422
   431   1532    528    440
   432   1548    559    393
   433   1530    557    413
   434   1571    554    375
   435   1597    510    393
   436   1593    522    385
   437   1577    540    383
   438   1554    549    397
   439   1593    531    376
   440   1598    546    356
   441   1578    540    382
   442   1550    546    404
   443   1584    526    390
   444   1610    493    397
   445   1633    493    374
   446   1692    468    340
   447   1680    482    338
   448   1651    512    337
   449   1653    520    327
   450   1671    489    340
   451   1670    461    369
   452   1654    499    347
   453   1631    523    346
   454   1606    529    365
   455   1599    541    360
   456   1613    538    349
   457   1589    561    350
   458   1585    541    374
   459   1609    521    370
   460   1587    539    374
   461   1541    576    383
   462   1522    572    406
   463   1536    570    394
   464   1537    553    410
   465   1564    550    386
   466   1569    526    405
   467   1605    500    395
   468   1620    486    394
   469   1619    489    392
   470   1621    499    380
   471   1629    511    360
   472   1602    503    395
   473   1585    520    395
   474   1574    572    354
   475   1549    585    366
   476   1516    577    407
   477   1547    543    410
   478   1541    548    411
   479   1596    520    384
   480   1561    564    375
   481   1531    565    404
   482   1523    572    405
   483   1508    575    417
   484   1531    556    413
   485   1511    568    421
   486   1547    532    421
   487   1579    498    423
   488   1623    483    394
   489   1605    530    365
   490   1617    490    393
   491   1626    510    364
   492   1576    551    373
   493   1590    504    406
   494   1585    521    394
   495   1574    540    386
   496   1580    541    379
   497   1558    585    357
   498   1559    576    365
   499   1540    554    406
   500   1540    550    410
   501   1628    482    390
   502   1631    498    371
   503   1618    512    370
   504   1658    482    360
   505   1653    497    350
   506   1640    506    354
   507   1653    497    350
   508   1608    527    365
   509   1623    526    351
   510   1585    576    339
   511   1538    571    391
   512   1535    550    415
   513   1562    534    404
   514   1543    583    374
   515   1535    569    396
   516   1549    548    403
   517   1556    560    384
   518   1572    556    372
   519   1544    584    372
   520   1533    558    409
   521   1575    517    408
   522   1603    504    393
   523   1599    536    365
   524   1604    521    375
   525   1618    537    345
   526   1621    549    330
   527   1580    535    385
   528   1551    559    390
   529   1561    551    388
   530   1568    544    388
   531   1580    534    386
   532   1564    533    403
   533   1592    551    357
   534   1611    538    351
   535   1592    551    357
   536   1613    560    327
   537   1610    524    366
   538   1628    523    349
   539   1610    528    362
   540   1645    507    348
   541   1593    556    351
   542   1589    515    396
   543   1570    550    380
   544   1569    563    368
   545   1557    568    375
   546   1551    569    380
   547   1528    574    398
   548   1541    563    396
   549   1511    608    381
   550   1465    628    407
   551   1454    615    431
   552   1442    606    452
   553   1482    555    463
   554   1554    512    434
   555   1598    476    426
   556   1604    502    394
   557   1607    515    378
   558   1609    506    385
   559   1669    472    359
   560   1639    530    331
   561   1620    516    364
   562   1614    535    351
   563   1606    517    377
   564   1648    507    345
   565   1610    552    338
   566   1570    582    348
   567   1591    546    363
   568   1569    563    368
   569   1592    525    383
   570   1592    574    334
   571   1584    563    353
   572   1542    567    391
   573   1532    584    384
   574   1496    597    407
   575   1560    525    415
   576   1597    487    416
   577   1605    501    394
   578   1619    528    353
   579   1618    500    382
   580   1573    538    389
   581   1570    574    356
   582   1568    557    375
   583   1571    568    361
   584   1537    585    378
   585   1532    580    388
   586   1481    596    423
   587   1482    574    444
   588   1511    583    406
   589   1540    561    399
   590   1567    512    421
   591   1574    546    380
   592   1548    565    387
   593   1565    532    403
   594   1610    502    388
   595   1631    484    385
   596   1645    485    370
   597   1623    521    356
   598   1617    522    361
   599   1621    497    382
   600   1658    468    374
   601   1691    472    337
   602   1658    489    353
   603   1685    459    356
   604   1713    463    324
   605   1668    499    333
   606   1660    495    345
   607   1668    484    348
   608   1656    507    337
   609   1637    506    357
   610   1629    506    365
   611   1615    526    359
   612   1564    562    374
   613   1559    549    392
   614   1608    492    400
   615   1656    475    369
   616   1682    476    342
   617   1675    457    368
   618   1677    491    332
   619   1643    488    369
   620   1662    477    361
   621   1638    509    353
   622   1680    481    339
   623   1640    519    341
   624   1586    527    387
   625   1557    545    398
   626   1601    532    367
   627   1568    579    353
   628   1556    569    375
   629   1591    529    380
   630   1567    547    386
   631   1578    519    403
   632   1598    560    342
   633   1545    600    355
   634   1540    574    386
   635   1539    572    389
   636   1516    575    409
   637   1498    570    432
   638   1545    547    408
   639   1568    557    375
   640   1510    591    399
   641   1540    529    431
   642   1588    521    391
   643   1628    484    388
   644   1569    520    411
   645   1648    473    379
   646   1671    464    365
   647   1640    490    370
   648   1631    529    340
   649   1603    523    374
   650   1592    527    381
   651   1536    553    411
   652   1593    511    396
   653   1597    513    390
   654   1628    498    374
   655   1635    514    351
   656   1566    573    361
   657   1567    550    383
   658   1523    575    402
   659   1538    544    418
   660   1569    541    390
   661   1628    524    348
   662   1595    561    344
   663   1592    551    357
   664   1561    562    377
   665   1574    566    360
   666   1539    557    404
   667   1580    521    399
   668   1589    512    399
   669   1651    461    388
   670   1630    530    340
   671   1584    518    398
   672   1584    501    415
   673   1599    520    381
   674   1579    534    387
   675   1587    531    382
   676   1574    529    397
   677   1595    541    364
   678   1544    578    378
   679   1526    593    381
   680   1525    583    392
   681   1542    583    375
   682   1483    621    396
   683   1464    637    399
   684   1470    587    443
   685   1548    550    402
   686   1579    554    367
   687   1576    554    370
   688   1597    556    347
   689   1546    577    377
   690   1559    550    391
   691   1580    531    389
   692   1595    505    400
   693   1635    492    373
   694   1636    496    368
   695   1673    477    350
   696   1641    499    360
   697   1639    498    363
   698   1628    492    380
   699   1630    504    366
   700   1616    504    380
   701   1628    479    393
   702   1607    517    376
   703   1611    554    335
   704   1571    528    401
   705   1570    542    388
   706   1610    491    399
   707   1654    484    362
   708   1662    495    343
   709   1636    497    367
   710   1632    522    346
   711   1633    520    347
   712   1609    522    369
   713   1608    515    377
   714   1627    510    363
   715   1584    511    405
   716   1568    557    375
   717   1581    554    365
   718   1557    574    369
   719   1548    546    406
   720   1562    543    395
   721   1596    516    388
   722   1599    545    356
   723   1622    515    363
   724   1577    554    369
   725   1544    552    404
   726   1542    572    386
   727   1605    512    383
   728   1578    537    385
   729   1607    506    387
   730   1603    519    378
   731   1604    550    346
   732   1565    557    378
   733   1581    556    363
   734   1520    614    366
   735   1465    628    407
   736   1487    585    428
   737   1502    551    447
   738   1516    561    423
   739   1553    512    435
   740   1572    517    411
   741   1565    540    395
   742   1571    536    393
   743   1578    520    402
   744   1588    543    369
   745   1579    503    418
   746   1598    509    393
   747   1629    483    388
   748   1632    502    366
   749   1675    474    351
   750   1664    476    360
   751   1651    494    355
   752   1648    486    366
   753   1682    468    350
   754   1669    500    331
   755   1650    518    332
   756   1650    482    368
   757   1667    481    352
   758   1630    531    339
   759   1593    546    361
   760   1612    526    362
   761   1596    570    334
   762   1626    533    341
   763   1591    562    347
   764   1561    578    361
   765   1518    575    407
   766   1574    528    398
   767   1596    510    394
   768   1579    538    383
   769   1598    510    392
   770   1599    499    402
   771   1668    469    363
   772   1672    493    335
   773   1661    509    330
   774   1652    483    365
   775   1621    535    344
   776   1584    541    375
   777   1616    530    354
   778   1571    543    386
   779   1541    556    403
   780   1531    549    420
   781   1527    567    406
   782   1537    557    406
   783   1547    539    414
   784   1579    537    384
   785   1591    534    375
   786   1570    529    401
   787   1600    506    394
   788   1648    484    368
   789   1619    532    349
   790   1641    534    325
   791   1614    545    341
   792   1577    559    364
   793   1533    544    423
   794   1574    552    374
   795   1549    549    402
   796   1576    530    394
   797   1580    499    421
   798   1618    509    373
   799   1603    529    368
   800   1636    506    358
   801   1572    557    371
   802   1562    565    373
   803   1567    529    404
   804   1548    564    388
   805   1502    589    409
   806   1483    615    402
   807   1493    603    404
   808   1472    619    409
   809   1480    612    408
   810   1468    630    402
   811   1480    597    423
   812   1472    560    468
   813   1490    570    440
   814   1515    560    425
   815   1530    561    409
   816   1535    541    424
   817   1562    563    375
   818   1518    598    384
   819   1486    604    410
   820   1498    594    408
   821   1543    567    390
   822   1561    564    375
   823   1533    563    404
   824   1586    529    385
   825   1615    480    405
   826   1641    455    404
   827   1668    475    357
   828   1654    465    381
   829   1663    490    347
   830   1632    490    378
   831   1659    462    379
   832   1667    475    358
   833   1646    501    353
   834   1610    514    376
   835   1621    510    369
   836   1609    508    383
   837   1619    519    362
   838   1618    506    376
   839   1610    526    364
   840   1667    480    353
   841   1644    516    340
   842   1610    531    359
   843   1574    572    354
   844   1575    522    403
   845   1596    509    395
   846   1627    497    376
   847   1602    515    383
   848   1601    514    385
   849   1573    558    369
   850   1576    551    373
   851   1479    622    399
   852   1501    595    404
   853   1451    620    429
   854   1454    601    445
   855   1482    599    419
   856   1514    573    413
   857   1539    558    403
   858   1565    556    379
   859   1563    555    382
   860   1540    571    389
   861   1555    555    390
   862   1544    540    416
   863   1518    550    432
   864   1502    613    385
   865   1496    555    449
   866   1576    495    429
   867   1572    550    378
   868   1596    553    351
   869   1558    569    373
   870   1547    556    397
   871   1571    543    386
   872   1555    537    408
   873   1560    547    393
   874   1550    535    415
   875   1572    505    423
   876   1583    528    389
   877   1574    521    405
   878   1614    516    370
   879   1591    518    391
   880   1636    479    385
   881   1629    506    365
   882   1623    528    349
   883   1602    520    378
   884   1636    489    375
   885   1671    477    352
   886   1632    524    344
   887   1603    544    353
   888   1575    563    362
   889   1581    560    359
   890   1562    554    384
   891   1559    548    393
   892   1551    535    414
   893   1552    530    418
   894   1601    498    401
   895   1593    539    368
   896   1529    588    383
   897   1533    552    415
   898   1581    546    373
   899   1591    535    374
   900   1607    541    352
   901   1592    547    361
   902   1568    554    378
   903   1567    560    373
   904   1546    598    356
   905   1557    582    361
   906   1550    595    355
   907   1523    557    420
   908   1499    571    430
   909   1522    565    413
   910   1529    573    398
   911   1528    582    390
   912   1531    569    400
   913   1528    572    400
   914   1533    558    409
   915   1476    627    397
   916   1489    615    396
   917   1499    571    430
   918   1542    555    403
   919   1526    581    393
   920   1494    588    418
   921   1573    523    404
   922   1585    504    411
   923   1605    513    382
   924   1595    547    358
   925   1555    558    387
   926   1556    540    404
   927   1588    516    396
   928   1636    487    377
   929   1592    525    383
   930   1611    516    373
   931   1594    506    400
   932   1608    513    379
   933   1627    502    371
   934   1605    546    349
   935   1599    530    371
   936   1644    509    347
   937   1635    503    362
   938   1650    498    352
   939   1694    465    341
   940   1662    495    343
   941   1673    474    353
   942   1665    471    364
   943   1636    485    379
   944   1615    506    379
   945   1597    532    371
   946   1619    501    380
   947   1592    524    384
   948   1626    501    373
   949   1632    502    366
   950   1678    470    352
   951   1643    535    322
   952   1576    554    370
   953   1565    551    384
   954   1589    523    388
   955   1613    500    387
   956   1652    494    354
   957   1652    486    362
   958   1627    512    361
   959   1577    557    366
   960   1569    562    369
   961   1568    532    400
   962   1585    547    368
   963   1555    584    361
   964   1510    621    369
   965   1538    573    389
   966   1569    556    375
   967   1581    533    386
   968   1583    548    369
   969   1583    542    375
   970   1571    556    373
   971   1561    562    377
   972   1534    598    368
   973   1544    547    409
   974   1535    548    417
   975   1529    570    401
   976   1549    540    411
   977   1608    507    385
   978   1575    532    393
   979   1583    543    374
   980   1557    555    388
   981   1553    548    399
   982   1538    536    426
   983   1566    527    407
   984   1602    507    391
   985   1580    543    377
   986   1588    535    377
   987   1623    474    403
   988   1618    506    376
   989   1642    519    339
   990   1602    541    357
   991   1605    520    375
   992   1609    513    378
   993   1647    498    355
   994   1627    510    363
   995   1590    528    382
   996   1589    516    395
   997   1570    549    381
   998   1537    553    410
   999   1554    551    395
  1000   1555    537    408
