# time (sweeps) | Susceptible | Infected | Recovered
     0   1650    223    627
     1   1657    215    628
     2   1655    222    623
     3   1661    216    623
     4   1682    202    616
     5   1700    200    600
     6   1754    184    562
     7   1751    188    561
     8   1739    196    565
     9   1731    206    563
    10   1690    239    571
    11   1696    222    582
    12   1683    225    592
    13   1689    230    581
    14   1653    242    605
    15   1636    254    610
    16   1641    251    608
    17   1613    273    614
    18   1576    298    626
    19   1542    298    660
    20   1523    308    669
    21   1455    335    710
    22   1424    321    755
    23   1421    311    768
    24   1396    328    776
    25   1392    310    798
    26   1381    294    825
    27   1378    269    853
    28   1390    250    860
    29   1445    228    827
    30   1494    199    807
    31   1540    179    781
    32   1581    165    754
    33   1603    178    719
    34   1649    187    664
    35   1674    157    669
    36   1721    159    620
    37   1762    138    600
    38   1792    132    576
    39   1826    129    545
    40   1849    134    517
    41   1830    150    520
    42   1833    153    514
    43   1838    150    512
    44   1876    133    491
    45   1913    140    447
    46   1919    154    427
    47   1904    164    432
    48   1880    170    450
    49   1880    173    447
    50   1851    193    456
    51   1846    190    464
    52   1820    212    468
    53   1821    204    475
    54   1800    211    489
    55   1789    214    497
    56   1745    221    534
    57   1728    231    541
    58   1701    244    555
    59   1691    236    573
    60   1668    242    590
    61   1659    239    602
    62   1657    237    606
    63   1672    227    601
    64   1668    220    612
    65   1669    217    614
    66   1683    210    607
    67   1708    183    609
    68   1711    183    606
    69   1713    180    607
    70   1721    194    585
    71   1725    209    566
    72   1709    212    579
    73   1726    192    582
    74   1709    201    590
    75   1720    185    595
    76   1765    164    571
    77   1758    184    558
    78   1781    163    556
    79   1787    170    543
    80   1780    180    540
    81   1741    194    565
    82   1725    193    582
    83   1716    211    573
    84   1717    224    559
    85   1682    231    587
    86   1675    237    588
    87   1683    214    603
    88   1681    202    617
    89   1688    212    600
    90   1705    216    579
    91   1675    244    581
    92   1662    239    599
    93   1621    241    638
    94   1610    249    641
    95   1603    231    666
    96   1571    240    689
    97   1558    231    711
    98   1571    233    696
    99   1588    227    685
   100   1573    236    691
   101   1597    207    696
   102   1599    236    665
   103   1610    239    651
   104   1582    263    655
   105   1606    260    634
   106   1595    270    635
   107   1555    257    688
   108   1518    277    705
   109   1498    268    734
   110   1514    261    725
   111   1514    263    723
   112   1523    246    731
   113   1564    227    709
   114   1592    220    688
   115   1611    223    666
   116   1604    201    695
   117   1642    196    662
   118   1672    190    638
   119   1691    198    611
   120   1731    196    573
   121   1753    191    556
   122   1738    216    546
   123   1733    221    546
   124   1686    231    583
   125   1670    224    606
   126   1658    222    620
   127   1639    240    621
   128   1641    225    634
   129   1651    230    619
   130   1607    273    620
   131   1552    293    655
   132   1533    270    697
   133   1504    280    716
   134   1499    292    709
   135   1442    317    741
   136   1435    313    752
   137   1394    331    775
   138   1385    320    795
   139   1394    303    803
   140   1417    293    790
   141   1389    321    790
   142   1397    293    810
   143   1392    298    810
   144   1378    300    822
   145   1352    300    848
   146   1351    291    858
   147   1370    280    850
   148   1412    254    834
   149   1449    235    816
   150   1507    202    791
   151   1534    198    768
   152   1577    181    742
   153   1587    179    734
   154   1644    180    676
   155   1657    190    653
   156   1682    184    634
   157   1687    203    610
   158   1686    222    592
   159   1673    240    587
   160   1644    224    632
   161   1645    229    626
   162   1645    224    631
   163   1622    240    638
   164   1600    247    653
   165   1590    241    669
   166   1583    240    677
   167   1584    241    675
   168   1591    209    700
   169   1621    211    668
   170   1602    250    648
   171   1597    231    672
   172   1587    233    680
   173   1575    245    680
   174   1609    203    688
   175   1629    207    664
   176   1661    167    672
   177   1670    181    649
   178   1687    180    633
   179   1701    179    620
   180   1717    158    625
   181   1722    182    596
   182   1747    168    585
   183   1753    155    592
   184   1755    165    580
   185   1753    170    577
   186   1785    159    556
   187   1792    166    542
   188   1798    178    524
   189   1802    174    524
   190   1786    197    517
   191   1772    191    537
   192   1799    181    520
   193   1812    191    497
   194   1772    209    519
   195   1739    221    540
   196   1703    230    567
   197   1686    233    581
   198   1648    251    601
   199   1633    233    634
   200   1621    227    652
   201   1627    228    645
   202   1651    205    644
   203   1673    212    615
   204   1692    218    590
   205   1705    212    583
   206   1688    208    604
   207   1677    215    608
   208   1661    227    612
   209   1665    213    622
   210   1641    215    644
   211   1645    223    632
   212   1628    236    636
   213   1636    240    624
   214   1593    252    655
   215   1585    272    643
   216   1564    260    676
   217   1546    245    709
   218   1554    237    709
   219   1554    236    710
   220   1573    249    678
   221   1558    240    702
   222   1581    214    705
   223   1572    205    723
   224   1595    207    698
   225   1605    203    692
   226   1629    194    677
   227   1679    190    631
   228   1671    207    622
   229   1655    215    630
   230   1661    209    630
   231   1646    234    620
   232   1651    220    629
   233   1633    227    640
   234   1610    249    641
   235   1556    282    662
   236   1549    259    692
   237   1541    259    700
   238   1545    260    695
   239   1551    246    703
   240   1536    259    705
   241   1542    230    728
   242   1543    244    713
   243   1564    245    691
   244   1565    234    701
   245   1581    237    682
   246   1576    255    669
   247   1586    248    666
   248   1567    247    686
   249   1560    245    695
   250   1556    244    700
   251   1594    212    694
   252   1592    219    689
   253   1597    231    672
   254   1631    194    675
   255   1644    182    674
   256   1706    171    623
   257   1720    189    591
   258   1730    170    600
   259   1755    186    559
   260   1761    178    561
   261   1780    163    557
   262   1799    156    545
   263   1791    177    532
   264   1773    193    534
   265   1777    173    550
   266   1799    167    534
   267   1803    169    528
   268   1815    170    515
   269   1796    173    531
   270   1793    177    530
   271   1792    186    522
   272   1765    208    527
   273   1765    192    543
   274   1742    204    554
   275   1756    180    564
   276   1724    196    580
   277   1731    212    557
   278   1740    205    555
   279   1745    178    577
   280   1726    198    576
   281   1749    186    565
   282   1728    206    566
   283   1748    192    560
   284   1768    195    537
   285   1760    197    543
   286   1743    200    557
   287   1749    194    557
   288   1749    204    547
   289   1738    219    543
   290   1718    211    571
   291   1704    225    571
   292   1665    247    588
   293   1659    261    580
   294   1627    262    611
   295   1597    262    641
   296   1565    270    665
   297   1545    286    669
   298   1507    288    705
   299   1506    284    710
   300   1504    257    739
   301   1517    261    722
   302   1534    246    720
   303   1566    194    740
   304   1596    194    710
   305   1617    194    689
   306   1647    195    658
   307   1652    208    640
   308   1675    192    633
   309   1687    205    608
   310   1693    194    613
   311   1696    185    619
   312   1712    194    594
   313   1722    192    586
   314   1723    178    599
   315   1711    204    585
   316   1697    211    592
   317   1705    204    591
   318   1712    203    585
   319   1724    204    572
   320   1731    173    596
   321   1763    165    572
   322   1788    168    544
   323   1795    169    536
   324   1775    190    535
   325   1782    179    539
   326   1791    186    523
   327   1754    219    527
   328   1735    242    523
   329   1699    242    559
   330   1668    255    577
   331   1660    247    593
   332   1617    277    606
   333   1572    269    659
   334   1551    261    688
   335   1523    268    709
   336   1516    270    714
   337   1484    285    731
   338   1490    266    744
   339   1497    267    736
   340   1528    252    720
   341   1560    234    706
   342   1574    221    705
   343   1606    209    685
   344   1633    193    674
   345   1667    180    653
   346   1688    202    610
   347   1693    213    594
   348   1653    239    608
   349   1634    260    606
   350   1624    253    623
   351   1610    245    645
   352   1606    263    631
   353   1561    290    649
   354   1569    263    668
   355   1565    254    681
   356   1542    270    688
   357   1534    276    690
   358   1516    256    728
   359   1534    251    715
   360   1543    217    740
   361   1580    207    713
   362   1601    204    695
   363   1610    197    693
   364   1626    205    669
   365   1642    218    640
   366   1627    225    648
   367   1646    216    638
   368   1642    237    621
   369   1644    221    635
   370   1625    241    634
   371   1590    266    644
   372   1546    293    661
   373   1514    264    722
   374   1525    244    731
   375   1534    237    729
   376   1571    205    724
   377   1567    242    691
   378   1559    261    680
   379   1582    238    680
   380   1595    242    663
   381   1569    258    673
   382   1589    244    667
   383   1588    251    661
   384   1568    253    679
   385   1539    272    689
   386   1549    268    683
   387   1546    273    681
   388   1538    256    706
   389   1575    227    698
   390   1583    223    694
   391   1564    211    725
   392   1574    206    720
   393   1575    214    711
   394   1592    221    687
   395   1580    214    706
   396   1599    213    688
   397   1630    224    646
   398   1630    207    663
   399   1656    192    652
   400   1684    171    645
   401   1698    177    625
   402   1693    186    621
   403   1720    163    617
   404   1769    160    571
   405   1782    155    563
   406   1782    174    544
   407   1792    179    529
   408   1805    178    517
   409   1793    185    522
   410   1800    166    534
   411   1781    188    531
   412   1784    183    533
   413   1775    187    538
   414   1761    208    531
   415   1754    222    524
   416   1733    228    539
   417   1719    242    539
   418   1685    221    594
   419   1670    228    602
   420   1665    213    622
   421   1657    225    618
   422   1652    241    607
   423   1650    227    623
   424   1660    210    630
   425   1673    206    621
   426   1675    189    636
   427   1677    193    630
   428   1682    194    624
   429   1681    193    626
   430   1684    212    604
   431   1693    212    595
   432   1663    226    611
   433   1649    220    631
   434   1656    224    620
   435   1639    243    618
   436   1614    239    647
   437   1619    252    629
   438   1590    244    666
   439   1594    244    662
   440   1570    255    675
   441   1558    256    686
   442   1556    243    701
   443   1534    265    701
   444   1530    250    720
   445   1545    238    717
   446   1527    258    715
   447   1531    255    714
   448   1572    223    705
   449   1571    238    691
   450   1562    241    697
   451   1558    240    702
   452   1523    266    711
   453   1539    244    717
   454   1579    213    708
   455   1616    183    701
   456   1640    172    688
   457   1672    158    670
   458   1696    164    640
   459   1707    192    601
   460   1701    210    589
   461   1695    204    601
   462   1671    231    598
   463   1649    250    601
   464   1624    274    602
   465   1618    260    622
   466   1613    259    628
   467   1568    283    649
   468   1553    280    667
   469   1555    261    684
   470   1585    224    691
   471   1589    207    704
   472   1585    219    696
   473   1605    212    683
   474   1622    226    652
   475   1624    229    647
   476   1610    234    656
   477   1635    227    638
   478   1636    210    654
   479   1617    218    665
   480   1619    226    655
   481   1602    230    668
   482   1609    204    687
   483   1626    215    659
   484   1626    230    644
   485   1623    246    631
   486   1634    224    642
   487   1611    239    650
   488   1620    234    646
   489   1640    221    639
   490   1648    227    625
   491   1630    261    609
   492   1607    245    648
   493   1634    231    635
   494   1608    250    642
   495   1608    254    638
   496   1647    233    620
   497   1654    237    609
   498   1647    233    620
   499   1625    246    629
   500   1616    223    661
   501   1612    226    662
   502   1619    220    661
   503   1646    201    653
   504   1663    211    626
   505   1655    224    621
   506   1664    216    620
   507   1676    201    623
   508   1658    200    642
   509   1700    204    596
   510   1690    207    603
   511   1690    214    596
   512   1688    223    589
   513   1677    224    599
   514   1681    213    606
   515   1661    222    617
   516   1664    236    600
   517   1665    225    610
   518   1653    237    610
   519   1640    221    639
   520   1657    205    638
   521   1674    206    620
   522   1703    184    613
   523   1701    201    598
   524   1718    198    584
   525   1693    201    606
   526   1716    191    593
   527   1717    197    586
   528   1713    200    587
   529   1736    169    595
   530   1751    166    583
   531   1756    178    566
   532   1747    199    554
   533   1739    202    559
   534   1744    202    554
   535   1761    198    541
   536   1780    180    540
   537   1763    203    534
   538   1737    213    550
   539   1718    217    565
   540   1694    224    582
   541   1675    225    600
   542   1669    235    596
   543   1667    232    601
   544   1641    235    624
   545   1619    245    636
   546   1600    240    660
   547   1573    268    659
   548   1545    266    689
   549   1566    242    692
   550   1558    235    707
   551   1595    218    687
   552   1627    211    662
   553   1659    192    649
   554   1637    235    628
   555   1600    272    628
   556   1560    280    660
   557   1512    276    712
   558   1504    286    710
   559   1518    266    716
   560   1506    241    753
   561   1514    240    746
   562   1529    237    734
   563   1542    229    729
   564   1578    221    701
   565   1576    225    699
   566   1589    223    688
   567   1601    220    679
   568   1617    209    674
   569   1628    210    662
   570   1638    225    637
   571   1599    262    639
   572   1564    277    659
   573   1526    302    672
   574   1528    281    691
   575   1517    284    699
   576   1505    280    715
   577   1501    267    732
   578   1505    276    719
   579   1489    277    734
   580   1501    249    750
   581   1520    249    731
   582   1516    279    705
   583   1497    293    710
   584   1496    286    718
   585   1520    265    715
   586   1552    228    720
   587   1556    228    716
   588   1580    228    692
   589   1577    232    691
   590   1596    231    673
   591   1605    236    659
   592   1608    222    670
   593   1621    201    678
   594   1622    195    683
   595   1647    185    668
   596   1643    217    640
   597   1605    240    655
   598   1579    271    650
   599   1559    263    678
   600   1555    261    684
   601   1531    271    698
   602   1499    282    719
   603   1488    280    732
   604   1504    255    741
   605   1485    256    759
   606   1470    266    764
   607   1456    269    775
   608   1442    276    782
   609   1456    247    797
   610   1452    245    803
   611   1485    247    768
   612   1513    222    765
   613   1551    227    722
   614   1583    222    695
   615   1601    221    678
   616   1608    206    686
   617   1643    200    657
   618   1664    187    649
   619   1702    192    606
   620   1689    221    590
   621   1670    235    595
   622   1660    228    612
   623   1638    232    630
   624   1605    248    647
   625   1624    246    630
   626   1609    227    664
   627   1638    210    652
   628   1610    220    670
   629   1607    220    673
   630   1629    200    671
   631   1615    212    673
   632   1628    216    656
   633   1622    218    660
   634   1604    224    672
   635   1625    220    655
   636   1636    211    653
   637   1646    214    640
   638   1626    221    653
   639   1625    191    684
   640   1656    176    668
   641   1705    151    644
   642   1745    137    618
   643   1773    136    591
   644   1768    151    581
   645   1789    156    555
   646   1807    159    534
   647   1800    175    525
   648   1810    167    523
   649   1795    187    518
   650   1788    197    515
   651   1778    195    527
   652   1769    194    537
   653   1758    211    531
   654   1731    221    548
   655   1716    232    552
   656   1677    255    568
   657   1620    281    599
   658   1595    275    630
   659   1572    265    663
   660   1590    241    669
   661   1593    230    677
   662   1581    234    685
   663   1593    222    685
   664   1590    220    690
   665   1595    239    666
   666   1608    234    658
   667   1613    240    647
   668   1583    271    646
   669   1558    267    675
   670   1564    269    667
   671   1561    270    669
   672   1547    271    682
   673   1542    274    684
   674   1555    241    704
   675   1538    247    715
   676   1548    240    712
   677   1547    244    709
   678   1581    220    699
   679   1582    238    680
   680   1562    263    675
   681   1556    267    677
   682   1544    256    700
   683   1524    254    722
   684   1540    248    712
   685   1559    259    682
   686   1531    280    689
   687   1556    251    693
   688   1546    254    700
   689   1546    252    702
   690   1573    236    691
   691   1562    224    714
   692   1582    239    679
   693   1578    237    685
   694   1596    244    660
   695   1608    222    670
   696   1626    222    652
   697   1619    222    659
   698   1639    216    645
   699   1622    216    662
   700   1638    226    636
   701   1646    229    625
   702   1620    238    642
   703   1605    230    665
   704   1623    220    657
   705   1653    204    643
   706   1660    223    617
   707   1669    215    616
   708   1656    214    630
   709   1632    232    636
   710   1584    272    644
   711   1573    279    648
   712   1556    276    668
   713   1566    263    671
   714   1581    226    693
   715   1557    247    696
   716   1557    244    699
   717   1559    223    718
   718   1576    216    708
   719   1573    232    695
   720   1587    225    688
   721   1595    213    692
   722   1622    181    697
   723   1695    164    641
   724   1752    134    614
   725   1810    127    563
   726   1848    124    528
   727   1874    127    499
   728   1879    134    487
   729   1887    153    460
   730   1911    152    437
   731   1918    149    433
   732   1917    156    427
   733   1875    186    439
   734   1860    193    447
   735   1838    193    469
   736   1842    180    478
   737   1836    191    473
   738   1796    223    481
   739   1772    219    509
   740   1733    219    548
   741   1724    217    559
   742   1720    212    568
   743   1722    206    572
   744   1732    197    571
   745   1712    198    590
   746   1705    221    574
   747   1704    217    579
   748   1701    217    582
   749   1709    204    587
   750   1694    204    602
   751   1681    221    598
   752   1674    216    610
   753   1677    215    608
   754   1701    200    599
   755   1712    195    593
   756   1711    212    577
   757   1688    228    584
   758   1673    216    611
   759   1681    211    608
   760   1674    220    606
   761   1676    220    604
   762   1658    242    600
   763   1643    252    605
   764   1625    255    620
   765   1612    234    654
   766   1606    252    642
   767   1564    283    653
   768   1562    269    669
   769   1504    305    691
   770   1474    300    726
   771   1486    283    731
   772   1481    294    725
   773   1472    260    768
   774   1453    283    764
   775   1463    287    750
   776   1464    259    777
   777   1464    272    764
   778   1472    253    775
   779   1502    240    758
   780   1505    255    740
   781   1500    277    723
   782   1501    277    722
   783   1476    274    750
   784   1473    294    733
   785   1457    300    743
   786   1446    303    751
   787   1449    288    763
   788   1434    283    783
   789   1466    244    790
   790   1501    245    754
   791   1509    238    753
   792   1533    224    743
   793   1564    201    735
   794   1570    197    733
   795   1617    196    687
   796   1624    213    663
   797   1642    205    653
   798   1639    224    637
   799   1650    205    645
   800   1634    232    634
   801   1628    238    634
   802   1615    260    625
   803   1607    246    647
   804   1610    230    660
   805   1620    226    654
   806   1622    216    662
   807   1659    195    646
   808   1686    207    607
   809   1670    217    613
   810   1673    214    613
   811   1669    224    607
   812   1670    207    623
   813   1700    180    620
   814   1707    189    604
   815   1709    195    596
   816   1721    190    589
   817   1719    193    588
   818   1711    191    598
   819   1709    205    586
   820   1700    226    574
   821   1681    224    595
   822   1683    232    585
   823   1673    232    595
   824   1650    237    613
   825   1624    247    629
   826   1617    218    665
   827   1626    229    645
   828   1630    225    645
   829   1627    239    634
   830   1626    220    654
   831   1644    229    627
   832   1606    225    669
   833   1602    228    670
   834   1596    251    653
   835   1591    255    654
   836   1568    238    694
   837   1584    244    672
   838   1562    253    685
   839   1557    251    692
   840   1577    236    687
   841   1564    241    695
   842   1578    230    692
   843   1585    215    700
   844   1588    227    685
   845   1605    201    694
   846   1629    197    674
   847   1650    193    657
   848   1645    224    631
   849   1673    215    612
   850   1699    204    597
   851   1725    198    577
   852   1722    212    566
   853   1731    199    570
   854   1712    225    563
   855   1698    221    581
   856   1688    233    579
   857   1667    252    581
   858   1647    246    607
   859   1631    257    612
   860   1593    265    642
   861   1560    266    674
   862   1578    273    649
   863   1548    254    698
   864   1562    252    686
   865   1557    259    684
   866   1565    239    696
   867   1555    260    685
   868   1550    253    697
   869   1552    260    688
   870   1535    275    690
   871   1519    253    728
   872   1536    254    710
   873   1545    231    724
   874   1562    205    733
   875   1589    215    696
   876   1611    218    671
   877   1618    222    660
   878   1627    239    634
   879   1597    251    652
   880   1607    246    647
   881   1648    235    617
   882   1647    222    631
   883   1654    216    630
   884   1665    212    623
   885   1685    224    591
   886   1651    252    597
   887   1642    230    628
   888   1647    229    624
   889   1633    229    638
   890   1630    240    630
   891   1616    250    634
   892   1615    251    634
   893   1604    261    635
   894   1572    284    644
   895   1543    275    682
   896   1559    256    685
   897   1570    244    686
   898   1566    248    686
   899   1563    248    689
   900   1570    231    699
   901   1596    224    680
   902   1606    218    676
   903   1611    228    661
   904   1606    242    652
   905   1609    242    649
   906   1610    222    668
   907   1611    224    665
   908   1638    234    628
   909   1632    232    636
   910   1638    240    622
   911   1623    245    632
   912   1638    231    631
   913   1640    233    627
   914   1634    220    646
   915   1645    212    643
   916   1659    207    634
   917   1680    223    597
   918   1673    207    620
   919   1678    208    614
   920   1672    199    629
   921   1684    194    622
   922   1685    201    614
   923   1707    192    601
   924   1701    192    607
   925   1690    203    607
   926   1689    197    614
   927   1679    227    594
   928   1687    214    599
   929   1694    232    574
   930   1676    230    594
   931   1674    219    607
   932   1679    228    593
   933   1663    221    616
   934   1659    224    617
   935   1647    230    623
   936   1642    237    621
   937   1637    232    631
   938   1635    227    638
   939   1636    224    640
   940   1615    233    652
   941   1611    246    643
   942   1602    226    672
   943   1634    225    641
   944   1625    226    649
   945   1631    226    643
   946   1588    241    671
   947   1614    213    673
   948   1639    194    667
   949   1641    197    662
   950   1638    228    634
   951   1660    238    602
   952   1653    223    624
   953   1668    185    647
   954   1669    206    625
   955   1698    198    604
   956   1689    209    602
   957   1710    197    593
   958   1703    205    592
   959   1682    203    615
   960   1690    213    597
   961   1677    223    600
   962   1674    230    596
   963   1656    237    607
   964   1640    231    629
   965   1646    212    642
   966   1650    202    648
   967   1662    186    652
   968   1654    206    640
   969   1648    215    637
   970   1637    212    651
   971   1642    214    644
   972   1636    236    628
   973   1623    236    641
   974   1620    249    631
   975   1610    234    656
   976   1611    201    688
   977   1676    178    646
   978   1690    172    638
   979   1693    201    606
   980   1657    233    610
   981   1653    236    611
   982   1663    241    596
   983   1641    263    596
   984   1625    265    610
   985   1625    248    627
   986   1638    247    615
   987   1627    243    630
   988   1609    253    638
   989   1637    228    635
   990   1626    220    654
   991   1638    217    645
   992   1616    236    648
   993   1607    233    660
   994   1610    226    664
   995   1597    237    666
   996   1622    225    653
   997   1632    192    676
   998   1628    201    671
   999   1633    212    655
  1000   1654    204    642
