# time (sweeps) | Susceptible | Infected | Recovered
     0    768    906    826
     1    742    896    862
     2    761    874    865
     3    741    886    873
     4    747    922    831
     5    754    958    788
     6    718    935    847
     7    733    943    824
     8    718    955    827
     9    724    923    853
    10    761    880    859
    11    767    913    820
    12    770    896    834
    13    712    949    839
    14    675    944    881
    15    745    917    838
    16    693    932    875
    17    700    940    860
    18    700    954    846
    19    714    920    866
    20    736    926    838
    21    709    908    883
    22    714    925    861
    23    719    955    826
    24    716    974    810
    25    732    953    815
    26    719    909    872
    27    756    873    871
    28    758    891    851
    29    801    868    831
    30    801    884    815
    31    756    927    817
    32    704    958    838
    33    656    990    854
    34    710    920    870
    35    712    919    869
    36    728    889    883
    37    758    906    836
    38    769    892    839
    39    749    926    825
    40    734    958    808
    41    732    938    830
    42    707    976    817
    43    677   1008    815
    44    652    964    884
    45    721    893    886
    46    749    897    854
    47    783    871    846
    48    798    862    840
    49    833    867    800
    50    809    876    815
    51    796    884    820
    52    764    934    802
    53    746    931    823
    54    708    929    863
    55    740    901    859
    56    741    913    846
    57    782    883    835
    58    793    882    825
    59    729    941    830
    60    753    953    794
    61    715    968    817
    62    701    951    848
    63    716    909    875
    64    709    896    895
    65    752    884    864
    66    720    931    849
    67    696    953    851
    68    695    972    833
    69    710    958    832
    70    715    952    833
    71    697    948    855
    72    693    968    839
    73    694    943    863
    74    728    942    830
    75    726    924    850
    76    719    944    837
    77    682    982    836
    78    698    949    853
    79    720    946    834
    80    704    928    868
    81    706    908    886
    82    721    901    878
    83    783    899    818
    84    734    938    828
    85    740    915    845
    86    787    915    798
    87    754    939    807
    88    694    952    854
    89    727    915    858
    90    775    887    838
    91    756    911    833
    92    740    895    865
    93    742    917    841
    94    688    933    879
    95    704    926    870
    96    742    869    889
    97    769    894    837
    98    768    926    806
    99    752    928    820
   100    766    905    829
   101    764    886    850
   102    775    895    830
   103    792    916    792
   104    789    913    798
   105    748    916    836
   106    755    931    814
   107    719    950    831
   108    739    936    825
   109    721    951    828
   110    720    925    855
   111    726    927    847
   112    753    897    850
   113    741    906    853
   114    727    912    861
   115    744    908    848
   116    714    878    908
   117    778    861    861
   118    787    896    817
   119    793    916    791
   120    727    965    808
   121    710    940    850
   122    703    941    856
   123    673    996    831
   124    704    977    819
   125    741    923    836
   126    723    897    880
   127    756    902    842
   128    726    908    866
   129    767    934    799
   130    711    965    824
   131    681    978    841
   132    685    937    878
   133    690    902    908
   134    684    895    921
   135    759    862    879
   136    772    885    843
   137    775    921    804
   138    772    964    764
   139    752    951    797
   140    736    926    838
   141    719    924    857
   142    753    936    811
   143    757    898    845
   144    756    911    833
   145    741    945    814
   146    717    955    828
   147    724    935    841
   148    719    952    829
   149    709    947    844
   150    693    942    865
   151    705    949    846
   152    733    918    849
   153    726    937    837
   154    754    937    809
   155    726    928    846
   156    773    886    841
   157    776    895    829
   158    728    939    833
   159    719    962    819
   160    676    969    855
   161    757    929    814
   162    769    918    813
   163    737    958    805
   164    751    961    788
   165    734    949    817
   166    704    976    820
   167    691   1003    806
   168    696    937    867
   169    709    911    880
   170    787    874    839
   171    772    905    823
   172    753    925    822
   173    752    922    826
   174    738    923    839
   175    715    961    824
   176    734    973    793
   177    725    952    823
   178    708    940    852
   179    675    950    875
   180    761    881    858
   181    772    912    816
   182    757    927    816
   183    717    947    836
   184    719    965    816
   185    720    941    839
   186    717    943    840
   187    735    945    820
   188    725    935    840
   189    707    956    837
   190    678    977    845
   191    685    943    872
   192    688    944    868
   193    730    931    839
   194    745    922    833
   195    756    938    806
   196    759    905    836
   197    740    904    856
   198    727    882    891
   199    756    902    842
   200    765    874    861
   201    750    919    831
   202    765    898    837
   203    757    921    822
   204    792    895    813
   205    774    945    781
   206    737    942    821
   207    751    896    853
   208    754    934    812
   209    690    978    832
   210    708    956    836
   211    704    917    879
   212    718    937    845
   213    722    948    830
   214    728    965    807
   215    697    982    821
   216    713    966    821
   217    702    911    887
   218    754    890    856
   219    754    921    825
   220    758    900    842
   221    768    907    825
   222    720    910    870
   223    723    961    816
   224    687    928    885
   225    699    926    875
   226    709    911    880
   227    726    877    897
   228    772    887    841
   229    760    882    858
   230    802    893    805
   231    742    949    809
   232    727    970    803
   233    748    911    841
   234    751    891    858
   235    768    889    843
   236    735    913    852
   237    728    906    866
   238    746    896    858
   239    741    937    822
   240    757    902    841
   241    773    882    845
   242    760    910    830
   243    774    892    834
   244    744    903    853
   245    776    884    840
   246    801    911    788
   247    743    941    816
   248    706    968    826
   249    729    923    848
   250    726    941    833
   251    769    917    814
   252    737    954    809
   253    736    914    850
   254    745    900    855
   255    790    887    823
   256    800    875    825
   257    755    934    811
   258    754    919    827
   259    701    958    841
   260    746    931    823
   261    717    947    836
   262    714    933    853
   263    701    935    864
   264    736    931    833
   265    734    906    860
   266    744    911    845
   267    698    956    846
   268    734    926    840
   269    726    960    814
   270    767    890    843
   271    700    966    834
   272    709    938    853
   273    766    916    818
   274    709    993    798
   275    685    961    854
   276    740    919    841
   277    761    865    874
   278    755    927    818
   279    694    972    834
   280    731    946    823
   281    725    940    835
   282    744    942    814
   283    732    959    809
   284    729    970    801
   285    730    957    813
   286    715    916    869
   287    698    946    856
   288    691    955    854
   289    724    922    854
   290    721    926    853
   291    775    916    809
   292    737    959    804
   293    682   1000    818
   294    673    972    855
   295    693    957    850
   296    692    948    860
   297    722    943    835
   298    741    918    841
   299    713    969    818
   300    684    953    863
   301    759    905    836
   302    718    947    835
   303    713    929    858
   304    738    913    849
   305    755    885    860
   306    781    871    848
   307    755    882    863
   308    766    866    868
   309    790    870    840
   310    769    894    837
   311    746    919    835
   312    753    898    849
   313    739    918    843
   314    765    900    835
   315    781    895    824
   316    753    919    828
   317    736    943    821
   318    729    938    833
   319    745    946    809
   320    749    961    790
   321    720    942    838
   322    692    953    855
   323    701    955    844
   324    700    920    880
   325    745    905    850
   326    739    908    853
   327    792    885    823
   328    748    925    827
   329    745    960    795
   330    710    981    809
   331    711    991    798
   332    708    965    827
   333    654    976    870
   334    749    912    839
   335    766    928    806
   336    767    902    831
   337    745    934    821
   338    707    932    861
   339    751    934    815
   340    744    949    807
   341    724    980    796
   342    717    980    803
   343    685    983    832
   344    686    976    838
   345    701    943    856
   346    696    957    847
   347    750    924    826
   348    742    932    826
   349    740    926    834
   350    687    950    863
   351    715    922    863
   352    760    901    839
   353    760    933    807
   354    747    900    853
   355    774    901    825
   356    785    898    817
   357    706    974    820
   358    653    958    889
   359    693    916    891
   360    746    900    854
   361    775    941    784
   362    758    925    817
   363    732    894    874
   364    751    903    846
   365    778    903    819
   366    744    941    815
   367    737    931    832
   368    730    976    794
   369    735    978    787
   370    723    946    831
   371    713    946    841
   372    739    945    816
   373    732    923    845
   374    702    945    853
   375    700    957    843
   376    737    903    860
   377    757    901    842
   378    756    935    809
   379    724    925    851
   380    764    895    841
   381    723    935    842
   382    708    939    853
   383    704    943    853
   384    701    920    879
   385    768    866    866
   386    769    890    841
   387    768    924    808
   388    734    926    840
   389    747    900    853
   390    727    919    854
   391    771    895    834
   392    738    981    781
   393    762    921    817
   394    788    912    800
   395    751    929    820
   396    725    912    863
   397    761    919    820
   398    745    972    783
   399    719    959    822
   400    711    959    830
   401    718    955    827
   402    718    920    862
   403    759    933    808
   404    755    917    828
   405    747    923    830
   406    747    920    833
   407    693   1016    791
   408    692    967    841
   409    714    959    827
   410    726    933    841
   411    736    923    841
   412    716    950    834
   413    711    944    845
   414    728    935    837
   415    758    878    864
   416    758    910    832
   417    788    896    816
   418    758    914    828
   419    745    951    804
   420    738    951    811
   421    739    937    824
   422    746    940    814
   423    712    960    828
   424    712    903    885
   425    758    918    824
   426    770    933    797
   427    758    913    829
   428    796    913    791
   429    754    956    790
   430    711    944    845
   431    706    951    843
   432    766    880    854
   433    768    896    836
   434    771    882    847
   435    794    886    820
   436    760    908    832
   437    740    917    843
   438    708    951    841
   439    671    958    871
   440    717    915    868
   441    761    902    837
   442    750    918    832
   443    746    941    813
   444    756    930    814
   445    751    926    823
   446    745    944    811
   447    693    962    845
   448    734    906    860
   449    733    901    866
   450    743    918    839
   451    734    935    831
   452    727    922    851
   453    715    948    837
   454    719    960    821
   455    698    938    864
   456    717    920    863
   457    747    919    834
   458    776    905    819
   459    761    890    849
   460    719    919    862
   461    740    931    829
   462    766    945    789
   463    700    953    847
   464    708    944    848
   465    715    931    854
   466    728    897    875
   467    751    900    849
   468    749    922    829
   469    693    951    856
   470    691    946    863
   471    739    902    859
   472    768    935    797
   473    745    974    781
   474    721    947    832
   475    729    875    896
   476    746    875    879
   477    798    891    811
   478    795    905    800
   479    799    901    800
   480    768    937    795
   481    747    926    827
   482    765    906    829
   483    727    946    827
   484    740    926    834
   485    746    909    845
   486    730    922    848
   487    706    954    840
   488    709    908    883
   489    744    870    886
   490    766    905    829
   491    715    963    822
   492    710    981    809
   493    724    982    794
   494    735    932    833
   495    727    974    799
   496    687    939    874
   497    711    976    813
   498    682    983    835
   499    702    955    843
   500    724    930    846
   501    789    863    848
   502    740    918    842
   503    775    868    857
   504    729    920    851
   505    733    926    841
   506    730    956    814
   507    725    931    844
   508    742    967    791
   509    677    975    848
   510    708    952    840
   511    656   1016    828
   512    735    969    796
   513    704    977    819
   514    672    961    867
   515    686    917    897
   516    722    918    860
   517    743    919    838
   518    742    912    846
   519    741    891    868
   520    749    919    832
   521    697    967    836
   522    701    981    818
   523    676    961    863
   524    704    933    863
   525    731    932    837
   526    730    918    852
   527    704    953    843
   528    742    909    849
   529    739    953    808
   530    755    925    820
   531    745    919    836
   532    717    947    836
   533    690    972    838
   534    682    963    855
   535    674    978    848
   536    691    949    860
   537    728    965    807
   538    741    900    859
   539    751    910    839
   540    739    909    852
   541    795    891    814
   542    755    904    841
   543    771    888    841
   544    811    865    824
   545    795    902    803
   546    748    922    830
   547    758    919    823
   548    773    910    817
   549    711    953    836
   550    755    905    840
   551    771    916    813
   552    736    934    830
   553    739    944    817
   554    716    948    836
   555    725    918    857
   556    741    939    820
   557    752    959    789
   558    743    944    813
   559    723    947    830
   560    708    967    825
   561    713    979    808
   562    691    985    824
   563    688    953    859
   564    723    931    846
   565    730    932    838
   566    732    927    841
   567    667    991    842
   568    714    946    840
   569    706    956    838
   570    723    950    827
   571    683    961    856
   572    755    931    814
   573    742    965    793
   574    706    969    825
   575    661   1010    829
   576    680    952    868
   577    711    928    861
   578    771    860    869
   579    767    863    870
   580    773    828    899
   581    817    888    795
   582    756    926    818
   583    748    953    799
   584    736    952    812
   585    701    977    822
   586    677    971    852
   587    713    959    828
   588    735    931    834
   589    701    966    833
   590    758    899    843
   591    758    909    833
   592    773    906    821
   593    714    956    830
   594    689    971    840
   595    687    923    890
   596    703    880    917
   597    732    907    861
   598    733    902    865
   599    711    964    825
   600    725    941    834
   601    726    930    844
   602    730    908    862
   603    724    904    872
   604    712    918    870
   605    721    898    881
   606    745    902    853
   607    749    913    838
   608    729    958    813
   609    727    954    819
   610    715    949    836
   611    681    937    882
   612    679    932    889
   613    721    893    886
   614    725    906    869
   615    776    888    836
   616    771    930    799
   617    764    947    789
   618    756    936    808
   619    697    950    853
   620    686    967    847
   621    732    917    851
   622    753    895    852
   623    749    948    803
   624    732    934    834
   625    763    880    857
   626    733    916    851
   627    768    883    849
   628    735    901    864
   629    775    886    839
   630    774    904    822
   631    753    934    813
   632    749    934    817
   633    732    938    830
   634    726    915    859
   635    720    925    855
   636    721    947    832
   637    700    944    856
   638    732    921    847
   639    739    897    864
   640    759    872    869
   641    753    884    863
   642    745    887    868
   643    784    874    842
   644    764    919    817
   645    776    903    821
   646    757    908    835
   647    753    897    850
   648    726    913    861
   649    692    960    848
   650    692    966    842
   651    699    959    842
   652    668   1023    809
   653    662    999    839
   654    644    992    864
   655    689    950    861
   656    723    929    848
   657    763    873    864
   658    769    911    820
   659    746    915    839
   660    728    924    848
   661    669    984    847
   662    710    966    824
   663    725    975    800
   664    704    961    835
   665    708    972    820
   666    692    977    831
   667    687    958    855
   668    745    920    835
   669    725    957    818
   670    699   1016    785
   671    664    983    853
   672    685    945    870
   673    723    926    851
   674    743    932    825
   675    728    919    853
   676    749    924    827
   677    753    916    831
   678    752    887    861
   679    766    924    810
   680    780    899    821
   681    722    914    864
   682    765    871    864
   683    790    899    811
   684    748    948    804
   685    772    924    804
   686    710    951    839
   687    692    953    855
   688    710    923    867
   689    729    929    842
   690    725    955    820
   691    726    938    836
   692    718    945    837
   693    731    966    803
   694    699    980    821
   695    722    958    820
   696    705    972    823
   697    675    958    867
   698    686    918    896
   699    758    910    832
   700    741    913    846
   701    754    948    798
   702    746    944    810
   703    737    931    832
   704    767    894    839
   705    787    884    829
   706    767    921    812
   707    764    921    815
   708    760    894    846
   709    779    864    857
   710    765    928    807
   711    754    918    828
   712    752    903    845
   713    729    880    891
   714    734    939    827
   715    735    914    851
   716    702    972    826
   717    700    955    845
   718    679    967    854
   719    714    901    885
   720    723    903    874
   721    784    847    869
   722    828    830    842
   723    839    878    783
   724    784    918    798
   725    768    963    769
   726    701    956    843
   727    722    916    862
   728    711    940    849
   729    751    921    828
   730    785    889    826
   731    763    915    822
   732    717    946    837
   733    718    948    834
   734    706    968    826
   735    723    984    793
   736    704    971    825
   737    750    938    812
   738    695    957    848
   739    678    938    884
   740    739    897    864
   741    746    890    864
   742    744    927    829
   743    750    906    844
   744    736    929    835
   745    733    919    848
   746    718    956    826
   747    723    936    841
   748    750    880    870
   749    764    920    816
   750    752    937    811
   751    737    936    827
   752    714    954    832
   753    721    929    850
   754    751    903    846
   755    744    938    818
   756    717    941    842
   757    696    914    890
   758    731    933    836
   759    785    887    828
   760    790    873    837
   761    805    905    790
   762    743    948    809
   763    767    936    797
   764    721    950    829
   765    718    965    817
   766    728    909    863
   767    764    909    827
   768    736    928    836
   769    742    941    817
   770    728    928    844
   771    702    936    862
   772    704    971    825
   773    730    919    851
   774    771    892    837
   775    722    945    833
   776    751    883    866
   777    733    920    847
   778    742    918    840
   779    740    897    863
   780    747    905    848
   781    755    921    824
   782    724    939    837
   783    740    924    836
   784    759    914    827
   785    753    902    845
   786    709    938    853
   787    760    917    823
   788    762    934    804
   789    723    916    861
   790    755    911    834
   791    703    904    893
   792    754    883    863
   793    759    909    832
   794    735    938    827
   795    723    939    838
   796    717    931    852
   797    701    958    841
   798    755    937    808
   799    747    890    863
   800    789    899    812
   801    731    970    799
   802    708    960    832
   803    638   1004    858
   804    675    974    851
   805    731    916    853
   806    770    905    825
   807    747    970    783
   808    721    952    827
   809    700    971    829
   810    663    966    871
   811    678    908    914
   812    686    898    916
   813    730    904    866
   814    753    904    843
   815    770    866    864
   816    762    885    853
   817    785    888    827
   818    760    904    836
   819    776    935    789
   820    743    963    794
   821    712    952    836
   822    778    929    793
   823    743    947    810
   824    720    907    873
   825    726    908    866
   826    667    953    880
   827    656    967    877
   828    696    931    873
   829    717    919    864
   830    724    947    829
   831    693    916    891
   832    752    910    838
   833    750    899    851
   834    718    920    862
   835    710    916    874
   836    735    882    883
   837    704    925    871
   838    768    922    810
   839    694    970    836
   840    755    889    856
   841    750    889    861
   842    713    924    863
   843    710    941    849
   844    694    946    860
   845    678    981    841
   846    718    935    847
   847    738    910    852
   848    740    949    811
   849    695    942    863
   850    725    942    833
   851    733    975    792
   852    712    975    813
   853    728    910    862
   854    738    897    865
   855    765    888    847
   856    775    905    820
   857    755    932    813
   858    727    943    830
   859    748    921    831
   860    752    947    801
   861    742    969    789
   862    701    966    833
   863    719    897    884
   864    739    912    849
   865    709    927    864
   866    717    926    857
   867    748    899    853
   868    767    919    814
   869    736    930    834
   870    726    901    873
   871    739    918    843
   872    759    906    835
   873    788    891    821
   874    744    922    834
   875    743    910    847
   876    750    896    854
   877    774    897    829
   878    767    906    827
   879    776    901    823
   880    761    939    800
   881    777    896    827
   882    770    916    814
   883    764    913    823
   884    754    928    818
   885    723    951    826
   886    698    963    839
   887    742    924    834
   888    747    899    854
   889    769    906    825
   890    735    937    828
   891    741    907    852
   892    719    950    831
   893    731    941    828
   894    724    957    819
   895    752    893    855
   896    743    918    839
   897    802    873    825
   898    778    924    798
   899    717    946    837
   900    730    922    848
   901    724    928    848
   902    723    938    839
   903    745    922    833
   904    709    911    880
   905    711    931    858
   906    739    910    851
   907    760    896    844
   908    777    899    824
   909    755    906    839
   910    804    872    824
   911    806    876    818
   912    784    908    808
   913    749    941    810
   914    677    969    854
   915    678    969    853
   916    704    942    854
   917    746    909    845
   918    773    875    852
   919    757    927    816
   920    714    933    853
   921    780    923    797
   922    729    956    815
   923    743    943    814
   924    731    951    818
   925    697    940    863
   926    714    945    841
   927    752    930    818
   928    753    906    841
   929    788    857    855
   930    803    918    779
   931    744    950    806
   932    752    893    855
   933    768    912    820
   934    774    891    835
   935    731    949    820
   936    723    930    847
   937    738    894    868
   938    760    878    862
   939    738    927    835
   940    755    906    839
   941    726    922    852
   942    731    944    825
   943    749    898    853
   944    740    884    876
   945    765    897    838
   946    760    910    830
   947    731    890    879
   948    763    892    845
   949    762    900    838
   950    738    897    865
   951    751    850    899
   952    785    875    840
   953    759    907    834
   954    752    900    848
   955    779    905    816
   956    755    908    837
   957    750    911    839
   958    743    943    814
   959    739    933    828
   960    753    920    827
   961    754    921    825
   962    753    907    840
   963    753    909    838
   964    722    919    859
   965    731    900    869
   966    806    874    820
   967    773    898    829
   968    787    881    832
   969    772    916    812
   970    772    917    811
   971    788    881    831
   972    769    900    831
   973    754    919    827
   974    745    953    802
   975    699    959    842
   976    735    933    832
   977    728    954    818
   978    747    937    816
   979    749    935    816
   980    700    926    874
   981    716    931    853
   982    717    937    846
   983    703    956    841
   984    767    910    823
   985    763    907    830
   986    749    920    831
   987    742    901    857
   988    743    890    867
   989    786    865    849
   990    778    907    815
   991    761    910    829
   992    748    937    815
   993    717    905    878
   994    743    907    850
   995    714    946    840
   996    715    945    840
   997    707    932    861
   998    739    928    833
   999    728    903    869
  1000    734    914    852
