# time (sweeps) | Susceptible | Infected | Recovered
     0    957    843    700
     1    941    892    667
     2    935    875    690
     3    915    898    687
     4    941    864    695
     5    941    854    705
     6    942    873    685
     7    940    840    720
     8    941    840    719
     9    962    834    704
    10    945    854    701
    11    933    861    706
    12    952    841    707
    13    961    882    657
    14    907    913    680
    15    922    872    706
    16    873    921    706
    17    877    907    716
    18    886    876    738
    19    916    877    707
    20    928    840    732
    21    953    835    712
    22    939    847    714
    23    929    873    698
    24    919    882    699
    25    916    897    687
    26    946    863    691
    27    987    840    673
    28    987    865    648
    29    955    843    702
    30    983    842    675
    31    934    875    691
    32    940    869    691
    33    966    835    699
    34    949    879    672
    35    977    848    675
    36    966    832    702
    37    980    834    686
    38    989    825    686
    39   1015    808    677
    40    979    880    641
    41    926    898    676
    42    945    870    685
    43    939    878    683
    44    921    882    697
    45    925    916    659
    46    912    890    698
    47    913    879    708
    48    920    874    706
    49    931    830    739
    50    955    827    718
    51    964    795    741
    52    948    850    702
    53    929    886    685
    54    952    899    649
    55    931    894    675
    56    901    882    717
    57    844    928    728
    58    901    880    719
    59    937    863    700
    60    967    851    682
    61    959    856    685
    62    956    849    695
    63    966    851    683
    64    974    840    686
    65    988    844    668
    66    925    920    655
    67    883    922    695
    68    927    886    687
    69    961    868    671
    70    901    907    692
    71    946    868    686
    72    958    851    691
    73    943    853    704
    74    996    827    677
    75    986    812    702
    76   1010    849    641
    77    989    891    620
    78    954    876    670
    79    941    889    670
    80    947    860    693
    81    973    848    679
    82    938    910    652
    83    920    909    671
    84    910    915    675
    85    921    862    717
    86    877    903    720
    87    876    888    736
    88    891    877    732
    89    918    848    734
    90    975    806    719
    91    959    839    702
    92    978    819    703
    93    931    891    678
    94    880    899    721
    95    955    869    676
    96    896    878    726
    97    928    883    689
    98    943    857    700
    99    956    838    706
   100    939    836    725
   101    951    839    710
   102    922    879    699
   103    904    888    708
   104    914    875    711
   105    937    851    712
   106    926    818    756
   107   1000    788    712
   108   1010    833    657
   109    969    848    683
   110    955    898    647
   111    930    902    668
   112    878    917    705
   113    896    906    698
   114    896    855    749
   115    903    875    722
   116    895    857    748
   117    970    833    697
   118    951    834    715
   119    986    828    686
   120    981    836    683
   121    992    848    660
   122    951    840    709
   123    975    833    692
   124    988    845    667
   125    957    858    685
   126    941    878    681
   127    929    873    698
   128    922    879    699
   129    903    870    727
   130    904    860    736
   131    930    864    706
   132    915    848    737
   133    970    839    691
   134   1001    830    669
   135    983    832    685
   136    968    842    690
   137    972    854    674
   138    973    877    650
   139    917    897    686
   140    902    880    718
   141    981    793    726
   142    995    814    691
   143    970    850    680
   144    921    867    712
   145    942    841    717
   146    937    873    690
   147    895    884    721
   148    918    883    699
   149    898    899    703
   150    939    862    699
   151    951    849    700
   152    943    860    697
   153    982    800    718
   154    975    844    681
   155    943    865    692
   156    961    849    690
   157    981    802    717
   158    954    834    712
   159    989    811    700
   160   1005    806    689
   161    973    846    681
   162    992    806    702
   163    978    863    659
   164    935    927    638
   165    913    877    710
   166    899    907    694
   167    889    892    719
   168    923    869    708
   169    923    839    738
   170    977    811    712
   171    996    828    676
   172    964    841    695
   173    941    897    662
   174    956    852    692
   175    885    904    711
   176    888    867    745
   177    932    843    725
   178    913    831    756
   179    936    838    726
   180    925    858    717
   181    945    869    686
   182    954    855    691
   183    946    889    665
   184    949    845    706
   185    937    882    681
   186    922    891    687
   187    892    911    697
   188    914    878    708
   189    945    860    695
   190    933    902    665
   191    881    934    685
   192    882    895    723
   193    885    862    753
   194    926    850    724
   195    931    878    691
   196    929    855    716
   197    923    875    702
   198    904    892    704
   199    884    913    703
   200    901    864    735
   201   1002    859    639
   202    936    908    656
   203    906    921    673
   204    903    878    719
   205    903    903    694
   206    860    891    749
   207    915    863    722
   208    991    814    695
   209    974    834    692
   210    969    842    689
   211   1000    838    662
   212    985    831    684
   213   1009    852    639
   214    987    874    639
   215    988    876    636
   216    959    879    662
   217    930    876    694
   218    939    858    703
   219    928    852    720
   220    898    876    726
   221    936    877    687
   222    945    923    632
   223    874    935    691
   224    903    889    708
   225    950    864    686
   226    971    865    664
   227    950    877    673
   228    931    872    697
   229    989    827    684
   230    966    878    656
   231    947    910    643
   232    936    902    662
   233    901    904    695
   234    928    867    705
   235    949    877    674
   236    947    861    692
   237    908    894    698
   238    925    886    689
   239    929    873    698
   240    935    865    700
   241    901    886    713
   242    919    863    718
   243    922    845    733
   244    950    830    720
   245   1005    814    681
   246   1029    822    649
   247    956    854    690
   248    948    866    686
   249    904    882    714
   250    898    888    714
   251    945    867    688
   252    937    847    716
   253    946    847    707
   254    953    877    670
   255    903    887    710
   256    905    883    712
   257    969    811    720
   258    963    865    672
   259    941    862    697
   260    948    871    681
   261    900    867    733
   262    944    843    713
   263    936    836    728
   264    983    840    677
   265    944    872    684
   266    911    916    673
   267    893    903    704
   268    921    890    689
   269    908    898    694
   270    925    859    716
   271    969    851    680
   272    974    848    678
   273    947    868    685
   274    953    821    726
   275   1004    820    676
   276    952    886    662
   277    947    875    678
   278    962    833    705
   279    971    828    701
   280    961    875    664
   281    935    919    646
   282    964    859    677
   283   1008    856    636
   284    984    863    653
   285    963    871    666
   286    973    885    642
   287    951    889    660
   288    938    903    659
   289    914    925    661
   290    963    871    666
   291    890    913    697
   292    899    906    695
   293    953    858    689
   294    907    884    709
   295    886    907    707
   296    891    877    732
   297    906    894    700
   298    884    904    712
   299    872    886    742
   300    929    830    741
   301    952    846    702
   302    977    845    678
   303    970    844    686
   304    947    852    701
   305    936    862    702
   306    940    849    711
   307    943    850    707
   308    955    879    666
   309    924    907    669
   310    927    873    700
   311    930    913    657
   312    881    903    716
   313    917    891    692
   314    909    893    698
   315    890    910    700
   316    889    898    713
   317    910    907    683
   318    898    863    739
   319    936    858    706
   320    924    893    683
   321    954    860    686
   322    933    849    718
   323    943    874    683
   324    919    872    709
   325    959    875    666
   326    915    896    689
   327    907    884    709
   328    944    829    727
   329    965    881    654
   330    932    878    690
   331    919    869    712
   332    961    865    674
   333    903    903    694
   334    905    883    712
   335    959    857    684
   336    907    891    702
   337    938    880    682
   338    921    928    651
   339    927    929    644
   340    902    898    700
   341    929    866    705
   342    942    858    700
   343    951    891    658
   344    924    899    677
   345    898    936    666
   346    912    888    700
   347    914    911    675
   348    914    885    701
   349    964    844    692
   350    973    840    687
   351    916    860    724
   352    918    894    688
   353    949    868    683
   354    934    860    706
   355    942    862    696
   356    930    862    708
   357    884    878    738
   358    942    836    722
   359    948    829    723
   360    980    838    682
   361    984    801    715
   362    945    823    732
   363    972    870    658
   364    921    887    692
   365    919    856    725
   366    944    870    686
   367    947    864    689
   368    948    866    686
   369    963    836    701
   370    940    849    711
   371    984    836    680
   372    963    852    685
   373    940    886    674
   374    923    882    695
   375    893    903    704
   376    950    839    711
   377    959    870    671
   378    952    865    683
   379    931    853    716
   380    976    851    673
   381   1003    833    664
   382    952    854    694
   383    941    870    689
   384    966    837    697
   385    959    853    688
   386    948    848    704
   387    951    840    709
   388    960    826    714
   389    965    846    689
   390    983    817    700
   391    970    830    700
   392   1005    839    656
   393    976    856    668
   394    962    862    676
   395    947    869    684
   396    930    852    718
   397    952    877    671
   398    997    814    689
   399    943    858    699
   400    936    843    721
   401    892    882    726
   402    935    847    718
   403    965    812    723
   404    956    828    716
   405    954    881    665
   406    991    841    668
   407    968    865    667
   408    963    843    694
   409    946    847    707
   410    951    861    688
   411    949    859    692
   412    953    875    672
   413    946    881    673
   414    940    861    699
   415    983    776    741
   416   1038    784    678
   417   1001    832    667
   418    952    868    680
   419    959    843    698
   420    951    861    688
   421    931    912    657
   422    924    878    698
   423    933    881    686
   424    936    859    705
   425    994    835    671
   426    945    906    649
   427    932    881    687
   428    916    882    702
   429    957    865    678
   430    935    860    705
   431    950    866    684
   432    936    874    690
   433    921    874    705
   434    939    911    650
   435    887    945    668
   436    931    857    712
   437    980    823    697
   438    996    823    681
   439    961    847    692
   440    983    850    667
   441    977    834    689
   442    957    862    681
   443    986    839    675
   444    949    878    673
   445    925    903    672
   446    919    889    692
   447    917    856    727
   448    922    853    725
   449    988    824    688
   450    982    837    681
   451   1005    849    646
   452    999    819    682
   453    980    810    710
   454    973    871    656
   455    939    891    670
   456    975    845    680
   457    965    874    661
   458    921    890    689
   459    917    874    709
   460    974    826    700
   461    986    819    695
   462    968    839    693
   463    984    832    684
   464    956    879    665
   465    901    916    683
   466    914    881    705
   467    957    852    691
   468    909    853    738
   469    952    830    718
   470    972    834    694
   471    952    859    689
   472    968    865    667
   473    981    854    665
   474    944    870    686
   475    948    862    690
   476    951    854    695
   477   1012    806    682
   478    966    837    697
   479    971    848    681
   480    960    861    679
   481    914    889    697
   482    891    936    673
   483    872    911    717
   484    931    878    691
   485    971    837    692
   486    932    876    692
   487    912    875    713
   488    914    890    696
   489    967    908    625
   490    901    916    683
   491    895    901    704
   492    897    892    711
   493    901    873    726
   494    929    853    718
   495    944    865    691
   496    950    875    675
   497    922    867    711
   498    892    906    702
   499    915    916    669
   500    904    901    695
   501    929    864    707
   502    911    854    735
   503    972    845    683
   504    959    848    693
   505    944    873    683
   506    919    906    675
   507    893    917    690
   508    924    894    682
   509    923    836    741
   510    959    818    723
   511    961    842    697
   512    942    852    706
   513    975    836    689
   514    934    904    662
   515    947    862    691
   516    931    917    652
   517    893    920    687
   518    840    963    697
   519    884    882    734
   520    901    861    738
   521    972    843    685
   522    955    843    702
   523    987    831    682
   524    945    851    704
   525    975    839    686
   526    961    832    707
   527    957    850    693
   528    925    874    701
   529    919    869    712
   530    978    844    678
   531    935    863    702
   532    910    917    673
   533    970    847    683
   534    947    858    695
   535    951    862    687
   536    925    904    671
   537    938    848    714
   538    937    831    732
   539    963    837    700
   540    975    847    678
   541    938    906    656
   542    927    861    712
   543    926    837    737
   544    948    856    696
   545    934    836    730
   546    964    821    715
   547   1003    847    650
   548    950    882    668
   549    923    925    652
   550    882    916    702
   551    864    953    683
   552    845    931    724
   553    850    949    701
   554    910    870    720
   555    931    883    686
   556    969    838    693
   557    982    845    673
   558    971    831    698
   559    940    853    707
   560    941    866    693
   561    919    878    703
   562    921    865    714
   563    941    847    712
   564    914    888    698
   565    961    843    696
   566    925    885    690
   567    923    890    687
   568    922    858    720
   569    921    817    762
   570    926    839    735
   571    941    860    699
   572    967    851    682
   573    970    863    667
   574    971    864    665
   575    971    863    666
   576    998    840    662
   577    959    842    699
   578    942    855    703
   579    946    896    658
   580    896    908    696
   581    890    907    703
   582    914    884    702
   583    919    874    707
   584    873    936    691
   585    907    857    736
   586    953    834    713
   587    974    829    697
   588    979    861    660
   589    994    857    649
   590    967    885    648
   591    943    901    656
   592    917    894    689
   593    903    874    723
   594    921    884    695
   595    960    833    707
   596    956    835    709
   597    936    860    704
   598    984    837    679
   599    960    837    703
   600    968    870    662
   601    918    868    714
   602    945    839    716
   603    913    918    669
   604    914    852    734
   605    901    904    695
   606    891    904    705
   607    910    900    690
   608    903    873    724
   609    921    863    716
   610    939    872    689
   611    927    860    713
   612    955    860    685
   613    893    863    744
   614    923    812    765
   615    926    819    755
   616    943    806    751
   617    971    831    698
   618    941    869    690
   619    915    894    691
   620    936    875    689
   621    921    882    697
   622    929    849    722
   623    934    836    730
   624    946    859    695
   625    915    919    666
   626    880    927    693
   627    830    934    736
   628    892    892    716
   629    873    912    715
   630    908    864    728
   631    926    863    711
   632    901    898    701
   633    896    933    671
   634    843    920    737
   635    906    875    719
   636    912    891    697
   637    932    867    701
   638    932    899    669
   639    939    856    705
   640    947    846    707
   641    968    871    661
   642    920    888    692
   643    896    910    694
   644    905    896    699
   645    846    919    735
   646    851    928    721
   647    895    912    693
   648    898    924    678
   649    921    883    696
   650    908    901    691
   651    903    911    686
   652    930    872    698
   653    922    866    712
   654    924    867    709
   655    923    871    706
   656    948    857    695
   657    959    830    711
   658    969    835    696
   659    988    853    659
   660    962    854    684
   661    966    870    664
   662   1010    811    679
   663    994    831    675
   664    944    895    661
   665    913    921    666
   666    921    898    681
   667    979    853    668
   668    987    853    660
   669    956    837    707
   670    938    892    670
   671    942    880    678
   672    925    894    681
   673    903    926    671
   674    862    941    697
   675    886    903    711
   676    933    867    700
   677    939    858    703
   678    924    892    684
   679    885    872    743
   680    959    838    703
   681    953    843    704
   682    961    860    679
   683    930    884    686
   684    937    872    691
   685    917    919    664
   686    921    862    717
   687    940    873    687
   688    900    882    718
   689    924    830    746
   690    917    867    716
   691    958    865    677
   692    960    877    663
   693    957    869    674
   694    912    905    683
   695    956    875    669
   696    981    819    700
   697    971    824    705
   698    963    862    675
   699    986    828    686
   700    981    845    674
   701    954    892    654
   702    943    908    649
   703    921    912    667
   704    905    909    686
   705    937    855    708
   706    943    862    695
   707    943    877    680
   708    900    904    696
   709    893    880    727
   710    865    896    739
   711    940    832    728
   712    966    849    685
   713    922    876    702
   714    919    882    699
   715    932    905    663
   716    911    855    734
   717    941    841    718
   718    948    849    703
   719    939    870    691
   720    915    904    681
   721    947    811    742
   722    980    823    697
   723    978    844    678
   724    947    868    685
   725    987    831    682
   726    996    813    691
   727    966    861    673
   728    939    884    677
   729    952    851    697
   730    918    883    699
   731    891    842    767
   732    933    852    715
   733    975    813    712
   734    990    847    663
   735    948    909    643
   736    927    901    672
   737    926    881    693
   738    897    871    732
   739    894    858    748
   740    970    821    709
   741    999    794    707
   742   1009    796    695
   743    983    787    730
   744    994    810    696
   745    970    841    689
   746    954    877    669
   747    938    878    684
   748    898    859    743
   749    949    826    725
   750    961    843    696
   751    979    848    673
   752    962    855    683
   753    983    829    688
   754    970    855    675
   755    948    886    666
   756    898    902    700
   757    907    896    697
   758    911    860    729
   759    934    833    733
   760    967    843    690
   761    972    836    692
   762    953    863    684
   763    919    859    722
   764    946    868    686
   765    904    905    691
   766    913    879    708
   767    943    868    689
   768    919    871    710
   769    946    883    671
   770    959    886    655
   771    951    871    678
   772    926    892    682
   773    951    855    694
   774    946    865    689
   775    917    889    694
   776    952    877    671
   777    929    908    663
   778    928    879    693
   779    880    925    695
   780    906    899    695
   781    922    902    676
   782    927    924    649
   783    881    920    699
   784    923    919    658
   785    905    924    671
   786    890    916    694
   787    924    887    689
   788    938    896    666
   789    944    884    672
   790    922    850    728
   791   1006    786    708
   792    991    849    660
   793    955    870    675
   794    953    893    654
   795    954    855    691
   796    913    885    702
   797    937    865    698
   798    923    880    697
   799    912    912    676
   800    901    904    695
   801    929    880    691
   802    912    900    688
   803    913    886    701
   804    909    884    707
   805    936    876    688
   806    929    891    680
   807    936    838    726
   808    960    818    722
   809   1000    804    696
   810   1037    780    683
   811   1011    794    695
   812   1025    814    661
   813   1005    791    704
   814   1024    808    668
   815   1002    854    644
   816    962    887    651
   817    919    955    626
   818    874    944    682
   819    858    933    709
   820    917    883    700
   821    917    914    669
   822    943    916    641
   823    935    886    679
   824    895    880    725
   825    902    851    747
   826    906    851    743
   827    933    869    698
   828    941    881    678
   829    950    872    678
   830    949    829    722
   831    971    822    707
   832    963    820    717
   833    966    834    700
   834    954    858    688
   835    993    835    672
   836    968    857    675
   837    964    875    661
   838    958    848    694
   839    982    827    691
   840   1021    814    665
   841   1007    833    660
   842    950    864    686
   843    934    895    671
   844    908    878    714
   845    940    841    719
   846    949    851    700
   847    951    867    682
   848    945    851    704
   849    934    838    728
   850    934    854    712
   851    940    863    697
   852    948    877    675
   853    928    852    720
   854    925    871    704
   855    912    888    700
   856    907    893    700
   857    942    853    705
   858    908    890    702
   859    935    869    696
   860    906    876    718
   861    929    863    708
   862    909    888    703
   863    960    852    688
   864    943    867    690
   865    954    868    678
   866    912    875    713
   867    892    897    711
   868    902    890    708
   869    929    901    670
   870    923    892    685
   871    925    865    710
   872    954    832    714
   873    950    840    710
   874    964    815    721
   875    913    845    742
   876    938    814    748
   877    920    855    725
   878    916    891    693
   879    907    917    676
   880    900    909    691
   881    902    875    723
   882    937    839    724
   883   1005    811    684
   884    975    840    685
   885    985    850    665
   886    901    913    686
   887    884    901    715
   888    889    911    700
   889    882    918    700
   890    894    885    721
   891    880    865    755
   892    961    836    703
   893    943    879    678
   894    956    852    692
   895    936    863    701
   896    970    869    661
   897    919    880    701
   898    898    876    726
   899    918    833    749
   900    949    821    730
   901    948    837    715
   902    962    846    692
   903    952    850    698
   904    945    834    721
   905    932    860    708
   906    914    876    710
   907    969    844    687
   908    959    878    663
   909    873    933    694
   910    943    855    702
   911    965    867    668
   912    944    841    715
   913    925    870    705
   914    896    887    717
   915    916    867    717
   916    910    860    730
   917    922    850    728
   918    907    885    708
   919    910    834    756
   920    948    845    707
   921    975    820    705
   922   1001    844    655
   923    979    854    667
   924    977    850    673
   925    949    863    688
   926    909    870    721
   927    974    821    705
   928   1011    819    670
   929    987    814    699
   930    998    831    671
   931    944    874    682
   932    961    863    676
   933    952    857    691
   934    989    858    653
   935    965    844    691
   936    922    849    729
   937    968    832    700
   938    980    800    720
   939    986    819    695
   940    968    849    683
   941    977    820    703
   942    960    859    681
   943    937    831    732
   944    944    861    695
   945    900    859    741
   946    974    841    685
   947    958    887    655
   948    923    890    687
   949    928    917    655
   950    903    939    658
   951    896    897    707
   952    901    895    704
   953    900    887    713
   954    927    870    703
   955    939    852    709
   956    979    851    670
   957    975    884    641
   958    940    898    662
   959    957    865    678
   960    927    880    693
   961    933    892    675
   962    921    861    718
   963    950    852    698
   964    952    892    656
   965    944    899    657
   966    938    905    657
   967    927    898    675
   968    964    822    714
   969    993    817    690
   970    969    858    673
   971    989    820    691
   972    983    845    672
   973    961    881    658
   974    922    912    666
   975    934    886    680
   976    967    839    694
   977   1003    821    676
   978   1019    823    658
   979    996    878    626
   980    948    890    662
   981    942    874    684
   982    893    900    707
   983    952    843    705
   984    976    838    686
   985    950    890    660
   986    898    922    680
   987    908    885    707
   988    882    881    737
   989    872    905    723
   990    953    868    679
   991    910    905    685
   992    947    877    676
   993    907    907    686
   994    930    911    659
   995    881    919    700
   996    868    917    715
   997    897    890    713
   998    930    879    691
   999    945    851    704
  1000    916    893    691
