# time (sweeps) | Susceptible | Infected | Recovered
     0   1505    503    492
     1   1512    494    494
     2   1533    474    493
     3   1537    502    461
     4   1540    490    470
     5   1517    517    466
     6   1507    517    476
     7   1472    550    478
     8   1482    534    484
     9   1481    544    475
    10   1471    545    484
    11   1471    517    512
    12   1410    558    532
    13   1439    536    525
    14   1418    544    538
    15   1435    525    540
    16   1433    537    530
    17   1443    555    502
    18   1453    521    526
    19   1496    496    508
    20   1545    480    475
    21   1547    485    468
    22   1519    518    463
    23   1499    526    475
    24   1504    501    495
    25   1463    527    510
    26   1469    534    497
    27   1468    520    512
    28   1507    493    500
    29   1523    506    471
    30   1508    495    497
    31   1491    552    457
    32   1502    519    479
    33   1518    519    463
    34   1501    505    494
    35   1495    511    494
    36   1489    496    515
    37   1495    512    493
    38   1475    529    496
    39   1472    561    467
    40   1489    513    498
    41   1476    554    470
    42   1451    552    497
    43   1438    559    503
    44   1461    552    487
    45   1437    535    528
    46   1474    524    502
    47   1467    569    464
    48   1461    555    484
    49   1478    503    519
    50   1508    489    503
    51   1526    499    475
    52   1534    473    493
    53   1526    482    492
    54   1552    510    438
    55   1518    519    463
    56   1527    511    462
    57   1557    498    445
    58   1536    483    481
    59   1575    462    463
    60   1528    527    445
    61   1473    545    482
    62   1442    559    499
    63   1401    606    493
    64   1425    575    500
    65   1410    568    522
    66   1394    560    546
    67   1368    588    544
    68   1347    616    537
    69   1394    569    537
    70   1396    567    537
    71   1399    583    518
    72   1431    549    520
    73   1431    547    522
    74   1434    532    534
    75   1466    517    517
    76   1453    523    524
    77   1484    493    523
    78   1514    485    501
    79   1529    503    468
    80   1498    526    476
    81   1491    554    455
    82   1449    565    486
    83   1443    550    507
    84   1441    527    532
    85   1441    550    509
    86   1438    538    524
    87   1464    528    508
    88   1410    572    518
    89   1444    530    526
    90   1448    537    515
    91   1448    554    498
    92   1437    565    498
    93   1451    538    511
    94   1443    539    518
    95   1466    526    508
    96   1437    538    525
    97   1454    556    490
    98   1434    570    496
    99   1413    558    529
   100   1425    545    530
   101   1456    532    512
   102   1459    529    512
   103   1435    553    512
   104   1438    561    501
   105   1422    610    468
   106   1381    615    504
   107   1411    547    542
   108   1436    512    552
   109   1469    521    510
   110   1484    495    521
   111   1504    492    504
   112   1532    478    490
   113   1560    462    478
   114   1573    490    437
   115   1564    506    430
   116   1521    528    451
   117   1504    535    461
   118   1517    517    466
   119   1490    545    465
   120   1463    550    487
   121   1469    542    489
   122   1467    508    525
   123   1485    516    499
   124   1477    522    501
   125   1468    506    526
   126   1475    505    520
   127   1509    492    499
   128   1511    526    463
   129   1474    565    461
   130   1490    531    479
   131   1489    515    496
   132   1485    523    492
   133   1458    525    517
   134   1478    547    475
   135   1477    524    499
   136   1519    498    483
   137   1499    497    504
   138   1506    507    487
   139   1459    539    502
   140   1465    537    498
   141   1468    545    487
   142   1462    522    516
   143   1470    512    518
   144   1511    482    507
   145   1494    520    486
   146   1489    509    502
   147   1490    484    526
   148   1485    509    506
   149   1512    489    499
   150   1491    507    502
   151   1536    493    471
   152   1509    506    485
   153   1513    516    471
   154   1509    532    459
   155   1520    516    464
   156   1498    503    499
   157   1502    513    485
   158   1498    505    497
   159   1504    480    516
   160   1510    514    476
   161   1493    526    481
   162   1474    524    502
   163   1481    511    508
   164   1478    516    506
   165   1494    512    494
   166   1508    540    452
   167   1501    548    451
   168   1477    555    468
   169   1508    514    478
   170   1484    543    473
   171   1476    565    459
   172   1495    564    441
   173   1506    543    451
   174   1461    534    505
   175   1478    541    481
   176   1479    525    496
   177   1475    522    503
   178   1460    541    499
   179   1490    505    505
   180   1523    511    466
   181   1489    560    451
   182   1449    565    486
   183   1448    567    485
   184   1472    532    496
   185   1495    517    488
   186   1491    538    471
   187   1411    582    507
   188   1387    601    512
   189   1400    585    515
   190   1414    547    539
   191   1419    532    549
   192   1463    507    530
   193   1455    548    497
   194   1447    548    505
   195   1456    539    505
   196   1468    501    531
   197   1488    511    501
   198   1503    495    502
   199   1517    498    485
   200   1534    496    470
   201   1544    511    445
   202   1482    553    465
   203   1481    533    486
   204   1509    519    472
   205   1516    513    471
   206   1516    515    469
   207   1496    511    493
   208   1499    511    490
   209   1483    512    505
   210   1486    512    502
   211   1509    513    478
   212   1514    501    485
   213   1503    512    485
   214   1491    524    485
   215   1479    528    493
   216   1470    513    517
   217   1468    502    530
   218   1510    487    503
   219   1486    527    487
   220   1437    556    507
   221   1427    540    533
   222   1438    543    519
   223   1410    559    531
   224   1398    563    539
   225   1418    543    539
   226   1410    562    528
   227   1454    539    507
   228   1436    533    531
   229   1469    513    518
   230   1493    484    523
   231   1495    494    511
   232   1481    530    489
   233   1487    508    505
   234   1501    528    471
   235   1507    507    486
   236   1487    534    479
   237   1482    547    471
   238   1490    475    535
   239   1541    462    497
   240   1571    460    469
   241   1586    475    439
   242   1532    519    449
   243   1491    542    467
   244   1474    555    471
   245   1465    550    485
   246   1442    575    483
   247   1432    545    523
   248   1417    557    526
   249   1408    584    508
   250   1405    573    522
   251   1395    562    543
   252   1399    539    562
   253   1433    533    534
   254   1454    525    521
   255   1456    542    502
   256   1486    524    490
   257   1444    555    501
   258   1472    540    488
   259   1448    541    511
   260   1464    540    496
   261   1488    513    499
   262   1480    539    481
   263   1462    535    503
   264   1472    532    496
   265   1447    538    515
   266   1467    540    493
   267   1438    547    515
   268   1475    517    508
   269   1492    516    492
   270   1463    550    487
   271   1449    550    501
   272   1443    556    501
   273   1448    559    493
   274   1430    536    534
   275   1455    521    524
   276   1497    516    487
   277   1449    559    492
   278   1435    549    516
   279   1454    531    515
   280   1472    509    519
   281   1489    500    511
   282   1463    539    498
   283   1511    517    472
   284   1471    554    475
   285   1470    531    499
   286   1499    518    483
   287   1550    492    458
   288   1499    495    506
   289   1503    490    507
   290   1513    472    515
   291   1563    436    501
   292   1554    444    502
   293   1588    445    467
   294   1588    462    450
   295   1610    470    420
   296   1579    486    435
   297   1601    473    426
   298   1572    488    440
   299   1528    517    455
   300   1516    506    478
   301   1489    546    465
   302   1476    556    468
   303   1456    572    472
   304   1424    575    501
   305   1435    565    500
   306   1462    516    522
   307   1494    493    513
   308   1513    497    490
   309   1511    479    510
   310   1534    492    474
   311   1487    503    510
   312   1501    529    470
   313   1487    522    491
   314   1494    515    491
   315   1545    468    487
   316   1575    442    483
   317   1645    431    424
   318   1612    471    417
   319   1599    478    423
   320   1581    507    412
   321   1540    507    453
   322   1563    468    469
   323   1553    479    468
   324   1560    491    449
   325   1526    515    459
   326   1519    520    461
   327   1507    525    468
   328   1522    517    461
   329   1524    512    464
   330   1508    509    483
   331   1494    511    495
   332   1513    503    484
   333   1518    510    472
   334   1450    580    470
   335   1414    571    515
   336   1421    560    519
   337   1425    552    523
   338   1454    506    540
   339   1433    534    533
   340   1461    529    510
   341   1440    517    543
   342   1486    510    504
   343   1500    515    485
   344   1498    526    476
   345   1457    555    488
   346   1457    536    507
   347   1407    569    524
   348   1421    540    539
   349   1426    531    543
   350   1449    539    512
   351   1457    531    512
   352   1462    533    505
   353   1459    535    506
   354   1485    542    473
   355   1471    544    485
   356   1434    544    522
   357   1424    535    541
   358   1426    548    526
   359   1409    554    537
   360   1445    543    512
   361   1435    517    548
   362   1472    513    515
   363   1490    539    471
   364   1473    526    501
   365   1461    515    524
   366   1499    512    489
   367   1528    494    478
   368   1540    493    467
   369   1558    494    448
   370   1569    480    451
   371   1544    503    453
   372   1531    496    473
   373   1526    517    457
   374   1529    526    445
   375   1534    516    450
   376   1511    530    459
   377   1499    518    483
   378   1502    508    490
   379   1518    511    471
   380   1543    490    467
   381   1540    497    463
   382   1570    462    468
   383   1565    472    463
   384   1577    468    455
   385   1568    496    436
   386   1566    499    435
   387   1580    475    445
   388   1587    467    446
   389   1581    476    443
   390   1577    485    438
   391   1596    457    447
   392   1561    492    447
   393   1584    476    440
   394   1557    479    464
   395   1568    453    479
   396   1571    456    473
   397   1584    466    450
   398   1607    436    457
   399   1621    435    444
   400   1614    456    430
   401   1612    435    453
   402   1626    439    435
   403   1634    431    435
   404   1625    422    453
   405   1643    416    441
   406   1601    460    439
   407   1615    459    426
   408   1630    457    413
   409   1624    453    423
   410   1585    507    408
   411   1545    520    435
   412   1546    493    461
   413   1515    510    475
   414   1520    486    494
   415   1534    496    470
   416   1537    491    472
   417   1559    505    436
   418   1529    509    462
   419   1522    499    479
   420   1521    502    477
   421   1527    482    491
   422   1554    483    463
   423   1545    484    471
   424   1536    489    475
   425   1546    489    465
   426   1527    523    450
   427   1493    526    481
   428   1485    524    491
   429   1490    531    479
   430   1489    530    481
   431   1518    496    486
   432   1534    497    469
   433   1518    482    500
   434   1553    473    474
   435   1598    450    452
   436   1584    472    444
   437   1620    439    441
   438   1603    452    445
   439   1582    457    461
   440   1560    486    454
   441   1550    492    458
   442   1540    518    442
   443   1524    498    478
   444   1531    498    471
   445   1547    462    491
   446   1532    500    468
   447   1566    464    470
   448   1575    481    444
   449   1538    497    465
   450   1552    473    475
   451   1558    471    471
   452   1572    445    483
   453   1590    457    453
   454   1612    439    449
   455   1623    458    419
   456   1596    479    425
   457   1579    483    438
   458   1551    524    425
   459   1512    514    474
   460   1506    505    489
   461   1579    429    492
   462   1584    436    480
   463   1587    448    465
   464   1608    451    441
   465   1575    483    442
   466   1534    528    438
   467   1527    511    462
   468   1536    488    476
   469   1565    458    477
   470   1518    504    478
   471   1538    484    478
   472   1580    454    466
   473   1569    472    459
   474   1573    494    433
   475   1547    513    440
   476   1528    522    450
   477   1504    508    488
   478   1505    508    487
   479   1456    538    506
   480   1481    530    489
   481   1467    547    486
   482   1487    537    476
   483   1453    574    473
   484   1458    550    492
   485   1478    502    520
   486   1481    532    487
   487   1441    553    506
   488   1477    522    501
   489   1463    522    515
   490   1489    509    502
   491   1480    505    515
   492   1452    528    520
   493   1462    534    504
   494   1490    518    492
   495   1502    533    465
   496   1520    528    452
   497   1517    518    465
   498   1524    522    454
   499   1521    523    456
   500   1501    543    456
   501   1439    559    502
   502   1461    531    508
   503   1456    529    515
   504   1492    494    514
   505   1510    482    508
   506   1574    453    473
   507   1541    515    444
   508   1511    511    478
   509   1496    544    460
   510   1473    558    469
   511   1419    574    507
   512   1409    540    551
   513   1427    547    526
   514   1459    533    508
   515   1516    504    480
   516   1488    521    491
   517   1510    489    501
   518   1503    500    497
   519   1513    511    476
   520   1468    564    468
   521   1446    591    463
   522   1440    557    503
   523   1429    566    505
   524   1475    502    523
   525   1491    490    519
   526   1539    480    481
   527   1538    480    482
   528   1547    499    454
   529   1549    518    433
   530   1499    549    452
   531   1490    535    475
   532   1494    508    498
   533   1524    495    481
   534   1548    504    448
   535   1528    523    449
   536   1524    499    477
   537   1506    521    473
   538   1530    492    478
   539   1550    469    481
   540   1555    474    471
   541   1546    467    487
   542   1569    463    468
   543   1576    461    463
   544   1576    481    443
   545   1516    537    447
   546   1492    516    492
   547   1474    530    496
   548   1450    531    519
   549   1494    515    491
   550   1484    548    468
   551   1457    565    478
   552   1411    585    504
   553   1386    573    541
   554   1449    519    532
   555   1463    531    506
   556   1448    509    543
   557   1501    489    510
   558   1537    481    482
   559   1530    510    460
   560   1521    510    469
   561   1550    443    507
   562   1555    471    474
   563   1546    501    453
   564   1554    482    464
   565   1554    504    442
   566   1561    487    452
   567   1575    480    445
   568   1558    494    448
   569   1517    523    460
   570   1467    547    486
   571   1470    531    499
   572   1471    507    522
   573   1505    491    504
   574   1515    491    494
   575   1557    496    447
   576   1525    512    463
   577   1557    503    440
   578   1494    552    454
   579   1474    550    476
   580   1479    520    501
   581   1447    522    531
   582   1485    497    518
   583   1472    541    487
   584   1493    498    509
   585   1502    498    500
   586   1517    491    492
   587   1505    507    488
   588   1519    474    507
   589   1485    506    509
   590   1519    488    493
   591   1514    495    491
   592   1516    486    498
   593   1548    469    483
   594   1575    471    454
   595   1503    509    488
   596   1488    513    499
   597   1517    486    497
   598   1537    460    503
   599   1542    459    499
   600   1577    443    480
   601   1620    409    471
   602   1645    425    430
   603   1657    395    448
   604   1650    444    406
   605   1635    474    391
   606   1616    484    400
   607   1609    488    403
   608   1578    496    426
   609   1577    483    440
   610   1602    465    433
   611   1548    507    445
   612   1581    473    446
   613   1538    498    464
   614   1507    516    477
   615   1478    536    486
   616   1483    527    490
   617   1480    514    506
   618   1455    540    505
   619   1481    526    493
   620   1498    510    492
   621   1509    510    481
   622   1515    519    466
   623   1534    503    463
   624   1468    526    506
   625   1499    491    510
   626   1488    512    500
   627   1511    511    478
   628   1537    483    480
   629   1534    515    451
   630   1547    484    469
   631   1607    444    449
   632   1606    445    449
   633   1544    504    452
   634   1533    499    468
   635   1566    466    468
   636   1540    504    456
   637   1574    505    421
   638   1518    530    452
   639   1495    496    509
   640   1504    496    500
   641   1514    475    511
   642   1485    501    514
   643   1488    523    489
   644   1513    501    486
   645   1575    443    482
   646   1560    499    441
   647   1552    502    446
   648   1574    507    419
   649   1542    505    453
   650   1508    507    485
   651   1454    549    497
   652   1478    530    492
   653   1474    520    506
   654   1499    495    506
   655   1489    535    476
   656   1504    526    470
   657   1459    549    492
   658   1439    580    481
   659   1454    569    477
   660   1451    535    514
   661   1477    492    531
   662   1497    489    514
   663   1482    501    517
   664   1509    505    486
   665   1530    488    482
   666   1499    508    493
   667   1512    510    478
   668   1474    545    481
   669   1465    574    461
   670   1412    594    494
   671   1399    575    526
   672   1408    528    564
   673   1437    524    539
   674   1445    521    534
   675   1499    478    523
   676   1551    456    493
   677   1567    464    469
   678   1537    489    474
   679   1514    529    457
   680   1491    510    499
   681   1477    541    482
   682   1459    546    495
   683   1457    548    495
   684   1457    536    507
   685   1429    539    532
   686   1486    496    518
   687   1499    519    482
   688   1505    516    479
   689   1484    498    518
   690   1491    505    504
   691   1491    505    504
   692   1496    509    495
   693   1524    488    488
   694   1531    493    476
   695   1559    463    478
   696   1585    465    450
   697   1549    496    455
   698   1528    502    470
   699   1518    492    490
   700   1529    484    487
   701   1484    509    507
   702   1523    480    497
   703   1553    471    476
   704   1530    487    483
   705   1581    457    462
   706   1592    455    453
   707   1570    482    448
   708   1531    507    462
   709   1544    464    492
   710   1555    454    491
   711   1563    481    456
   712   1537    507    456
   713   1530    515    455
   714   1494    523    483
   715   1494    513    493
   716   1491    494    515
   717   1499    496    505
   718   1548    471    481
   719   1555    448    497
   720   1555    468    477
   721   1550    484    466
   722   1544    493    463
   723   1538    460    502
   724   1570    458    472
   725   1571    484    445
   726   1552    507    441
   727   1559    513    428
   728   1532    548    420
   729   1481    525    494
   730   1451    536    513
   731   1460    514    526
   732   1505    478    517
   733   1532    493    475
   734   1504    513    483
   735   1533    488    479
   736   1531    456    513
   737   1547    461    492
   738   1529    466    505
   739   1535    488    477
   740   1504    501    495
   741   1460    537    503
   742   1474    538    488
   743   1480    521    499
   744   1483    497    520
   745   1451    529    520
   746   1494    493    513
   747   1532    468    500
   748   1545    479    476
   749   1581    448    471
   750   1542    490    468
   751   1523    512    465
   752   1521    536    443
   753   1495    531    474
   754   1520    492    488
   755   1539    492    469
   756   1555    474    471
   757   1566    485    449
   758   1513    529    458
   759   1510    514    476
   760   1523    498    479
   761   1484    518    498
   762   1510    489    501
   763   1514    510    476
   764   1520    517    463
   765   1485    546    469
   766   1461    540    499
   767   1471    509    520
   768   1475    508    517
   769   1504    499    497
   770   1530    493    477
   771   1499    521    480
   772   1527    512    461
   773   1524    493    483
   774   1556    473    471
   775   1569    480    451
   776   1556    496    448
   777   1522    504    474
   778   1517    489    494
   779   1541    484    475
   780   1508    497    495
   781   1504    509    487
   782   1480    519    501
   783   1483    530    487
   784   1466    538    496
   785   1457    504    539
   786   1482    507    511
   787   1497    507    496
   788   1537    504    459
   789   1537    485    478
   790   1549    481    470
   791   1579    491    430
   792   1588    433    479
   793   1609    440    451
   794   1636    421    443
   795   1626    446    428
   796   1653    426    421
   797   1646    443    411
   798   1649    429    422
   799   1664    427    409
   800   1658    405    437
   801   1657    434    409
   802   1671    425    404
   803   1623    475    402
   804   1611    452    437
   805   1595    460    445
   806   1559    480    461
   807   1503    538    459
   808   1489    529    482
   809   1480    514    506
   810   1503    506    491
   811   1517    502    481
   812   1527    509    464
   813   1499    529    472
   814   1489    508    503
   815   1486    509    505
   816   1461    538    501
   817   1487    510    503
   818   1488    529    483
   819   1473    544    483
   820   1488    516    496
   821   1466    533    501
   822   1417    574    509
   823   1416    562    522
   824   1394    566    540
   825   1418    544    538
   826   1443    515    542
   827   1447    545    508
   828   1457    524    519
   829   1472    494    534
   830   1493    502    505
   831   1507    507    486
   832   1537    480    483
   833   1552    462    486
   834   1584    445    471
   835   1589    445    466
   836   1557    506    437
   837   1528    521    451
   838   1512    528    460
   839   1477    555    468
   840   1461    535    504
   841   1450    557    493
   842   1456    527    517
   843   1480    515    505
   844   1503    517    480
   845   1488    533    479
   846   1481    527    492
   847   1447    553    500
   848   1441    534    525
   849   1423    561    516
   850   1410    573    517
   851   1406    549    545
   852   1418    529    553
   853   1449    532    519
   854   1455    524    521
   855   1474    499    527
   856   1492    489    519
   857   1501    479    520
   858   1518    490    492
   859   1509    487    504
   860   1508    508    484
   861   1491    518    491
   862   1461    559    480
   863   1454    557    489
   864   1417    568    515
   865   1404    581    515
   866   1391    575    534
   867   1392    570    538
   868   1421    538    541
   869   1448    518    534
   870   1472    513    515
   871   1427    526    547
   872   1425    534    541
   873   1435    551    514
   874   1434    542    524
   875   1440    546    514
   876   1448    534    518
   877   1454    530    516
   878   1469    526    505
   879   1490    520    490
   880   1491    527    482
   881   1487    556    457
   882   1449    542    509
   883   1471    521    508
   884   1444    556    500
   885   1423    563    514
   886   1458    550    492
   887   1438    589    473
   888   1421    559    520
   889   1442    544    514
   890   1508    485    507
   891   1517    489    494
   892   1512    499    489
   893   1518    487    495
   894   1570    474    456
   895   1566    472    462
   896   1567    458    475
   897   1584    458    458
   898   1604    431    465
   899   1588    443    469
   900   1605    456    439
   901   1592    451    457
   902   1563    478    459
   903   1565    452    483
   904   1607    439    454
   905   1620    442    438
   906   1605    436    459
   907   1637    437    426
   908   1616    439    445
   909   1593    465    442
   910   1577    498    425
   911   1550    499    451
   912   1563    482    455
   913   1590    462    448
   914   1639    438    423
   915   1601    483    416
   916   1585    460    455
   917   1554    484    462
   918   1544    471    485
   919   1549    483    468
   920   1541    476    483
   921   1564    442    494
   922   1603    445    452
   923   1639    419    442
   924   1666    433    401
   925   1635    456    409
   926   1621    449    430
   927   1651    444    405
   928   1611    471    418
   929   1578    496    426
   930   1571    486    443
   931   1536    488    476
   932   1559    463    478
   933   1513    508    479
   934   1493    558    449
   935   1468    554    478
   936   1485    540    475
   937   1459    528    513
   938   1495    523    482
   939   1460    538    502
   940   1456    507    537
   941   1495    503    502
   942   1499    498    503
   943   1513    477    510
   944   1533    466    501
   945   1579    459    462
   946   1587    476    437
   947   1557    488    455
   948   1530    508    462
   949   1562    512    426
   950   1506    535    459
   951   1469    573    458
   952   1463    564    473
   953   1414    565    521
   954   1406    569    525
   955   1385    583    532
   956   1386    570    544
   957   1364    561    575
   958   1355    621    524
   959   1367    583    550
   960   1399    514    587
   961   1421    524    555
   962   1462    493    545
   963   1546    462    492
   964   1527    466    507
   965   1582    422    496
   966   1576    480    444
   967   1572    472    456
   968   1617    425    458
   969   1617    451    432
   970   1595    473    432
   971   1606    475    419
   972   1560    475    465
   973   1567    466    467
   974   1541    447    512
   975   1572    467    461
   976   1539    484    477
   977   1562    474    464
   978   1571    492    437
   979   1582    475    443
   980   1565    479    456
   981   1525    514    461
   982   1533    484    483
   983   1553    493    454
   984   1565    488    447
   985   1517    521    462
   986   1528    512    460
   987   1533    511    456
   988   1500    545    455
   989   1505    532    463
   990   1482    514    504
   991   1500    484    516
   992   1509    523    468
   993   1487    536    477
   994   1458    549    493
   995   1493    513    494
   996   1458    546    496
   997   1469    547    484
   998   1470    539    491
   999   1464    541    495
  1000   1434    567    499
