# time (sweeps) | Susceptible | Infected | Recovered
     0   1147    884    469
     1   1152    870    478
     2   1156    889    455
     3   1140    892    468
     4   1221    849    430
     5   1179    879    442
     6   1146    885    469
     7   1184    856    460
     8   1187    843    470
     9   1209    861    430
    10   1209    864    427
    11   1187    877    436
    12   1209    865    426
    13   1195    847    458
    14   1148    876    476
    15   1201    832    467
    16   1209    824    467
    17   1200    838    462
    18   1215    820    465
    19   1226    836    438
    20   1214    857    429
    21   1178    866    456
    22   1156    882    462
    23   1171    853    476
    24   1166    876    458
    25   1140    894    466
    26   1091    930    479
    27   1143    906    451
    28   1181    853    466
    29   1191    838    471
    30   1237    817    446
    31   1193    841    466
    32   1190    830    480
    33   1206    811    483
    34   1181    843    476
    35   1212    823    465
    36   1156    886    458
    37   1129    916    455
    38   1200    869    431
    39   1157    900    443
    40   1175    870    455
    41   1173    858    469
    42   1184    854    462
    43   1201    836    463
    44   1199    851    450
    45   1157    891    452
    46   1193    838    469
    47   1185    842    473
    48   1182    857    461
    49   1215    855    430
    50   1174    868    458
    51   1118    895    487
    52   1099    893    508
    53   1169    866    465
    54   1190    824    486
    55   1245    824    431
    56   1190    866    444
    57   1173    853    474
    58   1223    828    449
    59   1173    873    454
    60   1167    842    491
    61   1214    813    473
    62   1183    849    468
    63   1229    837    434
    64   1189    857    454
    65   1145    894    461
    66   1199    831    470
    67   1220    824    456
    68   1190    869    441
    69   1177    869    454
    70   1159    877    464
    71   1181    865    454
    72   1150    873    477
    73   1223    835    442
    74   1170    883    447
    75   1197    855    448
    76   1208    835    457
    77   1226    809    465
    78   1227    815    458
    79   1237    798    465
    80   1229    830    441
    81   1313    752    435
    82   1306    762    432
    83   1281    818    401
    84   1198    891    411
    85   1184    878    438
    86   1210    846    444
    87   1188    854    458
    88   1124    906    470
    89   1175    829    496
    90   1177    844    479
    91   1211    832    457
    92   1180    855    465
    93   1250    804    446
    94   1286    773    441
    95   1259    823    418
    96   1289    771    440
    97   1238    832    430
    98   1206    853    441
    99   1178    881    441
   100   1180    874    446
   101   1172    857    471
   102   1162    897    441
   103   1183    887    430
   104   1206    824    470
   105   1231    811    458
   106   1237    812    451
   107   1224    818    458
   108   1205    843    452
   109   1174    870    456
   110   1142    862    496
   111   1224    819    457
   112   1190    854    456
   113   1231    782    487
   114   1227    819    454
   115   1201    838    461
   116   1232    819    449
   117   1241    808    451
   118   1234    840    426
   119   1229    814    457
   120   1267    793    440
   121   1220    843    437
   122   1228    847    425
   123   1214    857    429
   124   1186    863    451
   125   1137    919    444
   126   1204    838    458
   127   1214    829    457
   128   1239    776    485
   129   1279    749    472
   130   1258    800    442
   131   1209    825    466
   132   1198    853    449
   133   1168    878    454
   134   1185    841    474
   135   1239    778    483
   136   1211    855    434
   137   1201    854    445
   138   1188    880    432
   139   1229    811    460
   140   1176    866    458
   141   1177    869    454
   142   1155    838    507
   143   1206    835    459
   144   1170    885    445
   145   1139    880    481
   146   1151    844    505
   147   1217    823    460
   148   1216    841    443
   149   1170    871    459
   150   1169    859    472
   151   1238    821    441
   152   1236    831    433
   153   1210    838    452
   154   1222    807    471
   155   1265    775    460
   156   1264    785    451
   157   1238    807    455
   158   1244    802    454
   159   1224    817    459
   160   1210    851    439
   161   1221    841    438
   162   1177    849    474
   163   1231    827    442
   164   1209    841    450
   165   1215    846    439
   166   1167    880    453
   167   1203    833    464
   168   1255    820    425
   169   1282    789    429
   170   1244    823    433
   171   1203    821    476
   172   1200    819    481
   173   1191    849    460
   174   1177    851    472
   175   1185    849    466
   176   1205    825    470
   177   1208    845    447
   178   1225    850    425
   179   1205    864    431
   180   1198    859    443
   181   1170    874    456
   182   1163    847    490
   183   1211    853    436
   184   1190    822    488
   185   1218    856    426
   186   1223    874    403
   187   1198    861    441
   188   1186    870    444
   189   1191    851    458
   190   1152    894    454
   191   1152    905    443
   192   1147    852    501
   193   1213    820    467
   194   1199    807    494
   195   1282    750    468
   196   1256    786    458
   197   1214    802    484
   198   1228    800    472
   199   1241    836    423
   200   1219    846    435
   201   1228    840    432
   202   1231    801    468
   203   1224    809    467
   204   1201    825    474
   205   1212    842    446
   206   1196    853    451
   207   1211    866    423
   208   1184    887    429
   209   1138    904    458
   210   1210    819    471
   211   1178    857    465
   212   1215    825    460
   213   1165    847    488
   214   1220    825    455
   215   1221    829    450
   216   1191    824    485
   217   1227    820    453
   218   1200    825    475
   219   1217    829    454
   220   1188    834    478
   221   1209    842    449
   222   1213    869    418
   223   1201    853    446
   224   1162    874    464
   225   1166    890    444
   226   1195    853    452
   227   1207    814    479
   228   1227    825    448
   229   1232    822    446
   230   1205    838    457
   231   1231    838    431
   232   1257    810    433
   233   1246    824    430
   234   1258    798    444
   235   1187    864    449
   236   1196    859    445
   237   1126    912    462
   238   1128    882    490
   239   1112    910    478
   240   1189    858    453
   241   1190    869    441
   242   1215    809    476
   243   1215    814    471
   244   1216    821    463
   245   1202    838    460
   246   1197    872    431
   247   1180    857    463
   248   1201    819    480
   249   1246    806    448
   250   1170    870    460
   251   1198    832    470
   252   1192    859    449
   253   1180    874    446
   254   1176    892    432
   255   1128    913    459
   256   1152    890    458
   257   1162    887    451
   258   1120    920    460
   259   1135    852    513
   260   1173    839    488
   261   1238    804    458
   262   1213    872    415
   263   1231    837    432
   264   1222    817    461
   265   1248    814    438
   266   1247    811    442
   267   1248    809    443
   268   1251    786    463
   269   1242    805    453
   270   1238    791    471
   271   1196    838    466
   272   1193    848    459
   273   1215    849    436
   274   1193    873    434
   275   1159    875    466
   276   1209    854    437
   277   1216    826    458
   278   1227    836    437
   279   1194    881    425
   280   1144    877    479
   281   1164    882    454
   282   1150    864    486
   283   1150    855    495
   284   1160    862    478
   285   1180    838    482
   286   1172    843    485
   287   1226    804    470
   288   1185    850    465
   289   1211    836    453
   290   1161    846    493
   291   1173    851    476
   292   1182    826    492
   293   1159    889    452
   294   1193    882    425
   295   1183    886    431
   296   1175    877    448
   297   1190    893    417
   298   1169    861    470
   299   1246    806    448
   300   1249    828    423
   301   1245    806    449
   302   1213    856    431
   303   1254    844    402
   304   1181    878    441
   305   1175    853    472
   306   1226    810    464
   307   1221    804    475
   308   1206    833    461
   309   1225    855    420
   310   1211    842    447
   311   1180    860    460
   312   1154    874    472
   313   1183    881    436
   314   1183    866    451
   315   1211    851    438
   316   1205    833    462
   317   1210    839    451
   318   1180    875    445
   319   1206    844    450
   320   1149    881    470
   321   1190    857    453
   322   1164    860    476
   323   1231    812    457
   324   1213    851    436
   325   1260    786    454
   326   1162    867    471
   327   1139    872    489
   328   1186    853    461
   329   1211    879    410
   330   1134    890    476
   331   1176    869    455
   332   1186    875    439
   333   1184    837    479
   334   1163    872    465
   335   1224    803    473
   336   1218    816    466
   337   1204    805    491
   338   1248    805    447
   339   1156    891    453
   340   1185    872    443
   341   1175    854    471
   342   1139    901    460
   343   1214    838    448
   344   1173    890    437
   345   1168    837    495
   346   1231    767    502
   347   1194    842    464
   348   1202    852    446
   349   1186    863    451
   350   1228    828    444
   351   1193    838    469
   352   1208    843    449
   353   1179    876    445
   354   1230    837    433
   355   1222    833    445
   356   1217    860    423
   357   1141    907    452
   358   1148    867    485
   359   1203    852    445
   360   1153    899    448
   361   1196    820    484
   362   1204    847    449
   363   1176    868    456
   364   1144    876    480
   365   1177    845    478
   366   1201    846    453
   367   1215    813    472
   368   1205    836    459
   369   1187    863    450
   370   1213    853    434
   371   1221    822    457
   372   1216    815    469
   373   1220    842    438
   374   1155    886    459
   375   1183    899    418
   376   1180    866    454
   377   1194    869    437
   378   1219    814    467
   379   1203    829    468
   380   1210    836    454
   381   1227    828    445
   382   1202    824    474
   383   1179    848    473
   384   1170    856    474
   385   1245    810    445
   386   1211    839    450
   387   1175    862    463
   388   1178    870    452
   389   1199    840    461
   390   1213    829    458
   391   1172    852    476
   392   1224    797    479
   393   1228    802    470
   394   1255    769    476
   395   1270    785    445
   396   1242    817    441
   397   1189    843    468
   398   1172    843    485
   399   1212    829    459
   400   1148    881    471
   401   1168    846    486
   402   1195    847    458
   403   1190    875    435
   404   1216    821    463
   405   1244    816    440
   406   1207    850    443
   407   1202    850    448
   408   1219    859    422
   409   1247    837    416
   410   1213    859    428
   411   1176    902    422
   412   1163    857    480
   413   1176    831    493
   414   1165    880    455
   415   1237    839    424
   416   1184    847    469
   417   1198    857    445
   418   1255    820    425
   419   1245    799    456
   420   1232    827    441
   421   1178    896    426
   422   1142    842    516
   423   1193    831    476
   424   1186    843    471
   425   1177    879    444
   426   1221    821    458
   427   1258    775    467
   428   1237    817    446
   429   1192    856    452
   430   1191    834    475
   431   1203    818    479
   432   1287    797    416
   433   1215    857    428
   434   1228    837    435
   435   1191    865    444
   436   1225    815    460
   437   1285    780    435
   438   1266    810    424
   439   1189    883    428
   440   1146    891    463
   441   1153    874    473
   442   1205    848    447
   443   1234    827    439
   444   1235    828    437
   445   1232    827    441
   446   1232    812    456
   447   1198    867    435
   448   1192    855    453
   449   1163    887    450
   450   1197    837    466
   451   1179    855    466
   452   1201    833    466
   453   1160    855    485
   454   1216    837    447
   455   1233    815    452
   456   1193    838    469
   457   1185    870    445
   458   1220    852    428
   459   1179    853    468
   460   1161    873    466
   461   1193    819    488
   462   1204    817    479
   463   1216    812    472
   464   1210    835    455
   465   1195    858    447
   466   1205    841    454
   467   1164    872    464
   468   1190    850    460
   469   1243    827    430
   470   1237    844    419
   471   1161    887    452
   472   1183    842    475
   473   1232    800    468
   474   1267    782    451
   475   1287    790    423
   476   1195    866    439
   477   1169    862    469
   478   1182    835    483
   479   1276    773    451
   480   1202    859    439
   481   1196    855    449
   482   1196    856    448
   483   1178    859    463
   484   1189    863    448
   485   1224    823    453
   486   1188    843    469
   487   1202    823    475
   488   1297    771    432
   489   1228    846    426
   490   1200    820    480
   491   1224    803    473
   492   1258    768    474
   493   1241    819    440
   494   1247    812    441
   495   1191    820    489
   496   1199    788    513
   497   1258    807    435
   498   1247    783    470
   499   1258    798    444
   500   1257    812    431
   501   1226    841    433
   502   1156    893    451
   503   1134    869    497
   504   1188    838    474
   505   1173    870    457
   506   1195    829    476
   507   1224    827    449
   508   1177    850    473
   509   1192    885    423
   510   1196    850    454
   511   1208    846    446
   512   1233    814    453
   513   1215    824    461
   514   1220    824    456
   515   1205    847    448
   516   1199    859    442
   517   1180    894    426
   518   1131    889    480
   519   1169    860    471
   520   1168    873    459
   521   1216    824    460
   522   1168    876    456
   523   1148    911    441
   524   1164    869    467
   525   1185    866    449
   526   1218    842    440
   527   1240    845    415
   528   1190    878    432
   529   1222    838    440
   530   1216    837    447
   531   1205    822    473
   532   1246    795    459
   533   1224    838    438
   534   1247    796    457
   535   1231    788    481
   536   1200    821    479
   537   1253    799    448
   538   1214    819    467
   539   1193    868    439
   540   1169    872    459
   541   1210    855    435
   542   1195    830    475
   543   1267    785    448
   544   1276    782    442
   545   1234    817    449
   546   1200    840    460
   547   1248    817    435
   548   1175    858    467
   549   1184    856    460
   550   1164    856    480
   551   1185    811    504
   552   1198    815    487
   553   1173    844    483
   554   1191    816    493
   555   1191    836    473
   556   1185    842    473
   557   1206    833    461
   558   1240    806    454
   559   1183    830    487
   560   1225    851    424
   561   1171    885    444
   562   1171    865    464
   563   1169    857    474
   564   1158    856    486
   565   1148    861    491
   566   1184    821    495
   567   1244    794    462
   568   1192    843    465
   569   1177    883    440
   570   1226    846    428
   571   1200    860    440
   572   1218    827    455
   573   1192    845    463
   574   1226    825    449
   575   1202    863    435
   576   1215    826    459
   577   1189    852    459
   578   1183    859    458
   579   1210    852    438
   580   1226    846    428
   581   1194    883    423
   582   1155    857    488
   583   1159    869    472
   584   1195    848    457
   585   1166    881    453
   586   1159    889    452
   587   1162    888    450
   588   1174    827    499
   589   1169    863    468
   590   1173    832    495
   591   1206    823    471
   592   1236    841    423
   593   1179    858    463
   594   1157    873    470
   595   1111    887    502
   596   1180    801    519
   597   1195    828    477
   598   1168    852    480
   599   1202    844    454
   600   1216    826    458
   601   1221    829    450
   602   1209    850    441
   603   1219    819    462
   604   1216    830    454
   605   1234    835    431
   606   1159    873    468
   607   1153    851    496
   608   1230    797    473
   609   1245    826    429
   610   1207    853    440
   611   1183    871    446
   612   1190    817    493
   613   1231    821    448
   614   1238    795    467
   615   1210    817    473
   616   1196    830    474
   617   1253    793    454
   618   1239    844    417
   619   1235    827    438
   620   1191    862    447
   621   1152    878    470
   622   1177    844    479
   623   1187    837    476
   624   1289    764    447
   625   1272    765    463
   626   1292    766    442
   627   1267    797    436
   628   1181    858    461
   629   1174    864    462
   630   1191    839    470
   631   1197    822    481
   632   1240    800    460
   633   1219    829    452
   634   1187    872    441
   635   1197    843    460
   636   1242    826    432
   637   1177    866    457
   638   1187    879    434
   639   1185    847    468
   640   1216    820    464
   641   1218    820    462
   642   1137    895    468
   643   1177    850    473
   644   1217    827    456
   645   1245    842    413
   646   1239    837    424
   647   1184    871    445
   648   1197    837    466
   649   1234    795    471
   650   1271    788    441
   651   1248    830    422
   652   1214    854    432
   653   1210    824    466
   654   1179    862    459
   655   1128    894    478
   656   1152    847    501
   657   1187    821    492
   658   1233    809    458
   659   1226    820    454
   660   1248    762    490
   661   1228    829    443
   662   1176    848    476
   663   1212    818    470
   664   1191    838    471
   665   1187    843    470
   666   1209    831    460
   667   1195    877    428
   668   1170    843    487
   669   1222    840    438
   670   1233    843    424
   671   1219    846    435
   672   1235    847    418
   673   1229    837    434
   674   1210    857    433
   675   1257    815    428
   676   1211    804    485
   677   1217    839    444
   678   1258    843    399
   679   1214    870    416
   680   1248    835    417
   681   1162    934    404
   682   1157    877    466
   683   1115    890    495
   684   1186    853    461
   685   1187    844    469
   686   1189    847    464
   687   1193    842    465
   688   1186    851    463
   689   1183    850    467
   690   1216    810    474
   691   1176    828    496
   692   1226    806    468
   693   1211    854    435
   694   1233    822    445
   695   1200    874    426
   696   1134    888    478
   697   1180    844    476
   698   1190    860    450
   699   1171    877    452
   700   1137    878    485
   701   1178    845    477
   702   1219    843    438
   703   1130    873    497
   704   1180    842    478
   705   1179    850    471
   706   1196    843    461
   707   1219    839    442
   708   1140    904    456
   709   1134    894    472
   710   1107    905    488
   711   1151    875    474
   712   1179    843    478
   713   1190    865    445
   714   1226    835    439
   715   1263    803    434
   716   1229    822    449
   717   1184    863    453
   718   1206    824    470
   719   1210    848    442
   720   1246    825    429
   721   1236    805    459
   722   1270    794    436
   723   1263    810    427
   724   1229    806    465
   725   1270    794    436
   726   1285    768    447
   727   1280    776    444
   728   1302    766    432
   729   1298    806    396
   730   1268    823    409
   731   1189    883    428
   732   1219    830    451
   733   1239    828    433
   734   1205    886    409
   735   1155    889    456
   736   1112    914    474
   737   1193    830    477
   738   1217    821    462
   739   1185    859    456
   740   1175    878    447
   741   1210    864    426
   742   1180    894    426
   743   1162    863    475
   744   1204    834    462
   745   1208    871    421
   746   1148    884    468
   747   1142    880    478
   748   1177    838    485
   749   1211    822    467
   750   1205    829    466
   751   1195    852    453
   752   1210    849    441
   753   1205    848    447
   754   1193    824    483
   755   1197    822    481
   756   1200    865    435
   757   1187    834    479
   758   1181    878    441
   759   1212    832    456
   760   1214    860    426
   761   1189    896    415
   762   1165    873    462
   763   1232    822    446
   764   1214    845    441
   765   1183    839    478
   766   1216    851    433
   767   1215    843    442
   768   1211    835    454
   769   1190    842    468
   770   1164    859    477
   771   1241    810    449
   772   1238    809    453
   773   1229    821    450
   774   1221    836    443
   775   1181    879    440
   776   1173    880    447
   777   1154    873    473
   778   1182    862    456
   779   1195    853    452
   780   1169    878    453
   781   1195    836    469
   782   1207    829    464
   783   1234    829    437
   784   1279    777    444
   785   1245    833    422
   786   1207    826    467
   787   1252    773    475
   788   1246    793    461
   789   1252    815    433
   790   1193    831    476
   791   1229    826    445
   792   1249    847    404
   793   1231    849    420
   794   1203    856    441
   795   1165    851    484
   796   1164    864    472
   797   1228    819    453
   798   1213    836    451
   799   1214    820    466
   800   1214    834    452
   801   1173    891    436
   802   1155    856    489
   803   1144    910    446
   804   1158    882    460
   805   1205    855    440
   806   1196    860    444
   807   1141    873    486
   808   1168    846    486
   809   1129    902    469
   810   1174    835    491
   811   1161    868    471
   812   1203    837    460
   813   1192    834    474
   814   1192    795    513
   815   1200    810    490
   816   1165    852    483
   817   1221    830    449
   818   1173    850    477
   819   1148    891    461
   820   1175    830    495
   821   1190    844    466
   822   1191    848    461
   823   1176    869    455
   824   1180    860    460
   825   1205    829    466
   826   1248    830    422
   827   1212    861    427
   828   1234    880    386
   829   1167    896    437
   830   1158    886    456
   831   1211    835    454
   832   1206    843    451
   833   1160    889    451
   834   1187    850    463
   835   1206    853    441
   836   1164    899    437
   837   1162    867    471
   838   1167    851    482
   839   1144    919    437
   840   1155    850    495
   841   1183    862    455
   842   1152    867    481
   843   1195    837    468
   844   1259    797    444
   845   1241    841    418
   846   1210    846    444
   847   1170    872    458
   848   1200    829    471
   849   1246    807    447
   850   1182    848    470
   851   1194    831    475
   852   1228    835    437
   853   1198    822    480
   854   1187    846    467
   855   1146    910    444
   856   1197    869    434
   857   1185    843    472
   858   1160    856    484
   859   1216    809    475
   860   1214    845    441
   861   1182    855    463
   862   1160    875    465
   863   1195    811    494
   864   1207    840    453
   865   1164    877    459
   866   1183    836    481
   867   1182    848    470
   868   1209    835    456
   869   1211    839    450
   870   1177    856    467
   871   1170    864    466
   872   1202    830    468
   873   1170    860    470
   874   1153    855    492
   875   1238    808    454
   876   1230    823    447
   877   1223    810    467
   878   1238    812    450
   879   1211    851    438
   880   1197    852    451
   881   1187    837    476
   882   1141    885    474
   883   1184    826    490
   884   1186    845    469
   885   1188    837    475
   886   1217    835    448
   887   1228    824    448
   888   1232    821    447
   889   1204    823    473
   890   1211    833    456
   891   1222    824    454
   892   1217    823    460
   893   1232    812    456
   894   1216    827    457
   895   1180    856    464
   896   1217    831    452
   897   1194    856    450
   898   1261    784    455
   899   1243    814    443
   900   1272    802    426
   901   1225    812    463
   902   1232    812    456
   903   1239    839    422
   904   1198    872    430
   905   1207    830    463
   906   1202    858    440
   907   1233    829    438
   908   1200    844    456
   909   1260    789    451
   910   1231    804    465
   911   1248    822    430
   912   1173    904    423
   913   1157    884    459
   914   1162    889    449
   915   1122    912    466
   916   1189    820    491
   917   1187    857    456
   918   1167    891    442
   919   1176    874    450
   920   1148    889    463
   921   1173    872    455
   922   1225    824    451
   923   1238    792    470
   924   1197    842    461
   925   1188    878    434
   926   1129    892    479
   927   1159    892    449
   928   1161    886    453
   929   1151    887    462
   930   1203    833    464
   931   1229    824    447
   932   1211    860    429
   933   1138    889    473
   934   1156    878    466
   935   1192    848    460
   936   1193    839    468
   937   1185    843    472
   938   1177    879    444
   939   1177    857    466
   940   1149    866    485
   941   1177    829    494
   942   1153    880    467
   943   1211    808    481
   944   1226    788    486
   945   1205    857    438
   946   1216    826    458
   947   1250    826    424
   948   1195    861    444
   949   1240    857    403
   950   1178    903    419
   951   1160    892    448
   952   1153    873    474
   953   1158    904    438
   954   1151    880    469
   955   1130    896    474
   956   1253    791    456
   957   1205    842    453
   958   1199    851    450
   959   1219    844    437
   960   1254    837    409
   961   1192    865    443
   962   1205    840    455
   963   1215    854    431
   964   1174    847    479
   965   1164    882    454
   966   1179    874    447
   967   1166    872    462
   968   1146    895    459
   969   1156    876    468
   970   1142    899    459
   971   1164    895    441
   972   1137    888    475
   973   1171    873    456
   974   1182    843    475
   975   1197    877    426
   976   1188    869    443
   977   1160    863    477
   978   1193    866    441
   979   1217    849    434
   980   1204    854    442
   981   1242    839    419
   982   1227    842    431
   983   1177    885    438
   984   1158    874    468
   985   1186    864    450
   986   1190    848    462
   987   1145    892    463
   988   1206    838    456
   989   1232    842    426
   990   1176    866    458
   991   1170    840    490
   992   1237    828    435
   993   1236    803    461
   994   1253    772    475
   995   1210    834    456
   996   1257    801    442
   997   1206    837    457
   998   1205    870    425
   999   1211    864    425
  1000   1187    883    430
