# time (sweeps) | Susceptible | Infected | Recovered
     0   1914    374    212
     1   1916    389    195
     2   1909    393    198
     3   1936    363    201
     4   1940    375    185
     5   1937    344    219
     6   1962    348    190
     7   1967    358    175
     8   1956    378    166
     9   1914    382    204
    10   1920    357    223
    11   1916    380    204
    12   1934    354    212
    13   1934    352    214
    14   1929    372    199
    15   1938    374    188
    16   1945    367    188
    17   1956    358    186
    18   1961    343    196
    19   1965    358    177
    20   1901    397    202
    21   1901    380    219
    22   1949    334    217
    23   1926    361    213
    24   1898    393    209
    25   1904    365    231
    26   1910    388    202
    27   1963    353    184
    28   1878    427    195
    29   1904    390    206
    30   1865    429    206
    31   1835    435    230
    32   1837    434    229
    33   1844    427    229
    34   1834    439    227
    35   1868    410    222
    36   1837    440    223
    37   1844    429    227
    38   1850    434    216
    39   1883    387    230
    40   1897    368    235
    41   1883    395    222
    42   1882    387    231
    43   1938    342    220
    44   1935    373    192
    45   1929    371    200
    46   1966    341    193
    47   1962    350    188
    48   1907    395    198
    49   1894    388    218
    50   1912    362    226
    51   1898    396    206
    52   1894    390    216
    53   1922    377    201
    54   1912    395    193
    55   1884    393    223
    56   1930    341    229
    57   1933    358    209
    58   1961    339    200
    59   1914    391    195
    60   1910    386    204
    61   1939    341    220
    62   1940    355    205
    63   1886    410    204
    64   1929    360    211
    65   1943    333    224
    66   1937    360    203
    67   1935    367    198
    68   1973    326    201
    69   1956    328    216
    70   1962    345    193
    71   1985    316    199
    72   1985    317    198
    73   1968    343    189
    74   1995    341    164
    75   2013    319    168
    76   2011    309    180
    77   1969    359    172
    78   1968    358    174
    79   1980    343    177
    80   1966    350    184
    81   1952    376    172
    82   1928    395    177
    83   1899    395    206
    84   1885    424    191
    85   1883    390    227
    86   1893    400    207
    87   1867    408    225
    88   1849    421    230
    89   1859    430    211
    90   1857    406    237
    91   1870    395    235
    92   1885    392    223
    93   1885    375    240
    94   1939    351    210
    95   1931    366    203
    96   1976    335    189
    97   1946    365    189
    98   1943    370    187
    99   1917    389    194
   100   1935    351    214
   101   1976    339    185
   102   1988    329    183
   103   1985    321    194
   104   2034    281    185
   105   1973    328    199
   106   1993    329    178
   107   1935    366    199
   108   1955    342    203
   109   1946    367    187
   110   1959    352    189
   111   1941    390    169
   112   1907    402    191
   113   1893    395    212
   114   1861    419    220
   115   1912    357    231
   116   1916    363    221
   117   1928    352    220
   118   1943    363    194
   119   1897    396    207
   120   1929    377    194
   121   1893    401    206
   122   1886    418    196
   123   1861    435    204
   124   1883    393    224
   125   1881    404    215
   126   1863    422    215
   127   1891    395    214
   128   1855    435    210
   129   1837    438    225
   130   1838    421    241
   131   1842    409    249
   132   1886    396    218
   133   1824    471    205
   134   1813    440    247
   135   1878    398    224
   136   1904    377    219
   137   1898    395    207
   138   1874    439    187
   139   1852    418    230
   140   1893    394    213
   141   1912    353    235
   142   1932    364    204
   143   1914    375    211
   144   1938    380    182
   145   1910    391    199
   146   1891    395    214
   147   1903    356    241
   148   1953    342    205
   149   2022    298    180
   150   2022    320    158
   151   2014    312    174
   152   2009    308    183
   153   2025    309    166
   154   2033    289    178
   155   2040    299    161
   156   2003    323    174
   157   1997    328    175
   158   1985    361    154
   159   1976    348    176
   160   1942    382    176
   161   1938    377    185
   162   1919    375    206
   163   1922    371    207
   164   1936    339    225
   165   1929    370    201
   166   1937    350    213
   167   1926    346    228
   168   1911    378    211
   169   1925    372    203
   170   1901    400    199
   171   1899    367    234
   172   1919    357    224
   173   1944    355    201
   174   1903    389    208
   175   1920    363    217
   176   1925    380    195
   177   1901    395    204
   178   1921    362    217
   179   1942    345    213
   180   1940    360    200
   181   1937    368    195
   182   1935    379    186
   183   1922    380    198
   184   1940    359    201
   185   1947    372    181
   186   1899    407    194
   187   1888    424    188
   188   1910    381    209
   189   1936    353    211
   190   1942    350    208
   191   1922    386    192
   192   1941    331    228
   193   1984    323    193
   194   2017    301    182
   195   2023    299    178
   196   2005    307    188
   197   2026    307    167
   198   1974    346    180
   199   1969    356    175
   200   1974    337    189
   201   2030    290    180
   202   2023    326    151
   203   1938    400    162
   204   1914    403    183
   205   1895    416    189
   206   1873    396    231
   207   1879    404    217
   208   1875    430    195
   209   1861    425    214
   210   1819    454    227
   211   1797    454    249
   212   1814    434    252
   213   1852    410    238
   214   1830    419    251
   215   1874    387    239
   216   1884    417    199
   217   1853    429    218
   218   1895    367    238
   219   1921    370    209
   220   1913    371    216
   221   1910    382    208
   222   1908    383    209
   223   1909    392    199
   224   1908    392    200
   225   1923    369    208
   226   1933    381    186
   227   1938    390    172
   228   1889    415    196
   229   1860    428    212
   230   1845    440    215
   231   1845    417    238
   232   1846    420    234
   233   1853    412    235
   234   1807    459    234
   235   1797    461    242
   236   1817    439    244
   237   1849    413    238
   238   1853    428    219
   239   1856    425    219
   240   1853    429    218
   241   1881    401    218
   242   1893    401    206
   243   1867    397    236
   244   1873    399    228
   245   1830    461    209
   246   1837    448    215
   247   1848    428    224
   248   1875    399    226
   249   1818    460    222
   250   1822    436    242
   251   1819    438    243
   252   1846    425    229
   253   1829    445    226
   254   1861    400    239
   255   1891    385    224
   256   1872    415    213
   257   1865    415    220
   258   1840    436    224
   259   1848    425    227
   260   1831    426    243
   261   1810    439    251
   262   1824    415    261
   263   1850    422    228
   264   1884    392    224
   265   1933    367    200
   266   1989    328    183
   267   1960    375    165
   268   1908    402    190
   269   1892    414    194
   270   1898    391    211
   271   1868    430    202
   272   1861    395    244
   273   1883    415    202
   274   1865    383    252
   275   1858    419    223
   276   1884    393    223
   277   1863    424    213
   278   1904    379    217
   279   1930    361    209
   280   1936    354    210
   281   1933    371    196
   282   1965    351    184
   283   1958    349    193
   284   1963    346    191
   285   1965    338    197
   286   1959    340    201
   287   1967    328    205
   288   1985    331    184
   289   1995    320    185
   290   1986    342    172
   291   1986    336    178
   292   1949    353    198
   293   1937    364    199
   294   1945    359    196
   295   1905    375    220
   296   1925    363    212
   297   1913    403    184
   298   1883    404    213
   299   1896    395    209
   300   1870    406    224
   301   1864    445    191
   302   1874    414    212
   303   1895    395    210
   304   1926    360    214
   305   1921    382    197
   306   1896    397    207
   307   1886    390    224
   308   1858    421    221
   309   1860    415    225
   310   1856    403    241
   311   1863    418    219
   312   1855    416    229
   313   1849    419    232
   314   1858    425    217
   315   1889    399    212
   316   1881    396    223
   317   1846    412    242
   318   1860    407    233
   319   1867    422    211
   320   1818    462    220
   321   1822    428    250
   322   1848    413    239
   323   1871    400    229
   324   1865    416    219
   325   1861    428    211
   326   1841    429    230
   327   1863    396    241
   328   1894    383    223
   329   1906    390    204
   330   1898    376    226
   331   1969    331    200
   332   1974    320    206
   333   1986    327    187
   334   1968    350    182
   335   1956    362    182
   336   1910    390    200
   337   1926    399    175
   338   1877    428    195
   339   1852    438    210
   340   1823    464    213
   341   1823    417    260
   342   1851    397    252
   343   1836    434    230
   344   1830    459    211
   345   1838    452    210
   346   1873    400    227
   347   1879    391    230
   348   1915    374    211
   349   1897    365    238
   350   1904    383    213
   351   1915    396    189
   352   1892    400    208
   353   1943    358    199
   354   1892    414    194
   355   1878    387    235
   356   1902    368    230
   357   1905    402    193
   358   1896    408    196
   359   1902    378    220
   360   1961    365    174
   361   1933    376    191
   362   1901    377    222
   363   1918    357    225
   364   1946    359    195
   365   1958    357    185
   366   1967    325    208
   367   1996    300    204
   368   2026    297    177
   369   2040    306    154
   370   2027    323    150
   371   1988    350    162
   372   1967    371    162
   373   1953    362    185
   374   1972    347    181
   375   1915    406    179
   376   1912    387    201
   377   1897    378    225
   378   1905    369    226
   379   1922    366    212
   380   1937    386    177
   381   1913    384    203
   382   1934    365    201
   383   1906    407    187
   384   1884    408    208
   385   1902    395    203
   386   1847    431    222
   387   1833    424    243
   388   1819    437    244
   389   1858    427    215
   390   1851    419    230
   391   1872    406    222
   392   1890    415    195
   393   1896    366    238
   394   1934    342    224
   395   1947    366    187
   396   1912    409    179
   397   1941    371    188
   398   1910    383    207
   399   1881    414    205
   400   1875    400    225
   401   1864    409    227
   402   1869    426    205
   403   1829    445    226
   404   1798    473    229
   405   1776    466    258
   406   1796    450    254
   407   1798    456    246
   408   1810    442    248
   409   1839    397    264
   410   1847    415    238
   411   1843    418    239
   412   1847    415    238
   413   1880    414    206
   414   1839    444    217
   415   1878    392    230
   416   1906    370    224
   417   1926    374    200
   418   1859    435    206
   419   1876    425    199
   420   1859    424    217
   421   1880    389    231
   422   1901    391    208
   423   1926    364    210
   424   1925    364    211
   425   1899    396    205
   426   1867    419    214
   427   1828    448    224
   428   1847    426    227
   429   1836    433    231
   430   1843    425    232
   431   1864    419    217
   432   1875    418    207
   433   1836    454    210
   434   1878    390    232
   435   1924    374    202
   436   1913    394    193
   437   1900    391    209
   438   1934    367    199
   439   1945    343    212
   440   1991    317    192
   441   1978    318    204
   442   1973    348    179
   443   1994    316    190
   444   1986    338    176
   445   1934    393    173
   446   1925    370    205
   447   1911    392    197
   448   1878    425    197
   449   1889    383    228
   450   1901    384    215
   451   1939    366    195
   452   1887    409    204
   453   1882    416    202
   454   1878    407    215
   455   1847    420    233
   456   1864    416    220
   457   1877    403    220
   458   1880    392    228
   459   1919    350    231
   460   1956    332    212
   461   1958    344    198
   462   1972    361    167
   463   1928    386    186
   464   1904    404    192
   465   1943    376    181
   466   1919    364    217
   467   1920    369    211
   468   1906    380    214
   469   1929    372    199
   470   1953    348    199
   471   1932    355    213
   472   1920    399    181
   473   1879    414    207
   474   1866    413    221
   475   1871    416    213
   476   1878    395    227
   477   1890    402    208
   478   1876    386    238
   479   1882    403    215
   480   1849    433    218
   481   1812    457    231
   482   1807    447    246
   483   1820    447    233
   484   1787    481    232
   485   1796    467    237
   486   1839    443    218
   487   1771    477    252
   488   1747    489    264
   489   1804    442    254
   490   1865    406    229
   491   1858    426    216
   492   1810    471    219
   493   1778    463    259
   494   1790    466    244
   495   1769    488    243
   496   1801    451    248
   497   1787    457    256
   498   1769    489    242
   499   1771    490    239
   500   1778    465    257
   501   1819    438    243
   502   1751    485    264
   503   1777    455    268
   504   1808    448    244
   505   1827    427    246
   506   1847    383    270
   507   1856    403    241
   508   1884    389    227
   509   1870    407    223
   510   1876    402    222
   511   1899    373    228
   512   1936    376    188
   513   1941    348    211
   514   1918    390    192
   515   1926    384    190
   516   1891    415    194
   517   1844    450    206
   518   1886    398    216
   519   1898    394    208
   520   1898    392    210
   521   1893    399    208
   522   1843    453    204
   523   1837    437    226
   524   1802    460    238
   525   1817    444    239
   526   1863    410    227
   527   1842    435    223
   528   1848    414    238
   529   1877    402    221
   530   1895    392    213
   531   1873    416    211
   532   1831    437    232
   533   1826    437    237
   534   1880    393    227
   535   1918    364    218
   536   1891    400    209
   537   1873    400    227
   538   1843    418    239
   539   1829    415    256
   540   1829    434    237
   541   1868    398    234
   542   1851    413    236
   543   1866    396    238
   544   1880    403    217
   545   1899    371    230
   546   1935    346    219
   547   1911    389    200
   548   1921    359    220
   549   1907    362    231
   550   1898    402    200
   551   1871    392    237
   552   1891    378    231
   553   1915    358    227
   554   1933    381    186
   555   1888    421    191
   556   1855    430    215
   557   1866    417    217
   558   1862    426    212
   559   1850    433    217
   560   1846    446    208
   561   1794    500    206
   562   1743    505    252
   563   1807    448    245
   564   1773    454    273
   565   1800    468    232
   566   1783    450    267
   567   1825    423    252
   568   1847    435    218
   569   1843    439    218
   570   1826    428    246
   571   1861    413    226
   572   1841    411    248
   573   1860    427    213
   574   1830    444    226
   575   1842    404    254
   576   1864    421    215
   577   1834    446    220
   578   1806    466    228
   579   1826    443    231
   580   1845    406    249
   581   1886    379    235
   582   1881    414    205
   583   1878    429    193
   584   1833    438    229
   585   1855    425    220
   586   1858    409    233
   587   1837    429    234
   588   1835    438    227
   589   1794    462    244
   590   1835    452    213
   591   1808    452    240
   592   1793    472    235
   593   1802    455    243
   594   1805    459    236
   595   1786    471    243
   596   1779    443    278
   597   1809    425    266
   598   1820    423    257
   599   1804    424    272
   600   1833    431    236
   601   1839    442    219
   602   1839    410    251
   603   1864    404    232
   604   1871    407    222
   605   1868    407    225
   606   1861    399    240
   607   1897    380    223
   608   1878    390    232
   609   1924    370    206
   610   1900    399    201
   611   1875    396    229
   612   1917    374    209
   613   1917    393    190
   614   1900    384    216
   615   1918    366    216
   616   1903    374    223
   617   1902    385    213
   618   1889    372    239
   619   1908    398    194
   620   1899    415    186
   621   1913    376    211
   622   1912    359    229
   623   1949    342    209
   624   1945    378    177
   625   1913    400    187
   626   1904    391    205
   627   1940    356    204
   628   1937    374    189
   629   1918    377    205
   630   1945    353    202
   631   1941    367    192
   632   1922    388    190
   633   1907    405    188
   634   1884    398    218
   635   1914    388    198
   636   1950    343    207
   637   1925    383    192
   638   1859    436    205
   639   1834    443    223
   640   1808    464    228
   641   1802    478    220
   642   1797    482    221
   643   1789    454    257
   644   1789    462    249
   645   1829    430    241
   646   1852    405    243
   647   1907    361    232
   648   1942    353    205
   649   1970    331    199
   650   1931    381    188
   651   1928    372    200
   652   1897    399    204
   653   1897    402    201
   654   1915    388    197
   655   1862    420    218
   656   1918    372    210
   657   1887    402    211
   658   1893    388    219
   659   1904    363    233
   660   1930    359    211
   661   1971    326    203
   662   1928    382    190
   663   1945    366    189
   664   1929    369    202
   665   1933    365    202
   666   1918    406    176
   667   1944    365    191
   668   1936    366    198
   669   1965    335    200
   670   1913    393    194
   671   1907    400    193
   672   1871    427    202
   673   1869    409    222
   674   1881    420    199
   675   1871    412    217
   676   1889    411    200
   677   1865    405    230
   678   1893    394    213
   679   1902    397    201
   680   1852    410    238
   681   1811    452    237
   682   1762    474    264
   683   1805    438    257
   684   1833    420    247
   685   1856    388    256
   686   1891    377    232
   687   1901    391    208
   688   1872    395    233
   689   1928    385    187
   690   1914    391    195
   691   1947    350    203
   692   1911    381    208
   693   1922    366    212
   694   1904    381    215
   695   1899    382    219
   696   1915    373    212
   697   1906    395    199
   698   1900    375    225
   699   1911    380    209
   700   1895    401    204
   701   1866    399    235
   702   1858    421    221
   703   1910    377    213
   704   1898    392    210
   705   1874    405    221
   706   1880    401    219
   707   1904    391    205
   708   1889    394    217
   709   1890    393    217
   710   1889    412    199
   711   1910    377    213
   712   1910    375    215
   713   1918    379    203
   714   1939    350    211
   715   1952    361    187
   716   1964    375    161
   717   1879    428    193
   718   1873    415    212
   719   1910    364    226
   720   1915    381    204
   721   1934    379    187
   722   1909    388    203
   723   1833    477    190
   724   1829    454    217
   725   1835    431    234
   726   1834    413    253
   727   1871    405    224
   728   1868    411    221
   729   1860    403    237
   730   1924    381    195
   731   1953    353    194
   732   1939    377    184
   733   1946    361    193
   734   1908    387    205
   735   1927    351    222
   736   1937    377    186
   737   1930    375    195
   738   1915    380    205
   739   1887    401    212
   740   1896    408    196
   741   1889    390    221
   742   1863    402    235
   743   1904    384    212
   744   1928    358    214
   745   1923    364    213
   746   1910    379    211
   747   1872    411    217
   748   1854    423    223
   749   1892    383    225
   750   1869    414    217
   751   1889    392    219
   752   1916    364    220
   753   1885    402    213
   754   1907    371    222
   755   1942    348    210
   756   1916    355    229
   757   1903    371    226
   758   1915    376    209
   759   1952    344    204
   760   1928    365    207
   761   1947    353    200
   762   1979    319    202
   763   2014    317    169
   764   1959    372    169
   765   1934    375    191
   766   1943    365    192
   767   1927    367    206
   768   1963    341    196
   769   1949    354    197
   770   1945    350    205
   771   1949    365    186
   772   1916    381    203
   773   1943    357    200
   774   1942    367    191
   775   1921    373    206
   776   1873    418    209
   777   1871    410    219
   778   1835    444    221
   779   1820    454    226
   780   1826    416    258
   781   1833    421    246
   782   1867    408    225
   783   1910    381    209
   784   1841    461    198
   785   1807    458    235
   786   1834    446    220
   787   1854    426    220
   788   1869    410    221
   789   1880    394    226
   790   1873    404    223
   791   1843    413    244
   792   1932    366    202
   793   1893    407    200
   794   1905    385    210
   795   1924    360    216
   796   1934    361    205
   797   1944    366    190
   798   1923    361    216
   799   1926    370    204
   800   1900    387    213
   801   1848    428    224
   802   1847    426    227
   803   1860    405    235
   804   1875    407    218
   805   1902    393    205
   806   1927    386    187
   807   1878    404    218
   808   1862    409    229
   809   1860    411    229
   810   1901    392    207
   811   1903    385    212
   812   1918    376    206
   813   1915    380    205
   814   1938    357    205
   815   1924    386    190
   816   1899    390    211
   817   1905    387    208
   818   1913    374    213
   819   1927    373    200
   820   1954    352    194
   821   1931    394    175
   822   1889    406    205
   823   1912    385    203
   824   1923    378    199
   825   1926    380    194
   826   1908    381    211
   827   1933    351    216
   828   1973    330    197
   829   1963    344    193
   830   1937    381    182
   831   1955    353    192
   832   1934    363    203
   833   1936    358    206
   834   1965    341    194
   835   1962    338    200
   836   1982    330    188
   837   1969    344    187
   838   1991    316    193
   839   2030    292    178
   840   2011    292    197
   841   2028    301    171
   842   2027    324    149
   843   2006    332    162
   844   2000    307    193
   845   1985    327    188
   846   1994    328    178
   847   2007    309    184
   848   2061    286    153
   849   2014    320    166
   850   2014    320    166
   851   2006    323    171
   852   2013    297    190
   853   2033    296    171
   854   1992    347    161
   855   1986    324    190
   856   1982    322    196
   857   1979    340    181
   858   1968    340    192
   859   1973    339    188
   860   1947    358    195
   861   1954    345    201
   862   1982    325    193
   863   1971    339    190
   864   1987    342    171
   865   1954    381    165
   866   1920    386    194
   867   1913    406    181
   868   1951    354    195
   869   1931    371    198
   870   1927    352    221
   871   1917    381    202
   872   1934    348    218
   873   1952    362    186
   874   1954    357    189
   875   1980    330    190
   876   1951    358    191
   877   1913    391    196
   878   1954    352    194
   879   1945    356    199
   880   1944    370    186
   881   1932    381    187
   882   1855    426    219
   883   1855    417    228
   884   1845    437    218
   885   1893    387    220
   886   1868    407    225
   887   1828    418    254
   888   1824    442    234
   889   1845    404    251
   890   1869    389    242
   891   1878    397    225
   892   1871    414    215
   893   1865    421    214
   894   1868    415    217
   895   1899    376    225
   896   1908    371    221
   897   1936    351    213
   898   1944    343    213
   899   1922    369    209
   900   1906    389    205
   901   1880    411    209
   902   1918    358    224
   903   1930    368    202
   904   1944    365    191
   905   1935    370    195
   906   1987    330    183
   907   1977    338    185
   908   1944    349    207
   909   1926    365    209
   910   1905    393    202
   911   1862    420    218
   912   1868    400    232
   913   1874    387    239
   914   1887    395    218
   915   1857    407    236
   916   1882    379    239
   917   1856    414    230
   918   1870    410    220
   919   1914    368    218
   920   1894    399    207
   921   1864    435    201
   922   1915    375    210
   923   1913    387    200
   924   1862    409    229
   925   1849    415    236
   926   1821    451    228
   927   1802    458    240
   928   1755    509    236
   929   1749    503    248
   930   1766    459    275
   931   1805    446    249
   932   1846    427    227
   933   1834    441    225
   934   1851    425    224
   935   1863    438    199
   936   1864    417    219
   937   1862    404    234
   938   1838    429    233
   939   1773    463    264
   940   1804    427    269
   941   1844    390    266
   942   1924    352    224
   943   1956    357    187
   944   1923    375    202
   945   1920    381    199
   946   1918    378    204
   947   1911    376    213
   948   1916    378    206
   949   1908    377    215
   950   1955    347    198
   951   1969    337    194
   952   1951    357    192
   953   1936    371    193
   954   1959    360    181
   955   1949    364    187
   956   1951    352    197
   957   1965    344    191
   958   1952    344    204
   959   1965    344    191
   960   1944    368    188
   961   1943    353    204
   962   1911    369    220
   963   1915    354    231
   964   1895    398    207
   965   1913    381    206
   966   1922    379    199
   967   1889    393    218
   968   1927    380    193
   969   1948    365    187
   970   1933    372    195
   971   1892    418    190
   972   1874    408    218
   973   1898    388    214
   974   1934    355    211
   975   1886    384    230
   976   1869    400    231
   977   1881    406    213
   978   1912    358    230
   979   1953    331    216
   980   1952    363    185
   981   1957    362    181
   982   1883    406    211
   983   1909    361    230
   984   1908    389    203
   985   1920    373    207
   986   1951    336    213
   987   1957    341    202
   988   1939    347    214
   989   1886    401    213
   990   1906    377    217
   991   1934    351    215
   992   1965    317    218
   993   2004    302    194
   994   1994    347    159
   995   1986    355    159
   996   1934    371    195
   997   1904    397    199
   998   1897    396    207
   999   1882    409    209
  1000   1898    408    194
