# time (sweeps) | Susceptible | Infected | Recovered
     0    791    789    920
     1    774    810    916
     2    731    814    955
     3    752    811    937
     4    780    769    951
     5    797    767    936
     6    792    763    945
     7    810    739    951
     8    842    755    903
     9    804    770    926
    10    788    781    931
    11    802    769    929
    12    810    791    899
    13    827    755    918
    14    830    770    900
    15    817    786    897
    16    795    812    893
    17    770    822    908
    18    768    825    907
    19    793    795    912
    20    842    775    883
    21    820    783    897
    22    803    758    939
    23    773    765    962
    24    759    805    936
    25    784    827    889
    26    789    818    893
    27    787    800    913
    28    785    835    880
    29    766    840    894
    30    757    829    914
    31    751    808    941
    32    771    796    933
    33    753    823    924
    34    778    801    921
    35    752    812    936
    36    784    755    961
    37    820    706    974
    38    868    715    917
    39    841    715    944
    40    865    721    914
    41    838    733    929
    42    867    727    906
    43    876    739    885
    44    889    701    910
    45    892    712    896
    46    882    750    868
    47    841    783    876
    48    822    790    888
    49    801    769    930
    50    834    739    927
    51    810    766    924
    52    817    776    907
    53    795    777    928
    54    810    792    898
    55    731    853    916
    56    727    816    957
    57    751    797    952
    58    798    771    931
    59    797    794    909
    60    795    798    907
    61    785    790    925
    62    798    773    929
    63    850    741    909
    64    859    766    875
    65    857    778    865
    66    820    796    884
    67    787    743    970
    68    831    756    913
    69    800    781    919
    70    822    769    909
    71    776    816    908
    72    787    780    933
    73    785    771    944
    74    753    777    970
    75    788    760    952
    76    822    752    926
    77    864    701    935
    78    885    736    879
    79    871    784    845
    80    840    807    853
    81    848    779    873
    82    819    814    867
    83    777    823    900
    84    754    814    932
    85    772    811    917
    86    780    767    953
    87    805    770    925
    88    798    798    904
    89    787    778    935
    90    801    772    927
    91    841    734    925
    92    875    727    898
    93    923    731    846
    94    879    755    866
    95    874    749    877
    96    880    749    871
    97    820    781    899
    98    776    836    888
    99    779    801    920
   100    795    805    900
   101    803    764    933
   102    821    749    930
   103    772    801    927
   104    768    764    968
   105    817    735    948
   106    871    741    888
   107    839    768    893
   108    839    794    867
   109    782    826    892
   110    809    800    891
   111    778    809    913
   112    784    809    907
   113    797    769    934
   114    830    765    905
   115    804    825    871
   116    806    786    908
   117    808    791    901
   118    797    790    913
   119    814    741    945
   120    814    765    921
   121    843    732    925
   122    857    714    929
   123    838    760    902
   124    844    802    854
   125    838    757    905
   126    819    777    904
   127    801    791    908
   128    798    798    904
   129    825    797    878
   130    812    774    914
   131    836    749    915
   132    838    743    919
   133    831    765    904
   134    814    767    919
   135    846    741    913
   136    823    744    933
   137    858    720    922
   138    879    742    879
   139    858    759    883
   140    829    730    941
   141    832    722    946
   142    841    731    928
   143    857    732    911
   144    859    740    901
   145    819    757    924
   146    835    784    881
   147    826    778    896
   148    856    781    863
   149    805    801    894
   150    782    792    926
   151    794    759    947
   152    809    727    964
   153    828    738    934
   154    861    764    875
   155    857    773    870
   156    833    758    909
   157    854    745    901
   158    777    804    919
   159    813    773    914
   160    803    795    902
   161    811    839    850
   162    787    827    886
   163    759    795    946
   164    790    791    919
   165    819    797    884
   166    812    773    915
   167    819    792    889
   168    788    747    965
   169    826    765    909
   170    829    775    896
   171    825    738    937
   172    863    712    925
   173    852    751    897
   174    837    767    896
   175    856    794    850
   176    800    824    876
   177    814    804    882
   178    825    813    862
   179    794    806    900
   180    760    810    930
   181    782    759    959
   182    796    771    933
   183    813    762    925
   184    775    787    938
   185    825    729    946
   186    818    742    940
   187    822    754    924
   188    845    756    899
   189    820    767    913
   190    836    788    876
   191    824    746    930
   192    849    750    901
   193    798    781    921
   194    840    771    889
   195    802    789    909
   196    777    846    877
   197    736    835    929
   198    775    822    903
   199    823    751    926
   200    816    765    919
   201    883    717    900
   202    900    729    871
   203    856    775    869
   204    827    784    889
   205    791    796    913
   206    789    793    918
   207    811    803    886
   208    847    776    877
   209    832    792    876
   210    794    794    912
   211    856    736    908
   212    882    752    866
   213    863    768    869
   214    842    795    863
   215    858    778    864
   216    825    798    877
   217    820    817    863
   218    757    820    923
   219    770    791    939
   220    789    763    948
   221    804    754    942
   222    808    776    916
   223    840    750    910
   224    820    766    914
   225    817    755    928
   226    847    738    915
   227    866    786    848
   228    825    778    897
   229    814    776    910
   230    818    798    884
   231    809    798    893
   232    774    810    916
   233    777    823    900
   234    759    826    915
   235    782    771    947
   236    817    723    960
   237    884    717    899
   238    863    781    856
   239    843    789    868
   240    816    777    907
   241    779    816    905
   242    771    861    868
   243    715    836    949
   244    775    769    956
   245    777    814    909
   246    755    834    911
   247    735    838    927
   248    787    782    931
   249    796    772    932
   250    764    820    916
   251    782    771    947
   252    821    737    942
   253    831    760    909
   254    818    760    922
   255    840    751    909
   256    842    758    900
   257    853    771    876
   258    809    758    933
   259    865    733    902
   260    857    762    881
   261    838    791    871
   262    816    790    894
   263    825    761    914
   264    832    728    940
   265    848    750    902
   266    817    781    902
   267    822    716    962
   268    864    715    921
   269    870    732    898
   270    856    783    861
   271    816    787    897
   272    796    802    902
   273    778    790    932
   274    799    776    925
   275    832    744    924
   276    829    755    916
   277    814    764    922
   278    832    755    913
   279    826    781    893
   280    840    779    881
   281    833    765    902
   282    839    756    905
   283    827    770    903
   284    824    767    909
   285    819    750    931
   286    826    762    912
   287    878    740    882
   288    862    728    910
   289    907    742    851
   290    876    787    837
   291    832    783    885
   292    808    799    893
   293    850    777    873
   294    864    768    868
   295    889    774    837
   296    855    788    857
   297    814    780    906
   298    807    799    894
   299    829    806    865
   300    813    808    879
   301    804    789    907
   302    799    795    906
   303    799    799    902
   304    812    814    874
   305    794    808    898
   306    800    799    901
   307    823    747    930
   308    878    745    877
   309    853    780    867
   310    855    765    880
   311    837    799    864
   312    834    778    888
   313    827    790    883
   314    826    795    879
   315    829    807    864
   316    800    820    880
   317    773    779    948
   318    780    796    924
   319    791    745    964
   320    791    760    949
   321    815    720    965
   322    857    725    918
   323    857    716    927
   324    854    713    933
   325    864    728    908
   326    840    741    919
   327    867    761    872
   328    854    776    870
   329    820    784    896
   330    827    762    911
   331    829    798    873
   332    827    772    901
   333    805    745    950
   334    838    764    898
   335    786    778    936
   336    829    750    921
   337    831    777    892
   338    792    779    929
   339    822    766    912
   340    821    759    920
   341    786    779    935
   342    807    779    914
   343    805    803    892
   344    803    768    929
   345    799    770    931
   346    813    756    931
   347    846    741    913
   348    863    744    893
   349    867    786    847
   350    891    740    869
   351    878    740    882
   352    904    730    866
   353    884    755    861
   354    847    755    898
   355    885    701    914
   356    871    744    885
   357    843    751    906
   358    831    764    905
   359    806    790    904
   360    759    820    921
   361    748    844    908
   362    750    833    917
   363    780    780    940
   364    828    770    902
   365    828    771    901
   366    850    762    888
   367    873    781    846
   368    847    776    877
   369    827    802    871
   370    832    777    891
   371    827    759    914
   372    843    743    914
   373    862    759    879
   374    860    789    851
   375    824    775    901
   376    841    758    901
   377    814    755    931
   378    781    771    948
   379    781    773    946
   380    804    775    921
   381    794    782    924
   382    793    777    930
   383    791    766    943
   384    806    783    911
   385    801    781    918
   386    778    802    920
   387    806    775    919
   388    826    731    943
   389    877    700    923
   390    905    691    904
   391    889    759    852
   392    829    795    876
   393    788    829    883
   394    763    801    936
   395    803    774    923
   396    824    766    910
   397    830    762    908
   398    832    767    901
   399    879    753    868
   400    795    806    899
   401    812    784    904
   402    812    787    901
   403    803    748    949
   404    823    753    924
   405    827    793    880
   406    814    799    887
   407    816    767    917
   408    822    765    913
   409    793    760    947
   410    798    795    907
   411    791    809    900
   412    796    805    899
   413    759    813    928
   414    786    773    941
   415    793    772    935
   416    794    779    927
   417    788    798    914
   418    781    821    898
   419    750    854    896
   420    757    836    907
   421    757    818    925
   422    786    791    923
   423    804    788    908
   424    784    809    907
   425    775    788    937
   426    775    773    952
   427    814    773    913
   428    836    767    897
   429    838    785    877
   430    830    783    887
   431    817    775    908
   432    862    776    862
   433    835    791    874
   434    804    801    895
   435    804    788    908
   436    802    754    944
   437    809    754    937
   438    836    754    910
   439    839    740    921
   440    829    764    907
   441    825    753    922
   442    834    762    904
   443    844    755    901
   444    820    798    882
   445    781    796    923
   446    761    815    924
   447    759    754    987
   448    791    735    974
   449    858    703    939
   450    879    703    918
   451    870    736    894
   452    930    689    881
   453    955    737    808
   454    876    764    860
   455    860    808    832
   456    833    798    869
   457    806    796    898
   458    827    764    909
   459    833    750    917
   460    837    774    889
   461    826    751    923
   462    844    745    911
   463    824    755    921
   464    779    781    940
   465    756    811    933
   466    777    792    931
   467    817    763    920
   468    797    786    917
   469    788    809    903
   470    791    804    905
   471    753    817    930
   472    783    779    938
   473    758    812    930
   474    782    777    941
   475    849    710    941
   476    843    731    926
   477    883    669    948
   478    909    695    896
   479    889    706    905
   480    873    721    906
   481    920    684    896
   482    876    729    895
   483    860    776    864
   484    805    777    918
   485    821    801    878
   486    802    785    913
   487    824    794    882
   488    821    792    887
   489    783    808    909
   490    796    793    911
   491    832    763    905
   492    851    794    855
   493    817    815    868
   494    804    820    876
   495    801    812    887
   496    790    793    917
   497    737    808    955
   498    750    767    983
   499    804    722    974
   500    896    676    928
   501    884    719    897
   502    847    750    903
   503    878    714    908
   504    879    722    899
   505    825    764    911
   506    838    745    917
   507    797    774    929
   508    789    786    925
   509    837    771    892
   510    781    784    935
   511    765    766    969
   512    797    756    947
   513    796    776    928
   514    762    801    937
   515    824    721    955
   516    843    738    919
   517    848    720    932
   518    851    744    905
   519    891    743    866
   520    838    768    894
   521    838    769    893
   522    851    748    901
   523    831    755    914
   524    872    725    903
   525    870    795    835
   526    786    835    879
   527    762    802    936
   528    789    806    905
   529    811    755    934
   530    821    726    953
   531    814    772    914
   532    825    736    939
   533    884    745    871
   534    833    766    901
   535    813    791    896
   536    815    792    893
   537    836    770    894
   538    778    797    925
   539    811    752    937
   540    814    747    939
   541    855    769    876
   542    826    789    885
   543    788    789    923
   544    830    798    872
   545    791    831    878
   546    756    812    932
   547    793    804    903
   548    751    809    940
   549    741    830    929
   550    726    792    982
   551    775    743    982
   552    841    731    928
   553    843    752    905
   554    875    755    870
   555    864    764    872
   556    825    792    883
   557    811    825    864
   558    806    825    869
   559    771    814    915
   560    772    778    950
   561    780    757    963
   562    805    751    944
   563    816    757    927
   564    796    791    913
   565    811    757    932
   566    833    777    890
   567    835    786    879
   568    825    770    905
   569    809    763    928
   570    801    784    915
   571    819    769    912
   572    817    761    922
   573    811    791    898
   574    832    753    915
   575    816    759    925
   576    829    742    929
   577    778    775    947
   578    744    821    935
   579    759    751    990
   580    840    697    963
   581    860    721    919
   582    820    785    895
   583    792    811    897
   584    813    775    912
   585    812    791    897
   586    818    797    885
   587    816    748    936
   588    808    778    914
   589    765    821    914
   590    745    801    954
   591    746    825    929
   592    772    775    953
   593    790    791    919
   594    755    831    914
   595    772    796    932
   596    796    794    910
   597    800    765    935
   598    779    776    945
   599    840    736    924
   600    845    728    927
   601    870    728    902
   602    880    723    897
   603    903    748    849
   604    894    759    847
   605    869    758    873
   606    873    758    869
   607    833    765    902
   608    803    773    924
   609    792    775    933
   610    817    745    938
   611    797    759    944
   612    834    790    876
   613    799    796    905
   614    820    765    915
   615    841    752    907
   616    809    767    924
   617    839    811    850
   618    794    814    892
   619    803    773    924
   620    818    744    938
   621    775    784    941
   622    809    809    882
   623    797    778    925
   624    814    746    940
   625    822    771    907
   626    857    741    902
   627    848    770    882
   628    794    787    919
   629    789    774    937
   630    797    755    948
   631    819    771    910
   632    765    827    908
   633    789    805    906
   634    784    812    904
   635    766    788    946
   636    809    752    939
   637    785    784    931
   638    803    757    940
   639    793    761    946
   640    792    761    947
   641    821    738    941
   642    827    773    900
   643    805    824    871
   644    803    817    880
   645    798    835    867
   646    778    796    926
   647    808    779    913
   648    808    768    924
   649    808    773    919
   650    804    735    961
   651    803    734    963
   652    804    766    930
   653    803    769    928
   654    809    792    899
   655    815    786    899
   656    801    769    930
   657    806    773    921
   658    850    719    931
   659    860    721    919
   660    874    742    884
   661    839    764    897
   662    828    778    894
   663    786    831    883
   664    779    811    910
   665    816    782    902
   666    815    773    912
   667    837    749    914
   668    807    786    907
   669    820    753    927
   670    808    737    955
   671    840    742    918
   672    843    730    927
   673    837    743    920
   674    861    761    878
   675    821    786    893
   676    788    822    890
   677    770    771    959
   678    760    800    940
   679    746    771    983
   680    809    766    925
   681    798    761    941
   682    822    747    931
   683    849    727    924
   684    853    723    924
   685    837    728    935
   686    793    787    920
   687    729    830    941
   688    789    764    947
   689    815    758    927
   690    820    762    918
   691    815    785    900
   692    809    785    906
   693    762    802    936
   694    790    774    936
   695    775    787    938
   696    778    795    927
   697    813    764    923
   698    852    734    914
   699    858    740    902
   700    854    735    911
   701    855    749    896
   702    875    752    873
   703    850    737    913
   704    830    792    878
   705    835    801    864
   706    820    803    877
   707    787    802    911
   708    782    810    908
   709    807    764    929
   710    806    774    920
   711    788    776    936
   712    791    795    914
   713    780    809    911
   714    750    809    941
   715    732    800    968
   716    822    786    892
   717    810    794    896
   718    827    737    936
   719    841    756    903
   720    863    767    870
   721    848    777    875
   722    844    746    910
   723    865    746    889
   724    856    761    883
   725    848    771    881
   726    833    759    908
   727    799    770    931
   728    806    755    939
   729    834    743    923
   730    836    742    922
   731    898    722    880
   732    846    754    900
   733    883    726    891
   734    932    704    864
   735    952    728    820
   736    919    750    831
   737    893    754    853
   738    868    755    877
   739    835    810    855
   740    802    796    902
   741    840    757    903
   742    824    766    910
   743    837    766    897
   744    817    766    917
   745    806    766    928
   746    772    816    912
   747    793    798    909
   748    821    783    896
   749    785    810    905
   750    799    794    907
   751    788    811    901
   752    771    801    928
   753    768    783    949
   754    797    776    927
   755    788    797    915
   756    794    781    925
   757    778    827    895
   758    785    796    919
   759    820    781    899
   760    829    744    927
   761    819    774    907
   762    803    789    908
   763    767    824    909
   764    783    827    890
   765    764    788    948
   766    839    758    903
   767    833    814    853
   768    819    800    881
   769    791    807    902
   770    794    834    872
   771    780    834    886
   772    771    801    928
   773    762    803    935
   774    775    810    915
   775    785    777    938
   776    847    722    931
   777    846    769    885
   778    849    777    874
   779    835    785    880
   780    880    756    864
   781    831    787    882
   782    793    812    895
   783    786    799    915
   784    805    771    924
   785    827    757    916
   786    875    747    878
   787    846    735    919
   788    847    756    897
   789    828    772    900
   790    844    748    908
   791    825    774    901
   792    821    805    874
   793    759    805    936
   794    798    763    939
   795    820    712    968
   796    849    698    953
   797    878    707    915
   798    867    716    917
   799    890    693    917
   800    893    746    861
   801    819    783    898
   802    814    754    932
   803    818    774    908
   804    822    782    896
   805    804    792    904
   806    819    792    889
   807    858    761    881
   808    860    755    885
   809    815    837    848
   810    780    830    890
   811    780    799    921
   812    793    766    941
   813    818    797    885
   814    791    787    922
   815    832    793    875
   816    839    775    886
   817    811    785    904
   818    818    752    930
   819    843    721    936
   820    875    736    889
   821    884    748    868
   822    828    801    871
   823    814    783    903
   824    806    819    875
   825    795    835    870
   826    758    845    897
   827    752    828    920
   828    790    804    906
   829    752    814    934
   830    768    810    922
   831    794    765    941
   832    815    741    944
   833    875    717    908
   834    886    751    863
   835    867    772    861
   836    840    801    859
   837    797    822    881
   838    793    809    898
   839    796    775    929
   840    785    778    937
   841    797    768    935
   842    801    733    966
   843    797    758    945
   844    856    708    936
   845    908    690    902
   846    911    715    874
   847    876    773    851
   848    857    782    861
   849    829    747    924
   850    857    772    871
   851    786    818    896
   852    814    803    883
   853    813    808    879
   854    810    777    913
   855    775    762    963
   856    823    776    901
   857    797    779    924
   858    820    752    928
   859    830    734    936
   860    842    755    903
   861    840    764    896
   862    835    791    874
   863    809    798    893
   864    769    797    934
   865    830    746    924
   866    824    785    891
   867    822    774    904
   868    823    786    891
   869    815    800    885
   870    821    779    900
   871    837    801    862
   872    810    811    879
   873    781    812    907
   874    791    795    914
   875    790    791    919
   876    825    741    934
   877    828    765    907
   878    842    757    901
   879    813    799    888
   880    812    778    910
   881    806    804    890
   882    760    797    943
   883    801    786    913
   884    803    801    896
   885    781    790    929
   886    801    765    934
   887    851    746    903
   888    821    761    918
   889    797    809    894
   890    802    795    903
   891    780    822    898
   892    752    821    927
   893    765    795    940
   894    801    805    894
   895    795    825    880
   896    754    863    883
   897    751    829    920
   898    757    794    949
   899    771    784    945
   900    804    771    925
   901    785    752    963
   902    822    754    924
   903    822    775    903
   904    833    772    895
   905    813    793    894
   906    804    787    909
   907    786    792    922
   908    774    796    930
   909    804    784    912
   910    813    739    948
   911    825    748    927
   912    862    737    901
   913    849    763    888
   914    860    775    865
   915    792    817    891
   916    843    797    860
   917    792    814    894
   918    794    800    906
   919    799    760    941
   920    804    764    932
   921    798    762    940
   922    800    768    932
   923    844    745    911
   924    858    778    864
   925    852    779    869
   926    886    748    866
   927    827    760    913
   928    888    723    889
   929    876    740    884
   930    809    781    910
   931    788    778    934
   932    831    714    955
   933    843    741    916
   934    859    781    860
   935    805    806    889
   936    798    802    900
   937    811    797    892
   938    816    757    927
   939    801    784    915
   940    767    758    975
   941    807    726    967
   942    834    721    945
   943    821    781    898
   944    826    767    907
   945    820    771    909
   946    824    745    931
   947    859    752    889
   948    851    761    888
   949    842    784    874
   950    818    807    875
   951    723    828    949
   952    812    757    931
   953    792    797    911
   954    769    788    943
   955    785    777    938
   956    812    759    929
   957    829    798    873
   958    825    811    864
   959    819    789    892
   960    819    774    907
   961    875    743    882
   962    815    764    921
   963    816    774    910
   964    828    757    915
   965    803    786    911
   966    801    811    888
   967    791    796    913
   968    786    783    931
   969    820    727    953
   970    829    739    932
   971    844    781    875
   972    804    787    909
   973    827    778    895
   974    783    786    931
   975    785    786    929
   976    782    788    930
   977    827    741    932
   978    809    748    943
   979    820    742    938
   980    861    709    930
   981    891    759    850
   982    837    795    868
   983    810    792    898
   984    781    814    905
   985    764    835    901
   986    794    805    901
   987    814    771    915
   988    826    751    923
   989    798    757    945
   990    860    721    919
   991    839    773    888
   992    821    761    918
   993    779    798    923
   994    800    805    895
   995    767    819    914
   996    769    798    933
   997    756    815    929
   998    770    824    906
   999    789    778    933
  1000    814    770    916
