# time (sweeps) | Susceptible | Infected | Recovered
     0     90      0   2410
     1     90      0   2410
     2     90      0   2410
     3     90      0   2410
     4     90      0   2410
     5     90      0   2410
     6     90      0   2410
     7     90      0   2410
     8     90      0   2410
     9     90      0   2410
    10     90      0   2410
    11     90      0   2410
    12     90      0   2410
    13     90      0   2410
    14     90      0   2410
    15     90      0   2410
    16     90      0   2410
    17     90      0   2410
    18     90      0   2410
    19     90      0   2410
    20     90      0   2410
    21     90      0   2410
    22     90      0   2410
    23     90      0   2410
    24     90      0   2410
    25     90      0   2410
    26     90      0   2410
    27     90      0   2410
    28     90      0   2410
    29     90      0   2410
    30     90      0   2410
    31     90      0   2410
    32     90      0   2410
    33     90      0   2410
    34     90      0   2410
    35     90      0   2410
    36     90      0   2410
    37     90      0   2410
    38     90      0   2410
    39     90      0   2410
    40     90      0   2410
    41     90      0   2410
    42     90      0   2410
    43     90      0   2410
    44     90      0   2410
    45     90      0   2410
    46     90      0   2410
    47     90      0   2410
    48     90      0   2410
    49     90      0   2410
    50     90      0   2410
    51     90      0   2410
    52     90      0   2410
    53     90      0   2410
    54     90      0   2410
    55     90      0   2410
    56     90      0   2410
    57     90      0   2410
    58     90      0   2410
    59     90      0   2410
    60     90      0   2410
    61     90      0   2410
    62     90      0   2410
    63     90      0   2410
    64     90      0   2410
    65     90      0   2410
    66     90      0   2410
    67     90      0   2410
    68     90      0   2410
    69     90      0   2410
    70     90      0   2410
    71     90      0   2410
    72     90      0   2410
    73     90      0   2410
    74     90      0   2410
    75     90      0   2410
    76     90      0   2410
    77     90      0   2410
    78     90      0   2410
    79     90      0   2410
    80     90      0   2410
    81     90      0   2410
    82     90      0   2410
    83     90      0   2410
    84     90      0   2410
    85     90      0   2410
    86     90      0   2410
    87     90      0   2410
    88     90      0   2410
    89     90      0   2410
    90     90      0   2410
    91     90      0   2410
    92     90      0   2410
    93     90      0   2410
    94     90      0   2410
    95     90      0   2410
    96     90      0   2410
    97     90      0   2410
    98     90      0   2410
    99     90      0   2410
   100     90      0   2410
   101     90      0   2410
   102     90      0   2410
   103     90      0   2410
   104     90      0   2410
   105     90      0   2410
   106     90      0   2410
   107     90      0   2410
   108     90      0   2410
   109     90      0   2410
   110     90      0   2410
   111     90      0   2410
   112     90      0   2410
   113     90      0   2410
   114     90      0   2410
   115     90      0   2410
   116     90      0   2410
   117     90      0   2410
   118     90      0   2410
   119     90      0   2410
   120     90      0   2410
   121     90      0   2410
   122     90      0   2410
   123     90      0   2410
   124     90      0   2410
   125     90      0   2410
   126     90      0   2410
   127     90      0   2410
   128     90      0   2410
   129     90      0   2410
   130     90      0   2410
   131     90      0   2410
   132     90      0   2410
   133     90      0   2410
   134     90      0   2410
   135     90      0   2410
   136     90      0   2410
   137     90      0   2410
   138     90      0   2410
   139     90      0   2410
   140     90      0   2410
   141     90      0   2410
   142     90      0   2410
   143     90      0   2410
   144     90      0   2410
   145     90      0   2410
   146     90      0   2410
   147     90      0   2410
   148     90      0   2410
   149     90      0   2410
   150     90      0   2410
   151     90      0   2410
   152     90      0   2410
   153     90      0   2410
   154     90      0   2410
   155     90      0   2410
   156     90      0   2410
   157     90      0   2410
   158     90      0   2410
   159     90      0   2410
   160     90      0   2410
   161     90      0   2410
   162     90      0   2410
   163     90      0   2410
   164     90      0   2410
   165     90      0   2410
   166     90      0   2410
   167     90      0   2410
   168     90      0   2410
   169     90      0   2410
   170     90      0   2410
   171     90      0   2410
   172     90      0   2410
   173     90      0   2410
   174     90      0   2410
   175     90      0   2410
   176     90      0   2410
   177     90      0   2410
   178     90      0   2410
   179     90      0   2410
   180     90      0   2410
   181     90      0   2410
   182     90      0   2410
   183     90      0   2410
   184     90      0   2410
   185     90      0   2410
   186     90      0   2410
   187     90      0   2410
   188     90      0   2410
   189     90      0   2410
   190     90      0   2410
   191     90      0   2410
   192     90      0   2410
   193     90      0   2410
   194     90      0   2410
   195     90      0   2410
   196     90      0   2410
   197     90      0   2410
   198     90      0   2410
   199     90      0   2410
   200     90      0   2410
   201     90      0   2410
   202     90      0   2410
   203     90      0   2410
   204     90      0   2410
   205     90      0   2410
   206     90      0   2410
   207     90      0   2410
   208     90      0   2410
   209     90      0   2410
   210     90      0   2410
   211     90      0   2410
   212     90      0   2410
   213     90      0   2410
   214     90      0   2410
   215     90      0   2410
   216     90      0   2410
   217     90      0   2410
   218     90      0   2410
   219     90      0   2410
   220     90      0   2410
   221     90      0   2410
   222     90      0   2410
   223     90      0   2410
   224     90      0   2410
   225     90      0   2410
   226     90      0   2410
   227     90      0   2410
   228     90      0   2410
   229     90      0   2410
   230     90      0   2410
   231     90      0   2410
   232     90      0   2410
   233     90      0   2410
   234     90      0   2410
   235     90      0   2410
   236     90      0   2410
   237     90      0   2410
   238     90      0   2410
   239     90      0   2410
   240     90      0   2410
   241     90      0   2410
   242     90      0   2410
   243     90      0   2410
   244     90      0   2410
   245     90      0   2410
   246     90      0   2410
   247     90      0   2410
   248     90      0   2410
   249     90      0   2410
   250     90      0   2410
   251     90      0   2410
   252     90      0   2410
   253     90      0   2410
   254     90      0   2410
   255     90      0   2410
   256     90      0   2410
   257     90      0   2410
   258     90      0   2410
   259     90      0   2410
   260     90      0   2410
   261     90      0   2410
   262     90      0   2410
   263     90      0   2410
   264     90      0   2410
   265     90      0   2410
   266     90      0   2410
   267     90      0   2410
   268     90      0   2410
   269     90      0   2410
   270     90      0   2410
   271     90      0   2410
   272     90      0   2410
   273     90      0   2410
   274     90      0   2410
   275     90      0   2410
   276     90      0   2410
   277     90      0   2410
   278     90      0   2410
   279     90      0   2410
   280     90      0   2410
   281     90      0   2410
   282     90      0   2410
   283     90      0   2410
   284     90      0   2410
   285     90      0   2410
   286     90      0   2410
   287     90      0   2410
   288     90      0   2410
   289     90      0   2410
   290     90      0   2410
   291     90      0   2410
   292     90      0   2410
   293     90      0   2410
   294     90      0   2410
   295     90      0   2410
   296     90      0   2410
   297     90      0   2410
   298     90      0   2410
   299     90      0   2410
   300     90      0   2410
   301     90      0   2410
   302     90      0   2410
   303     90      0   2410
   304     90      0   2410
   305     90      0   2410
   306     90      0   2410
   307     90      0   2410
   308     90      0   2410
   309     90      0   2410
   310     90      0   2410
   311     90      0   2410
   312     90      0   2410
   313     90      0   2410
   314     90      0   2410
   315     90      0   2410
   316     90      0   2410
   317     90      0   2410
   318     90      0   2410
   319     90      0   2410
   320     90      0   2410
   321     90      0   2410
   322     90      0   2410
   323     90      0   2410
   324     90      0   2410
   325     90      0   2410
   326     90      0   2410
   327     90      0   2410
   328     90      0   2410
   329     90      0   2410
   330     90      0   2410
   331     90      0   2410
   332     90      0   2410
   333     90      0   2410
   334     90      0   2410
   335     90      0   2410
   336     90      0   2410
   337     90      0   2410
   338     90      0   2410
   339     90      0   2410
   340     90      0   2410
   341     90      0   2410
   342     90      0   2410
   343     90      0   2410
   344     90      0   2410
   345     90      0   2410
   346     90      0   2410
   347     90      0   2410
   348     90      0   2410
   349     90      0   2410
   350     90      0   2410
   351     90      0   2410
   352     90      0   2410
   353     90      0   2410
   354     90      0   2410
   355     90      0   2410
   356     90      0   2410
   357     90      0   2410
   358     90      0   2410
   359     90      0   2410
   360     90      0   2410
   361     90      0   2410
   362     90      0   2410
   363     90      0   2410
   364     90      0   2410
   365     90      0   2410
   366     90      0   2410
   367     90      0   2410
   368     90      0   2410
   369     90      0   2410
   370     90      0   2410
   371     90      0   2410
   372     90      0   2410
   373     90      0   2410
   374     90      0   2410
   375     90      0   2410
   376     90      0   2410
   377     90      0   2410
   378     90      0   2410
   379     90      0   2410
   380     90      0   2410
   381     90      0   2410
   382     90      0   2410
   383     90      0   2410
   384     90      0   2410
   385     90      0   2410
   386     90      0   2410
   387     90      0   2410
   388     90      0   2410
   389     90      0   2410
   390     90      0   2410
   391     90      0   2410
   392     90      0   2410
   393     90      0   2410
   394     90      0   2410
   395     90      0   2410
   396     90      0   2410
   397     90      0   2410
   398     90      0   2410
   399     90      0   2410
   400     90      0   2410
   401     90      0   2410
   402     90      0   2410
   403     90      0   2410
   404     90      0   2410
   405     90      0   2410
   406     90      0   2410
   407     90      0   2410
   408     90      0   2410
   409     90      0   2410
   410     90      0   2410
   411     90      0   2410
   412     90      0   2410
   413     90      0   2410
   414     90      0   2410
   415     90      0   2410
   416     90      0   2410
   417     90      0   2410
   418     90      0   2410
   419     90      0   2410
   420     90      0   2410
   421     90      0   2410
   422     90      0   2410
   423     90      0   2410
   424     90      0   2410
   425     90      0   2410
   426     90      0   2410
   427     90      0   2410
   428     90      0   2410
   429     90      0   2410
   430     90      0   2410
   431     90      0   2410
   432     90      0   2410
   433     90      0   2410
   434     90      0   2410
   435     90      0   2410
   436     90      0   2410
   437     90      0   2410
   438     90      0   2410
   439     90      0   2410
   440     90      0   2410
   441     90      0   2410
   442     90      0   2410
   443     90      0   2410
   444     90      0   2410
   445     90      0   2410
   446     90      0   2410
   447     90      0   2410
   448     90      0   2410
   449     90      0   2410
   450     90      0   2410
   451     90      0   2410
   452     90      0   2410
   453     90      0   2410
   454     90      0   2410
   455     90      0   2410
   456     90      0   2410
   457     90      0   2410
   458     90      0   2410
   459     90      0   2410
   460     90      0   2410
   461     90      0   2410
   462     90      0   2410
   463     90      0   2410
   464     90      0   2410
   465     90      0   2410
   466     90      0   2410
   467     90      0   2410
   468     90      0   2410
   469     90      0   2410
   470     90      0   2410
   471     90      0   2410
   472     90      0   2410
   473     90      0   2410
   474     90      0   2410
   475     90      0   2410
   476     90      0   2410
   477     90      0   2410
   478     90      0   2410
   479     90      0   2410
   480     90      0   2410
   481     90      0   2410
   482     90      0   2410
   483     90      0   2410
   484     90      0   2410
   485     90      0   2410
   486     90      0   2410
   487     90      0   2410
   488     90      0   2410
   489     90      0   2410
   490     90      0   2410
   491     90      0   2410
   492     90      0   2410
   493     90      0   2410
   494     90      0   2410
   495     90      0   2410
   496     90      0   2410
   497     90      0   2410
   498     90      0   2410
   499     90      0   2410
   500     90      0   2410
   501     90      0   2410
   502     90      0   2410
   503     90      0   2410
   504     90      0   2410
   505     90      0   2410
   506     90      0   2410
   507     90      0   2410
   508     90      0   2410
   509     90      0   2410
   510     90      0   2410
   511     90      0   2410
   512     90      0   2410
   513     90      0   2410
   514     90      0   2410
   515     90      0   2410
   516     90      0   2410
   517     90      0   2410
   518     90      0   2410
   519     90      0   2410
   520     90      0   2410
   521     90      0   2410
   522     90      0   2410
   523     90      0   2410
   524     90      0   2410
   525     90      0   2410
   526     90      0   2410
   527     90      0   2410
   528     90      0   2410
   529     90      0   2410
   530     90      0   2410
   531     90      0   2410
   532     90      0   2410
   533     90      0   2410
   534     90      0   2410
   535     90      0   2410
   536     90      0   2410
   537     90      0   2410
   538     90      0   2410
   539     90      0   2410
   540     90      0   2410
   541     90      0   2410
   542     90      0   2410
   543     90      0   2410
   544     90      0   2410
   545     90      0   2410
   546     90      0   2410
   547     90      0   2410
   548     90      0   2410
   549     90      0   2410
   550     90      0   2410
   551     90      0   2410
   552     90      0   2410
   553     90      0   2410
   554     90      0   2410
   555     90      0   2410
   556     90      0   2410
   557     90      0   2410
   558     90      0   2410
   559     90      0   2410
   560     90      0   2410
   561     90      0   2410
   562     90      0   2410
   563     90      0   2410
   564     90      0   2410
   565     90      0   2410
   566     90      0   2410
   567     90      0   2410
   568     90      0   2410
   569     90      0   2410
   570     90      0   2410
   571     90      0   2410
   572     90      0   2410
   573     90      0   2410
   574     90      0   2410
   575     90      0   2410
   576     90      0   2410
   577     90      0   2410
   578     90      0   2410
   579     90      0   2410
   580     90      0   2410
   581     90      0   2410
   582     90      0   2410
   583     90      0   2410
   584     90      0   2410
   585     90      0   2410
   586     90      0   2410
   587     90      0   2410
   588     90      0   2410
   589     90      0   2410
   590     90      0   2410
   591     90      0   2410
   592     90      0   2410
   593     90      0   2410
   594     90      0   2410
   595     90      0   2410
   596     90      0   2410
   597     90      0   2410
   598     90      0   2410
   599     90      0   2410
   600     90      0   2410
   601     90      0   2410
   602     90      0   2410
   603     90      0   2410
   604     90      0   2410
   605     90      0   2410
   606     90      0   2410
   607     90      0   2410
   608     90      0   2410
   609     90      0   2410
   610     90      0   2410
   611     90      0   2410
   612     90      0   2410
   613     90      0   2410
   614     90      0   2410
   615     90      0   2410
   616     90      0   2410
   617     90      0   2410
   618     90      0   2410
   619     90      0   2410
   620     90      0   2410
   621     90      0   2410
   622     90      0   2410
   623     90      0   2410
   624     90      0   2410
   625     90      0   2410
   626     90      0   2410
   627     90      0   2410
   628     90      0   2410
   629     90      0   2410
   630     90      0   2410
   631     90      0   2410
   632     90      0   2410
   633     90      0   2410
   634     90      0   2410
   635     90      0   2410
   636     90      0   2410
   637     90      0   2410
   638     90      0   2410
   639     90      0   2410
   640     90      0   2410
   641     90      0   2410
   642     90      0   2410
   643     90      0   2410
   644     90      0   2410
   645     90      0   2410
   646     90      0   2410
   647     90      0   2410
   648     90      0   2410
   649     90      0   2410
   650     90      0   2410
   651     90      0   2410
   652     90      0   2410
   653     90      0   2410
   654     90      0   2410
   655     90      0   2410
   656     90      0   2410
   657     90      0   2410
   658     90      0   2410
   659     90      0   2410
   660     90      0   2410
   661     90      0   2410
   662     90      0   2410
   663     90      0   2410
   664     90      0   2410
   665     90      0   2410
   666     90      0   2410
   667     90      0   2410
   668     90      0   2410
   669     90      0   2410
   670     90      0   2410
   671     90      0   2410
   672     90      0   2410
   673     90      0   2410
   674     90      0   2410
   675     90      0   2410
   676     90      0   2410
   677     90      0   2410
   678     90      0   2410
   679     90      0   2410
   680     90      0   2410
   681     90      0   2410
   682     90      0   2410
   683     90      0   2410
   684     90      0   2410
   685     90      0   2410
   686     90      0   2410
   687     90      0   2410
   688     90      0   2410
   689     90      0   2410
   690     90      0   2410
   691     90      0   2410
   692     90      0   2410
   693     90      0   2410
   694     90      0   2410
   695     90      0   2410
   696     90      0   2410
   697     90      0   2410
   698     90      0   2410
   699     90      0   2410
   700     90      0   2410
   701     90      0   2410
   702     90      0   2410
   703     90      0   2410
   704     90      0   2410
   705     90      0   2410
   706     90      0   2410
   707     90      0   2410
   708     90      0   2410
   709     90      0   2410
   710     90      0   2410
   711     90      0   2410
   712     90      0   2410
   713     90      0   2410
   714     90      0   2410
   715     90      0   2410
   716     90      0   2410
   717     90      0   2410
   718     90      0   2410
   719     90      0   2410
   720     90      0   2410
   721     90      0   2410
   722     90      0   2410
   723     90      0   2410
   724     90      0   2410
   725     90      0   2410
   726     90      0   2410
   727     90      0   2410
   728     90      0   2410
   729     90      0   2410
   730     90      0   2410
   731     90      0   2410
   732     90      0   2410
   733     90      0   2410
   734     90      0   2410
   735     90      0   2410
   736     90      0   2410
   737     90      0   2410
   738     90      0   2410
   739     90      0   2410
   740     90      0   2410
   741     90      0   2410
   742     90      0   2410
   743     90      0   2410
   744     90      0   2410
   745     90      0   2410
   746     90      0   2410
   747     90      0   2410
   748     90      0   2410
   749     90      0   2410
   750     90      0   2410
   751     90      0   2410
   752     90      0   2410
   753     90      0   2410
   754     90      0   2410
   755     90      0   2410
   756     90      0   2410
   757     90      0   2410
   758     90      0   2410
   759     90      0   2410
   760     90      0   2410
   761     90      0   2410
   762     90      0   2410
   763     90      0   2410
   764     90      0   2410
   765     90      0   2410
   766     90      0   2410
   767     90      0   2410
   768     90      0   2410
   769     90      0   2410
   770     90      0   2410
   771     90      0   2410
   772     90      0   2410
   773     90      0   2410
   774     90      0   2410
   775     90      0   2410
   776     90      0   2410
   777     90      0   2410
   778     90      0   2410
   779     90      0   2410
   780     90      0   2410
   781     90      0   2410
   782     90      0   2410
   783     90      0   2410
   784     90      0   2410
   785     90      0   2410
   786     90      0   2410
   787     90      0   2410
   788     90      0   2410
   789     90      0   2410
   790     90      0   2410
   791     90      0   2410
   792     90      0   2410
   793     90      0   2410
   794     90      0   2410
   795     90      0   2410
   796     90      0   2410
   797     90      0   2410
   798     90      0   2410
   799     90      0   2410
   800     90      0   2410
   801     90      0   2410
   802     90      0   2410
   803     90      0   2410
   804     90      0   2410
   805     90      0   2410
   806     90      0   2410
   807     90      0   2410
   808     90      0   2410
   809     90      0   2410
   810     90      0   2410
   811     90      0   2410
   812     90      0   2410
   813     90      0   2410
   814     90      0   2410
   815     90      0   2410
   816     90      0   2410
   817     90      0   2410
   818     90      0   2410
   819     90      0   2410
   820     90      0   2410
   821     90      0   2410
   822     90      0   2410
   823     90      0   2410
   824     90      0   2410
   825     90      0   2410
   826     90      0   2410
   827     90      0   2410
   828     90      0   2410
   829     90      0   2410
   830     90      0   2410
   831     90      0   2410
   832     90      0   2410
   833     90      0   2410
   834     90      0   2410
   835     90      0   2410
   836     90      0   2410
   837     90      0   2410
   838     90      0   2410
   839     90      0   2410
   840     90      0   2410
   841     90      0   2410
   842     90      0   2410
   843     90      0   2410
   844     90      0   2410
   845     90      0   2410
   846     90      0   2410
   847     90      0   2410
   848     90      0   2410
   849     90      0   2410
   850     90      0   2410
   851     90      0   2410
   852     90      0   2410
   853     90      0   2410
   854     90      0   2410
   855     90      0   2410
   856     90      0   2410
   857     90      0   2410
   858     90      0   2410
   859     90      0   2410
   860     90      0   2410
   861     90      0   2410
   862     90      0   2410
   863     90      0   2410
   864     90      0   2410
   865     90      0   2410
   866     90      0   2410
   867     90      0   2410
   868     90      0   2410
   869     90      0   2410
   870     90      0   2410
   871     90      0   2410
   872     90      0   2410
   873     90      0   2410
   874     90      0   2410
   875     90      0   2410
   876     90      0   2410
   877     90      0   2410
   878     90      0   2410
   879     90      0   2410
   880     90      0   2410
   881     90      0   2410
   882     90      0   2410
   883     90      0   2410
   884     90      0   2410
   885     90      0   2410
   886     90      0   2410
   887     90      0   2410
   888     90      0   2410
   889     90      0   2410
   890     90      0   2410
   891     90      0   2410
   892     90      0   2410
   893     90      0   2410
   894     90      0   2410
   895     90      0   2410
   896     90      0   2410
   897     90      0   2410
   898     90      0   2410
   899     90      0   2410
   900     90      0   2410
   901     90      0   2410
   902     90      0   2410
   903     90      0   2410
   904     90      0   2410
   905     90      0   2410
   906     90      0   2410
   907     90      0   2410
   908     90      0   2410
   909     90      0   2410
   910     90      0   2410
   911     90      0   2410
   912     90      0   2410
   913     90      0   2410
   914     90      0   2410
   915     90      0   2410
   916     90      0   2410
   917     90      0   2410
   918     90      0   2410
   919     90      0   2410
   920     90      0   2410
   921     90      0   2410
   922     90      0   2410
   923     90      0   2410
   924     90      0   2410
   925     90      0   2410
   926     90      0   2410
   927     90      0   2410
   928     90      0   2410
   929     90      0   2410
   930     90      0   2410
   931     90      0   2410
   932     90      0   2410
   933     90      0   2410
   934     90      0   2410
   935     90      0   2410
   936     90      0   2410
   937     90      0   2410
   938     90      0   2410
   939     90      0   2410
   940     90      0   2410
   941     90      0   2410
   942     90      0   2410
   943     90      0   2410
   944     90      0   2410
   945     90      0   2410
   946     90      0   2410
   947     90      0   2410
   948     90      0   2410
   949     90      0   2410
   950     90      0   2410
   951     90      0   2410
   952     90      0   2410
   953     90      0   2410
   954     90      0   2410
   955     90      0   2410
   956     90      0   2410
   957     90      0   2410
   958     90      0   2410
   959     90      0   2410
   960     90      0   2410
   961     90      0   2410
   962     90      0   2410
   963     90      0   2410
   964     90      0   2410
   965     90      0   2410
   966     90      0   2410
   967     90      0   2410
   968     90      0   2410
   969     90      0   2410
   970     90      0   2410
   971     90      0   2410
   972     90      0   2410
   973     90      0   2410
   974     90      0   2410
   975     90      0   2410
   976     90      0   2410
   977     90      0   2410
   978     90      0   2410
   979     90      0   2410
   980     90      0   2410
   981     90      0   2410
   982     90      0   2410
   983     90      0   2410
   984     90      0   2410
   985     90      0   2410
   986     90      0   2410
   987     90      0   2410
   988     90      0   2410
   989     90      0   2410
   990     90      0   2410
   991     90      0   2410
   992     90      0   2410
   993     90      0   2410
   994     90      0   2410
   995     90      0   2410
   996     90      0   2410
   997     90      0   2410
   998     90      0   2410
   999     90      0   2410
  1000     90      0   2410
