# time (sweeps) | Susceptible | Infected | Recovered
     0   1734    397    369
     1   1730    422    348
     2   1723    395    382
     3   1717    428    355
     4   1720    416    364
     5   1658    446    396
     6   1682    408    410
     7   1709    397    394
     8   1759    383    358
     9   1777    392    331
    10   1738    397    365
    11   1716    407    377
    12   1736    410    354
    13   1761    398    341
    14   1766    381    353
    15   1775    373    352
    16   1759    402    339
    17   1753    386    361
    18   1771    413    316
    19   1710    413    377
    20   1686    430    384
    21   1651    443    406
    22   1663    419    418
    23   1684    421    395
    24   1647    460    393
    25   1579    496    425
    26   1591    475    434
    27   1601    500    399
    28   1610    468    422
    29   1606    484    410
    30   1582    492    426
    31   1621    476    403
    32   1627    459    414
    33   1614    464    422
    34   1570    484    446
    35   1618    428    454
    36   1632    431    437
    37   1637    438    425
    38   1629    449    422
    39   1599    484    417
    40   1561    502    437
    41   1566    494    440
    42   1615    448    437
    43   1687    393    420
    44   1710    393    397
    45   1700    404    396
    46   1755    377    368
    47   1774    368    358
    48   1777    386    337
    49   1751    414    335
    50   1727    421    352
    51   1707    431    362
    52   1667    445    388
    53   1694    409    397
    54   1692    422    386
    55   1697    423    380
    56   1687    416    397
    57   1721    384    395
    58   1742    392    366
    59   1745    395    360
    60   1714    403    383
    61   1744    397    359
    62   1737    397    366
    63   1740    385    375
    64   1785    356    359
    65   1773    375    352
    66   1790    380    330
    67   1777    384    339
    68   1768    376    356
    69   1770    379    351
    70   1791    387    322
    71   1743    420    337
    72   1698    433    369
    73   1679    440    381
    74   1681    450    369
    75   1662    433    405
    76   1645    438    417
    77   1666    430    404
    78   1673    429    398
    79   1681    435    384
    80   1697    446    357
    81   1667    430    403
    82   1684    407    409
    83   1674    432    394
    84   1703    405    392
    85   1707    427    366
    86   1672    423    405
    87   1697    400    403
    88   1752    368    380
    89   1751    373    376
    90   1754    373    373
    91   1787    352    361
    92   1776    378    346
    93   1781    374    345
    94   1791    390    319
    95   1707    436    357
    96   1686    444    370
    97   1668    430    402
    98   1642    453    405
    99   1640    446    414
   100   1664    418    418
   101   1688    392    420
   102   1728    409    363
   103   1696    437    367
   104   1645    489    366
   105   1632    475    393
   106   1600    479    421
   107   1603    465    432
   108   1593    493    414
   109   1617    459    424
   110   1622    459    419
   111   1636    458    406
   112   1646    449    405
   113   1666    433    401
   114   1655    429    416
   115   1660    436    404
   116   1692    443    365
   117   1653    474    373
   118   1649    443    408
   119   1619    487    394
   120   1598    475    427
   121   1563    502    435
   122   1567    455    478
   123   1578    464    458
   124   1570    487    443
   125   1594    458    448
   126   1584    485    431
   127   1581    475    444
   128   1575    491    434
   129   1583    462    455
   130   1634    423    443
   131   1656    403    441
   132   1643    418    439
   133   1711    389    400
   134   1737    399    364
   135   1744    375    381
   136   1748    377    375
   137   1747    381    372
   138   1760    394    346
   139   1743    400    357
   140   1759    366    375
   141   1776    372    352
   142   1780    367    353
   143   1759    385    356
   144   1750    400    350
   145   1712    423    365
   146   1710    416    374
   147   1703    417    380
   148   1717    407    376
   149   1752    396    352
   150   1732    436    332
   151   1712    427    361
   152   1711    416    373
   153   1737    384    379
   154   1752    389    359
   155   1714    427    359
   156   1728    406    366
   157   1712    420    368
   158   1703    409    388
   159   1763    388    349
   160   1743    412    345
   161   1745    398    357
   162   1728    408    364
   163   1712    400    388
   164   1709    411    380
   165   1706    415    379
   166   1688    424    388
   167   1712    442    346
   168   1687    478    335
   169   1652    459    389
   170   1637    469    394
   171   1612    477    411
   172   1625    463    412
   173   1611    464    425
   174   1665    420    415
   175   1678    414    408
   176   1689    437    374
   177   1681    430    389
   178   1712    417    371
   179   1733    401    366
   180   1750    401    349
   181   1731    428    341
   182   1744    405    351
   183   1725    418    357
   184   1727    412    361
   185   1698    436    366
   186   1702    457    341
   187   1690    438    372
   188   1676    450    374
   189   1613    454    433
   190   1656    393    451
   191   1694    396    410
   192   1723    393    384
   193   1714    432    354
   194   1648    447    405
   195   1635    466    399
   196   1648    439    413
   197   1642    420    438
   198   1689    412    399
   199   1674    431    395
   200   1734    390    376
   201   1707    431    362
   202   1684    404    412
   203   1686    424    390
   204   1702    412    386
   205   1687    408    405
   206   1679    413    408
   207   1698    407    395
   208   1709    402    389
   209   1694    415    391
   210   1709    422    369
   211   1668    441    391
   212   1664    470    366
   213   1654    466    380
   214   1648    444    408
   215   1656    428    416
   216   1649    429    422
   217   1699    417    384
   218   1685    423    392
   219   1682    444    374
   220   1720    433    347
   221   1690    418    392
   222   1662    416    422
   223   1669    419    412
   224   1718    382    400
   225   1717    419    364
   226   1722    415    363
   227   1723    395    382
   228   1777    347    376
   229   1811    345    344
   230   1810    353    337
   231   1797    375    328
   232   1794    366    340
   233   1773    372    355
   234   1756    366    378
   235   1742    390    368
   236   1740    403    357
   237   1667    432    401
   238   1641    445    414
   239   1665    428    407
   240   1656    450    394
   241   1672    423    405
   242   1680    425    395
   243   1683    435    382
   244   1667    461    372
   245   1626    460    414
   246   1650    422    428
   247   1661    423    416
   248   1703    393    404
   249   1733    387    380
   250   1739    406    355
   251   1719    426    355
   252   1718    427    355
   253   1680    459    361
   254   1655    483    362
   255   1610    485    405
   256   1626    460    414
   257   1645    454    401
   258   1634    448    418
   259   1620    456    424
   260   1632    467    401
   261   1664    423    413
   262   1652    433    415
   263   1640    427    433
   264   1681    448    371
   265   1657    451    392
   266   1630    461    409
   267   1645    439    416
   268   1645    438    417
   269   1657    441    402
   270   1664    455    381
   271   1614    434    452
   272   1661    417    422
   273   1723    408    369
   274   1741    385    374
   275   1755    385    360
   276   1755    398    347
   277   1741    398    361
   278   1763    402    335
   279   1738    412    350
   280   1704    460    336
   281   1664    439    397
   282   1683    405    412
   283   1713    406    381
   284   1702    429    369
   285   1672    451    377
   286   1691    401    408
   287   1727    382    391
   288   1711    384    405
   289   1731    389    380
   290   1769    363    368
   291   1812    364    324
   292   1835    367    298
   293   1848    330    322
   294   1826    349    325
   295   1818    343    339
   296   1780    389    331
   297   1749    413    338
   298   1721    427    352
   299   1663    437    400
   300   1664    433    403
   301   1677    426    397
   302   1682    425    393
   303   1680    435    385
   304   1715    408    377
   305   1726    421    353
   306   1713    438    349
   307   1703    400    397
   308   1718    395    387
   309   1723    393    384
   310   1719    386    395
   311   1748    364    388
   312   1767    371    362
   313   1764    387    349
   314   1781    362    357
   315   1768    422    310
   316   1725    419    356
   317   1710    418    372
   318   1715    409    376
   319   1686    445    369
   320   1679    442    379
   321   1691    423    386
   322   1658    450    392
   323   1668    429    403
   324   1677    408    415
   325   1658    423    419
   326   1640    442    418
   327   1663    435    402
   328   1676    425    399
   329   1734    385    381
   330   1732    426    342
   331   1680    454    366
   332   1646    455    399
   333   1639    454    407
   334   1591    472    437
   335   1637    447    416
   336   1643    432    425
   337   1655    445    400
   338   1657    463    380
   339   1640    455    405
   340   1650    459    391
   341   1675    444    381
   342   1683    431    386
   343   1688    442    370
   344   1672    448    380
   345   1672    477    351
   346   1669    450    381
   347   1625    481    394
   348   1582    482    436
   349   1620    477    403
   350   1620    461    419
   351   1611    472    417
   352   1609    466    425
   353   1574    486    440
   354   1598    466    436
   355   1620    479    401
   356   1623    474    403
   357   1593    492    415
   358   1588    481    431
   359   1604    459    437
   360   1633    426    441
   361   1663    450    387
   362   1620    477    403
   363   1639    448    413
   364   1682    443    375
   365   1644    460    396
   366   1603    508    389
   367   1591    491    418
   368   1560    506    434
   369   1565    486    449
   370   1574    463    463
   371   1633    424    443
   372   1678    422    400
   373   1705    401    394
   374   1717    403    380
   375   1697    414    389
   376   1702    439    359
   377   1674    442    384
   378   1699    429    372
   379   1729    401    370
   380   1770    386    344
   381   1733    406    361
   382   1753    378    369
   383   1785    388    327
   384   1807    354    339
   385   1820    366    314
   386   1792    363    345
   387   1785    360    355
   388   1793    358    349
   389   1814    363    323
   390   1814    354    332
   391   1808    367    325
   392   1820    363    317
   393   1824    344    332
   394   1806    362    332
   395   1776    390    334
   396   1766    395    339
   397   1779    376    345
   398   1799    378    323
   399   1780    379    341
   400   1775    389    336
   401   1746    394    360
   402   1772    350    378
   403   1777    386    337
   404   1714    432    354
   405   1717    429    354
   406   1706    439    355
   407   1673    464    363
   408   1689    437    374
   409   1675    431    394
   410   1639    453    408
   411   1619    456    425
   412   1659    438    403
   413   1664    463    373
   414   1618    487    395
   415   1631    429    440
   416   1646    457    397
   417   1608    471    421
   418   1622    464    414
   419   1631    441    428
   420   1601    465    434
   421   1633    455    412
   422   1597    485    418
   423   1572    486    442
   424   1605    467    428
   425   1628    438    434
   426   1626    459    415
   427   1652    440    408
   428   1656    436    408
   429   1662    443    395
   430   1629    469    402
   431   1615    456    429
   432   1639    439    422
   433   1650    441    409
   434   1643    446    411
   435   1642    445    413
   436   1666    420    414
   437   1687    429    384
   438   1671    426    403
   439   1677    389    434
   440   1707    363    430
   441   1732    377    391
   442   1749    378    373
   443   1780    382    338
   444   1780    376    344
   445   1763    379    358
   446   1757    392    351
   447   1781    391    328
   448   1743    397    360
   449   1711    404    385
   450   1722    410    368
   451   1748    374    378
   452   1775    376    349
   453   1800    357    343
   454   1804    380    316
   455   1803    383    314
   456   1760    402    338
   457   1725    427    348
   458   1723    415    362
   459   1730    426    344
   460   1736    424    340
   461   1704    447    349
   462   1676    462    362
   463   1670    430    400
   464   1698    421    381
   465   1690    414    396
   466   1728    398    374
   467   1735    370    395
   468   1752    379    369
   469   1731    414    355
   470   1710    426    364
   471   1678    450    372
   472   1699    411    390
   473   1748    368    384
   474   1752    384    364
   475   1767    386    347
   476   1763    401    336
   477   1757    376    367
   478   1767    370    363
   479   1819    334    347
   480   1819    353    328
   481   1829    371    300
   482   1824    382    294
   483   1811    365    324
   484   1786    370    344
   485   1752    399    349
   486   1729    415    356
   487   1718    454    328
   488   1641    496    363
   489   1634    467    399
   490   1644    445    411
   491   1669    437    394
   492   1653    449    398
   493   1652    456    392
   494   1665    434    401
   495   1679    403    418
   496   1712    374    414
   497   1741    364    395
   498   1745    420    335
   499   1704    428    368
   500   1708    417    375
   501   1692    422    386
   502   1693    430    377
   503   1691    440    369
   504   1675    449    376
   505   1656    461    383
   506   1650    470    380
   507   1630    460    410
   508   1597    484    419
   509   1574    501    425
   510   1583    479    438
   511   1590    498    412
   512   1603    474    423
   513   1594    484    422
   514   1612    468    420
   515   1631    462    407
   516   1636    452    412
   517   1651    426    423
   518   1655    430    415
   519   1674    416    410
   520   1704    395    401
   521   1730    375    395
   522   1735    368    397
   523   1758    357    385
   524   1773    396    331
   525   1786    390    324
   526   1774    383    343
   527   1768    392    340
   528   1765    372    363
   529   1804    368    328
   530   1800    377    323
   531   1761    409    330
   532   1726    438    336
   533   1675    467    358
   534   1667    463    370
   535   1602    484    414
   536   1623    441    436
   537   1625    454    421
   538   1622    470    408
   539   1618    455    427
   540   1659    400    441
   541   1678    418    404
   542   1675    426    399
   543   1688    428    384
   544   1722    392    386
   545   1738    399    363
   546   1766    360    374
   547   1763    378    359
   548   1770    378    352
   549   1756    399    345
   550   1747    402    351
   551   1742    401    357
   552   1738    397    365
   553   1722    421    357
   554   1662    468    370
   555   1640    484    376
   556   1634    467    399
   557   1631    459    410
   558   1604    474    422
   559   1598    485    417
   560   1566    504    430
   561   1573    493    434
   562   1586    452    462
   563   1609    445    446
   564   1613    420    467
   565   1611    447    442
   566   1641    441    418
   567   1667    452    381
   568   1673    447    380
   569   1695    425    380
   570   1642    475    383
   571   1641    450    409
   572   1640    432    428
   573   1632    449    419
   574   1629    439    432
   575   1633    436    431
   576   1654    438    408
   577   1657    427    416
   578   1680    438    382
   579   1645    473    382
   580   1629    457    414
   581   1633    452    415
   582   1642    458    400
   583   1627    483    390
   584   1599    487    414
   585   1598    473    429
   586   1592    466    442
   587   1607    436    457
   588   1637    450    413
   589   1633    456    411
   590   1642    450    408
   591   1664    437    399
   592   1690    429    381
   593   1681    433    386
   594   1684    469    347
   595   1621    451    428
   596   1662    430    408
   597   1672    448    380
   598   1661    448    391
   599   1671    425    404
   600   1657    432    411
   601   1680    408    412
   602   1689    384    427
   603   1729    371    400
   604   1714    413    373
   605   1719    409    372
   606   1726    415    359
   607   1720    428    352
   608   1722    413    365
   609   1704    439    357
   610   1651    471    378
   611   1652    439    409
   612   1675    443    382
   613   1682    411    407
   614   1701    402    397
   615   1671    435    394
   616   1649    453    398
   617   1637    478    385
   618   1639    462    399
   619   1634    454    412
   620   1623    443    434
   621   1593    486    421
   622   1589    458    453
   623   1616    443    441
   624   1625    454    421
   625   1637    447    416
   626   1666    415    419
   627   1701    403    396
   628   1734    380    386
   629   1760    369    371
   630   1741    394    365
   631   1753    387    360
   632   1749    390    361
   633   1710    457    333
   634   1707    425    368
   635   1679    430    391
   636   1661    429    410
   637   1622    438    440
   638   1662    423    415
   639   1667    404    429
   640   1664    424    412
   641   1700    425    375
   642   1711    412    377
   643   1718    397    385
   644   1716    405    379
   645   1714    413    373
   646   1696    449    355
   647   1666    471    363
   648   1639    462    399
   649   1624    468    408
   650   1633    457    410
   651   1649    468    383
   652   1615    476    409
   653   1631    454    415
   654   1618    469    413
   655   1576    497    427
   656   1564    498    438
   657   1573    473    454
   658   1539    507    454
   659   1538    526    436
   660   1560    514    426
   661   1575    466    459
   662   1592    448    460
   663   1645    421    434
   664   1684    420    396
   665   1622    460    418
   666   1634    461    405
   667   1603    468    429
   668   1624    458    418
   669   1603    483    414
   670   1609    458    433
   671   1625    440    435
   672   1630    433    437
   673   1629    452    419
   674   1579    511    410
   675   1569    522    409
   676   1585    479    436
   677   1633    447    420
   678   1644    473    383
   679   1629    448    423
   680   1627    453    420
   681   1623    449    428
   682   1625    450    425
   683   1659    441    400
   684   1656    431    413
   685   1666    429    405
   686   1671    444    385
   687   1669    423    408
   688   1673    424    403
   689   1682    435    383
   690   1706    413    381
   691   1705    400    395
   692   1707    406    387
   693   1699    424    377
   694   1668    431    401
   695   1684    431    385
   696   1696    397    407
   697   1681    419    400
   698   1708    404    388
   699   1692    416    392
   700   1696    415    389
   701   1690    427    383
   702   1700    422    378
   703   1687    431    382
   704   1697    427    376
   705   1675    435    390
   706   1698    418    384
   707   1672    422    406
   708   1682    427    391
   709   1677    444    379
   710   1660    436    404
   711   1674    405    421
   712   1675    431    394
   713   1676    418    406
   714   1676    419    405
   715   1709    394    397
   716   1721    396    383
   717   1711    423    366
   718   1718    410    372
   719   1702    420    378
   720   1679    451    370
   721   1681    430    389
   722   1686    417    397
   723   1699    405    396
   724   1684    415    401
   725   1696    406    398
   726   1684    432    384
   727   1666    436    398
   728   1648    434    418
   729   1628    461    411
   730   1649    454    397
   731   1648    428    424
   732   1661    437    402
   733   1666    414    420
   734   1679    420    401
   735   1693    440    367
   736   1666    448    386
   737   1681    413    406
   738   1683    413    404
   739   1691    398    411
   740   1716    381    403
   741   1721    423    356
   742   1735    406    359
   743   1682    416    402
   744   1676    396    428
   745   1699    405    396
   746   1693    424    383
   747   1637    462    401
   748   1643    468    389
   749   1625    453    422
   750   1603    481    416
   751   1610    476    414
   752   1625    448    427
   753   1632    430    438
   754   1659    424    417
   755   1686    404    410
   756   1702    410    388
   757   1702    411    387
   758   1706    433    361
   759   1693    432    375
   760   1729    416    355
   761   1716    423    361
   762   1685    442    373
   763   1668    440    392
   764   1668    424    408
   765   1662    421    417
   766   1694    407    399
   767   1706    382    412
   768   1718    399    383
   769   1730    402    368
   770   1705    410    385
   771   1706    405    389
   772   1720    397    383
   773   1765    392    343
   774   1795    355    350
   775   1796    381    323
   776   1755    411    334
   777   1716    423    361
   778   1711    409    380
   779   1727    393    380
   780   1742    398    360
   781   1764    401    335
   782   1775    391    334
   783   1761    362    377
   784   1821    327    352
   785   1824    331    345
   786   1826    338    336
   787   1836    350    314
   788   1823    368    309
   789   1798    379    323
   790   1816    352    332
   791   1831    363    306
   792   1852    334    314
   793   1880    304    316
   794   1880    301    319
   795   1884    297    319
   796   1939    268    293
   797   1937    300    263
   798   1921    317    262
   799   1896    343    261
   800   1894    338    268
   801   1856    363    281
   802   1826    378    296
   803   1798    403    299
   804   1786    391    323
   805   1807    376    317
   806   1763    394    343
   807   1725    421    354
   808   1721    408    371
   809   1681    430    389
   810   1677    421    402
   811   1657    434    409
   812   1677    436    387
   813   1694    443    363
   814   1686    442    372
   815   1666    464    370
   816   1623    488    389
   817   1643    455    402
   818   1622    469    409
   819   1607    472    421
   820   1573    501    426
   821   1572    478    450
   822   1614    450    436
   823   1625    451    424
   824   1628    446    426
   825   1673    419    408
   826   1728    393    379
   827   1728    418    354
   828   1694    442    364
   829   1653    467    380
   830   1650    451    399
   831   1613    471    416
   832   1579    486    435
   833   1599    470    431
   834   1642    462    396
   835   1644    454    402
   836   1635    457    408
   837   1619    474    407
   838   1593    506    401
   839   1565    492    443
   840   1558    484    458
   841   1613    466    421
   842   1578    480    442
   843   1573    478    449
   844   1590    461    449
   845   1627    426    447
   846   1624    469    407
   847   1624    465    411
   848   1639    469    392
   849   1618    478    404
   850   1630    440    430
   851   1634    454    412
   852   1627    443    430
   853   1659    446    395
   854   1677    431    392
   855   1650    451    399
   856   1660    442    398
   857   1649    460    391
   858   1647    465    388
   859   1627    463    410
   860   1594    458    448
   861   1632    429    439
   862   1643    414    443
   863   1688    399    413
   864   1686    413    401
   865   1697    402    401
   866   1714    374    412
   867   1702    423    375
   868   1708    417    375
   869   1688    419    393
   870   1691    424    385
   871   1680    442    378
   872   1652    451    397
   873   1662    455    383
   874   1637    476    387
   875   1668    453    379
   876   1675    402    423
   877   1727    366    407
   878   1735    392    373
   879   1740    415    345
   880   1709    423    368
   881   1700    417    383
   882   1700    401    399
   883   1755    362    383
   884   1765    368    367
   885   1760    404    336
   886   1763    403    334
   887   1743    424    333
   888   1697    443    360
   889   1666    443    391
   890   1642    435    423
   891   1715    381    404
   892   1747    345    408
   893   1779    354    367
   894   1796    361    343
   895   1777    404    319
   896   1751    407    342
   897   1759    379    362
   898   1743    385    372
   899   1746    371    383
   900   1761    378    361
   901   1782    380    338
   902   1722    406    372
   903   1726    384    390
   904   1748    372    380
   905   1758    379    363
   906   1704    421    375
   907   1693    422    385
   908   1663    446    391
   909   1691    437    372
   910   1686    415    399
   911   1703    377    420
   912   1780    333    387
   913   1804    353    343
   914   1811    359    330
   915   1812    369    319
   916   1812    359    329
   917   1777    365    358
   918   1751    387    362
   919   1784    343    373
   920   1806    336    358
   921   1840    332    328
   922   1815    384    301
   923   1739    411    350
   924   1727    413    360
   925   1750    386    364
   926   1776    359    365
   927   1773    392    335
   928   1774    387    339
   929   1750    380    370
   930   1724    409    367
   931   1692    440    368
   932   1714    386    400
   933   1741    404    355
   934   1747    384    369
   935   1797    345    358
   936   1793    348    359
   937   1775    378    347
   938   1739    418    343
   939   1746    405    349
   940   1728    417    355
   941   1752    375    373
   942   1791    368    341
   943   1781    385    334
   944   1754    409    337
   945   1704    440    356
   946   1737    381    382
   947   1749    367    384
   948   1772    371    357
   949   1800    369    331
   950   1819    368    313
   951   1776    398    326
   952   1748    418    334
   953   1705    432    363
   954   1736    376    388
   955   1773    348    379
   956   1784    367    349
   957   1804    353    343
   958   1792    365    343
   959   1778    356    366
   960   1803    354    343
   961   1798    364    338
   962   1781    369    350
   963   1817    370    313
   964   1825    348    327
   965   1815    355    330
   966   1832    356    312
   967   1813    376    311
   968   1785    374    341
   969   1802    381    317
   970   1763    400    337
   971   1744    393    363
   972   1728    425    347
   973   1726    409    365
   974   1721    416    363
   975   1703    408    389
   976   1695    433    372
   977   1689    436    375
   978   1688    430    382
   979   1671    455    374
   980   1660    470    370
   981   1639    490    371
   982   1620    477    403
   983   1623    489    388
   984   1617    471    412
   985   1595    483    422
   986   1565    482    453
   987   1584    490    426
   988   1588    476    436
   989   1605    485    410
   990   1580    500    420
   991   1574    493    433
   992   1591    456    453
   993   1591    467    442
   994   1600    485    415
   995   1618    478    404
   996   1595    481    424
   997   1579    477    444
   998   1623    442    435
   999   1678    408    414
  1000   1699    398    403
