# time (sweeps) | Susceptible | Infected | Recovered
     0    785    701   1014
     1    797    702   1001
     2    798    683   1019
     3    848    655    997
     4    846    660    994
     5    855    666    979
     6    839    691    970
     7    827    713    960
     8    839    714    947
     9    829    706    965
    10    758    759    983
    11    716    755   1029
    12    748    743   1009
    13    776    712   1012
    14    776    698   1026
    15    772    712   1016
    16    791    704   1005
    17    765    703   1032
    18    803    685   1012
    19    788    686   1026
    20    794    684   1022
    21    810    699    991
    22    739    765    996
    23    740    736   1024
    24    751    755    994
    25    757    711   1032
    26    783    683   1034
    27    840    656   1004
    28    872    651    977
    29    849    672    979
    30    847    725    928
    31    805    744    951
    32    790    707   1003
    33    746    744   1010
    34    780    697   1023
    35    786    703   1011
    36    780    698   1022
    37    814    719    967
    38    777    718   1005
    39    733    759   1008
    40    743    742   1015
    41    760    719   1021
    42    808    651   1041
    43    841    659   1000
    44    832    651   1017
    45    817    659   1024
    46    829    654   1017
    47    831    678    991
    48    821    708    971
    49    819    697    984
    50    806    724    970
    51    785    729    986
    52    777    759    964
    53    800    711    989
    54    805    698    997
    55    822    698    980
    56    813    707    980
    57    792    726    982
    58    785    693   1022
    59    809    675   1016
    60    818    681   1001
    61    803    703    994
    62    805    677   1018
    63    798    681   1021
    64    861    636   1003
    65    895    629    976
    66    904    655    941
    67    910    706    884
    68    796    773    931
    69    771    765    964
    70    771    759    970
    71    729    767   1004
    72    693    806   1001
    73    732    748   1020
    74    725    737   1038
    75    762    672   1066
    76    792    673   1035
    77    868    633    999
    78    842    678    980
    79    856    657    987
    80    869    658    973
    81    847    699    954
    82    834    705    961
    83    835    695    970
    84    819    684    997
    85    825    656   1019
    86    895    643    962
    87    909    619    972
    88    885    650    965
    89    858    648    994
    90    868    657    975
    91    888    653    959
    92    877    658    965
    93    854    663    983
    94    876    668    956
    95    879    693    928
    96    885    686    929
    97    832    762    906
    98    751    793    956
    99    717    781   1002
   100    760    726   1014
   101    782    722    996
   102    767    714   1019
   103    784    710   1006
   104    755    739   1006
   105    786    689   1025
   106    799    693   1008
   107    798    686   1016
   108    778    685   1037
   109    777    687   1036
   110    828    661   1011
   111    816    677   1007
   112    819    693    988
   113    837    692    971
   114    843    684    973
   115    820    716    964
   116    815    728    957
   117    811    691    998
   118    789    726    985
   119    785    734    981
   120    759    745    996
   121    730    721   1049
   122    752    732   1016
   123    764    724   1012
   124    745    724   1031
   125    794    691   1015
   126    763    711   1026
   127    837    647   1016
   128    828    647   1025
   129    843    654   1003
   130    846    638   1016
   131    823    645   1032
   132    810    658   1032
   133    854    664    982
   134    860    679    961
   135    822    698    980
   136    799    700   1001
   137    801    685   1014
   138    782    695   1023
   139    810    691    999
   140    830    663   1007
   141    864    666    970
   142    837    694    969
   143    852    668    980
   144    868    655    977
   145    835    665   1000
   146    833    669    998
   147    833    679    988
   148    824    695    981
   149    830    688    982
   150    863    670    967
   151    897    666    937
   152    856    683    961
   153    869    674    957
   154    855    668    977
   155    844    672    984
   156    844    691    965
   157    856    684    960
   158    818    695    987
   159    822    698    980
   160    856    672    972
   161    849    659    992
   162    849    654    997
   163    820    697    983
   164    848    695    957
   165    810    684   1006
   166    809    707    984
   167    831    721    948
   168    837    713    950
   169    818    750    932
   170    786    729    985
   171    808    718    974
   172    819    726    955
   173    807    698    995
   174    816    713    971
   175    823    709    968
   176    812    705    983
   177    801    720    979
   178    778    719   1003
   179    775    717   1008
   180    834    692    974
   181    832    694    974
   182    859    679    962
   183    875    695    930
   184    802    693   1005
   185    786    715    999
   186    790    708   1002
   187    804    668   1028
   188    799    686   1015
   189    774    710   1016
   190    766    724   1010
   191    751    738   1011
   192    709    757   1034
   193    728    701   1071
   194    793    673   1034
   195    847    643   1010
   196    861    621   1018
   197    859    639   1002
   198    849    654    997
   199    859    678    963
   200    854    684    962
   201    803    702    995
   202    818    680   1002
   203    822    694    984
   204    805    686   1009
   205    809    686   1005
   206    832    692    976
   207    814    722    964
   208    789    744    967
   209    800    746    954
   210    796    705    999
   211    795    714    991
   212    803    701    996
   213    819    735    946
   214    772    714   1014
   215    813    703    984
   216    765    724   1011
   217    778    708   1014
   218    795    723    982
   219    784    727    989
   220    771    719   1010
   221    708    738   1054
   222    743    685   1072
   223    785    711   1004
   224    800    683   1017
   225    837    630   1033
   226    861    620   1019
   227    931    555   1014
   228    932    598    970
   229    942    614    944
   230    921    676    903
   231    880    684    936
   232    862    704    934
   233    841    695    964
   234    824    723    953
   235    816    745    939
   236    725    763   1012
   237    755    715   1030
   238    759    719   1022
   239    815    658   1027
   240    858    651    991
   241    843    666    991
   242    845    669    986
   243    809    713    978
   244    792    699   1009
   245    779    700   1021
   246    784    695   1021
   247    853    667    980
   248    867    666    967
   249    894    666    940
   250    885    655    960
   251    887    632    981
   252    894    639    967
   253    935    662    903
   254    903    678    919
   255    821    701    978
   256    824    716    960
   257    855    697    948
   258    827    709    964
   259    842    705    953
   260    836    699    965
   261    808    724    968
   262    758    753    989
   263    764    737    999
   264    793    697   1010
   265    839    665    996
   266    825    665   1010
   267    845    652   1003
   268    866    663    971
   269    825    665   1010
   270    836    667    997
   271    876    638    986
   272    884    639    977
   273    847    669    984
   274    831    661   1008
   275    829    687    984
   276    838    684    978
   277    831    712    957
   278    782    719    999
   279    775    722   1003
   280    775    745    980
   281    756    751    993
   282    753    724   1023
   283    740    760   1000
   284    727    764   1009
   285    743    714   1043
   286    750    699   1051
   287    781    721    998
   288    799    692   1009
   289    769    715   1016
   290    776    724   1000
   291    798    708    994
   292    814    688    998
   293    848    677    975
   294    807    684   1009
   295    822    711    967
   296    802    719    979
   297    812    699    989
   298    837    667    996
   299    837    655   1008
   300    835    686    979
   301    845    686    969
   302    870    666    964
   303    893    686    921
   304    871    718    911
   305    877    694    929
   306    826    746    928
   307    767    721   1012
   308    771    744    985
   309    773    708   1019
   310    793    683   1024
   311    781    706   1013
   312    825    688    987
   313    850    668    982
   314    872    609   1019
   315    908    615    977
   316    889    636    975
   317    845    663    992
   318    875    633    992
   319    876    639    985
   320    891    660    949
   321    878    687    935
   322    845    697    958
   323    847    692    961
   324    844    706    950
   325    855    696    949
   326    827    708    965
   327    859    740    901
   328    809    761    930
   329    753    774    973
   330    728    752   1020
   331    732    717   1051
   332    774    672   1054
   333    803    677   1020
   334    805    718    977
   335    798    720    982
   336    826    723    951
   337    818    721    961
   338    799    750    951
   339    813    711    976
   340    775    714   1011
   341    807    699    994
   342    798    722    980
   343    776    706   1018
   344    842    639   1019
   345    801    673   1026
   346    816    650   1034
   347    843    656   1001
   348    860    640   1000
   349    843    664    993
   350    858    685    957
   351    856    694    950
   352    850    703    947
   353    819    733    948
   354    777    787    936
   355    737    774    989
   356    760    716   1024
   357    747    701   1052
   358    773    698   1029
   359    829    686    985
   360    843    687    970
   361    826    693    981
   362    833    707    960
   363    835    695    970
   364    810    741    949
   365    767    749    984
   366    767    737    996
   367    753    727   1020
   368    770    700   1030
   369    779    726    995
   370    759    736   1005
   371    763    705   1032
   372    757    713   1030
   373    782    665   1053
   374    821    669   1010
   375    825    697    978
   376    784    704   1012
   377    796    713    991
   378    794    690   1016
   379    770    733    997
   380    770    725   1005
   381    781    715   1004
   382    792    698   1010
   383    849    650   1001
   384    862    639    999
   385    873    669    958
   386    866    694    940
   387    869    673    958
   388    809    702    989
   389    826    708    966
   390    802    734    964
   391    778    770    952
   392    818    719    963
   393    763    702   1035
   394    775    732    993
   395    718    736   1046
   396    747    710   1043
   397    734    723   1043
   398    763    730   1007
   399    796    709    995
   400    800    735    965
   401    778    729    993
   402    794    720    986
   403    794    704   1002
   404    800    691   1009
   405    784    718    998
   406    834    679    987
   407    782    731    987
   408    764    756    980
   409    778    746    976
   410    797    725    978
   411    796    732    972
   412    791    760    949
   413    786    758    956
   414    766    754    980
   415    777    731    992
   416    756    706   1038
   417    700    682   1118
   418    756    691   1053
   419    783    675   1042
   420    814    687    999
   421    815    678   1007
   422    794    710    996
   423    816    685    999
   424    785    746    969
   425    768    724   1008
   426    771    704   1025
   427    813    678   1009
   428    800    677   1023
   429    803    700    997
   430    831    692    977
   431    798    715    987
   432    814    678   1008
   433    866    649    985
   434    859    663    978
   435    831    674    995
   436    857    671    972
   437    836    669    995
   438    817    679   1004
   439    819    679   1002
   440    821    680    999
   441    826    675    999
   442    809    696    995
   443    808    714    978
   444    802    705    993
   445    807    728    965
   446    800    720    980
   447    780    752    968
   448    755    761    984
   449    723    701   1076
   450    724    747   1029
   451    756    684   1060
   452    815    677   1008
   453    818    700    982
   454    809    702    989
   455    826    718    956
   456    809    744    947
   457    779    752    969
   458    793    721    986
   459    827    696    977
   460    828    698    974
   461    846    666    988
   462    837    667    996
   463    858    680    962
   464    872    659    969
   465    848    669    983
   466    866    674    960
   467    864    696    940
   468    818    736    946
   469    806    719    975
   470    801    714    985
   471    815    709    976
   472    821    702    977
   473    777    747    976
   474    779    740    981
   475    812    697    991
   476    814    704    982
   477    809    712    979
   478    808    697    995
   479    823    673   1004
   480    818    696    986
   481    821    668   1011
   482    833    620   1047
   483    888    587   1025
   484    911    641    948
   485    900    668    932
   486    857    719    924
   487    843    698    959
   488    853    685    962
   489    835    725    940
   490    777    722   1001
   491    772    705   1023
   492    834    678    988
   493    852    663    985
   494    842    677    981
   495    835    702    963
   496    803    700    997
   497    797    727    976
   498    774    754    972
   499    796    697   1007
   500    792    717    991
   501    791    700   1009
   502    783    711   1006
   503    786    669   1045
   504    849    651   1000
   505    857    676    967
   506    827    703    970
   507    807    688   1005
   508    837    694    969
   509    847    679    974
   510    805    709    986
   511    819    701    980
   512    831    692    977
   513    822    697    981
   514    833    697    970
   515    829    691    980
   516    809    694    997
   517    775    719   1006
   518    778    729    993
   519    767    739    994
   520    777    704   1019
   521    778    725    997
   522    772    715   1013
   523    824    689    987
   524    805    716    979
   525    790    694   1016
   526    746    694   1060
   527    795    697   1008
   528    814    689    997
   529    806    722    972
   530    823    698    979
   531    799    713    988
   532    808    659   1033
   533    806    696    998
   534    793    692   1015
   535    833    683    984
   536    842    693    965
   537    830    715    955
   538    837    696    967
   539    835    680    985
   540    849    677    974
   541    847    668    985
   542    863    660    977
   543    833    686    981
   544    872    675    953
   545    858    698    944
   546    824    730    946
   547    812    695    993
   548    786    735    979
   549    800    690   1010
   550    818    705    977
   551    816    719    965
   552    799    709    992
   553    789    721    990
   554    795    692   1013
   555    757    741   1002
   556    781    738    981
   557    775    698   1027
   558    768    679   1053
   559    803    688   1009
   560    812    695    993
   561    813    692    995
   562    824    674   1002
   563    870    653    977
   564    890    682    928
   565    882    692    926
   566    815    745    940
   567    833    695    972
   568    844    670    986
   569    820    683    997
   570    863    691    946
   571    870    702    928
   572    868    692    940
   573    854    697    949
   574    873    677    950
   575    864    676    960
   576    844    702    954
   577    793    746    961
   578    803    689   1008
   579    811    719    970
   580    775    730    995
   581    783    697   1020
   582    833    678    989
   583    812    739    949
   584    786    735    979
   585    739    752   1009
   586    768    689   1043
   587    732    683   1085
   588    799    633   1068
   589    831    597   1072
   590    896    627    977
   591    897    648    955
   592    863    695    942
   593    849    696    955
   594    825    710    965
   595    809    690   1001
   596    834    664   1002
   597    874    658    968
   598    848    693    959
   599    844    679    977
   600    806    695    999
   601    817    658   1025
   602    839    672    989
   603    843    682    975
   604    805    714    981
   605    777    731    992
   606    801    693   1006
   607    799    689   1012
   608    839    653   1008
   609    828    699    973
   610    843    702    955
   611    798    721    981
   612    792    740    968
   613    838    726    936
   614    800    697   1003
   615    789    696   1015
   616    795    688   1017
   617    817    701    982
   618    867    678    955
   619    829    726    945
   620    817    707    976
   621    816    697    987
   622    790    742    968
   623    762    741    997
   624    731    752   1017
   625    791    703   1006
   626    818    688    994
   627    817    690    993
   628    775    736    989
   629    761    704   1035
   630    804    668   1028
   631    833    681    986
   632    824    675   1001
   633    808    714    978
   634    801    701    998
   635    789    739    972
   636    794    691   1015
   637    790    696   1014
   638    762    728   1010
   639    766    706   1028
   640    783    726    991
   641    795    698   1007
   642    794    693   1013
   643    837    673    990
   644    852    651    997
   645    842    699    959
   646    828    720    952
   647    796    704   1000
   648    783    743    974
   649    771    720   1009
   650    752    714   1034
   651    769    668   1063
   652    819    670   1011
   653    811    717    972
   654    795    718    987
   655    801    733    966
   656    765    760    975
   657    745    772    983
   658    737    759   1004
   659    725    709   1066
   660    749    725   1026
   661    719    735   1046
   662    808    667   1025
   663    840    667    993
   664    848    689    963
   665    858    700    942
   666    829    713    958
   667    828    727    945
   668    815    690    995
   669    842    662    996
   670    841    707    952
   671    771    766    963
   672    754    739   1007
   673    768    704   1028
   674    821    669   1010
   675    769    713   1018
   676    788    739    973
   677    773    727   1000
   678    788    710   1002
   679    780    737    983
   680    768    728   1004
   681    738    733   1029
   682    788    719    993
   683    824    700    976
   684    808    719    973
   685    819    706    975
   686    837    671    992
   687    819    659   1022
   688    838    694    968
   689    825    700    975
   690    822    678   1000
   691    806    683   1011
   692    805    693   1002
   693    813    684   1003
   694    807    699    994
   695    790    681   1029
   696    813    675   1012
   697    829    680    991
   698    833    684    983
   699    847    636   1017
   700    822    667   1011
   701    832    678    990
   702    819    675   1006
   703    834    658   1008
   704    917    577   1006
   705    910    600    990
   706    904    640    956
   707    854    697    949
   708    838    682    980
   709    840    647   1013
   710    831    642   1027
   711    880    588   1032
   712    927    572   1001
   713    881    623    996
   714    868    681    951
   715    830    704    966
   716    859    676    965
   717    816    682   1002
   718    829    675    996
   719    862    625   1013
   720    875    638    987
   721    870    668    962
   722    839    684    977
   723    838    682    980
   724    845    697    958
   725    831    703    966
   726    843    696    961
   727    809    708    983
   728    809    699    992
   729    782    692   1026
   730    832    659   1009
   731    837    652   1011
   732    839    680    981
   733    828    698    974
   734    855    681    964
   735    890    696    914
   736    880    722    898
   737    793    750    957
   738    756    718   1026
   739    767    698   1035
   740    758    720   1022
   741    762    700   1038
   742    814    656   1030
   743    856    643   1001
   744    863    694    943
   745    863    674    963
   746    880    665    955
   747    872    659    969
   748    882    680    938
   749    839    667    994
   750    840    687    973
   751    826    727    947
   752    833    708    959
   753    797    712    991
   754    792    696   1012
   755    816    668   1016
   756    874    667    959
   757    842    700    958
   758    783    739    978
   759    815    724    961
   760    823    699    978
   761    813    701    986
   762    821    677   1002
   763    853    664    983
   764    849    700    951
   765    827    691    982
   766    844    654   1002
   767    862    671    967
   768    837    731    932
   769    812    738    950
   770    793    745    962
   771    759    745    996
   772    723    722   1055
   773    748    714   1038
   774    780    718   1002
   775    816    706    978
   776    810    679   1011
   777    822    669   1009
   778    796    731    973
   779    771    696   1033
   780    780    694   1026
   781    754    750    996
   782    744    734   1022
   783    731    750   1019
   784    712    711   1077
   785    782    638   1080
   786    807    679   1014
   787    828    657   1015
   788    833    676    991
   789    835    688    977
   790    819    690    991
   791    814    699    987
   792    781    718   1001
   793    795    691   1014
   794    862    660    978
   795    860    671    969
   796    853    691    956
   797    878    690    932
   798    836    723    941
   799    824    744    932
   800    796    729    975
   801    802    695   1003
   802    813    710    977
   803    770    735    995
   804    780    713   1007
   805    764    727   1009
   806    748    697   1055
   807    833    647   1020
   808    821    695    984
   809    790    716    994
   810    804    694   1002
   811    823    660   1017
   812    793    670   1037
   813    817    694    989
   814    811    704    985
   815    788    723    989
   816    787    732    981
   817    785    737    978
   818    765    707   1028
   819    763    697   1040
   820    778    708   1014
   821    793    687   1020
   822    794    713    993
   823    776    704   1020
   824    800    646   1054
   825    819    641   1040
   826    819    682    999
   827    828    672   1000
   828    828    685    987
   829    821    694    985
   830    804    697    999
   831    802    690   1008
   832    820    650   1030
   833    840    685    975
   834    830    685    985
   835    778    718   1004
   836    769    681   1050
   837    823    649   1028
   838    831    670    999
   839    838    685    977
   840    818    699    983
   841    817    681   1002
   842    809    709    982
   843    831    673    996
   844    844    638   1018
   845    857    665    978
   846    847    695    958
   847    851    691    958
   848    862    692    946
   849    863    710    927
   850    830    724    946
   851    822    675   1003
   852    805    701    994
   853    760    720   1020
   854    758    733   1009
   855    772    674   1054
   856    819    642   1039
   857    838    657   1005
   858    865    659    976
   859    865    678    957
   860    862    661    977
   861    859    667    974
   862    858    701    941
   863    827    709    964
   864    788    720    992
   865    774    712   1014
   866    785    675   1040
   867    852    675    973
   868    865    679    956
   869    865    660    975
   870    864    643    993
   871    848    687    965
   872    848    671    981
   873    866    677    957
   874    851    675    974
   875    852    666    982
   876    857    678    965
   877    864    682    954
   878    848    691    961
   879    865    674    961
   880    860    691    949
   881    836    695    969
   882    828    700    972
   883    844    723    933
   884    806    727    967
   885    834    720    946
   886    848    652   1000
   887    847    660    993
   888    894    646    960
   889    821    709    970
   890    836    682    982
   891    847    680    973
   892    863    664    973
   893    852    684    964
   894    805    716    979
   895    860    666    974
   896    827    701    972
   897    811    707    982
   898    824    702    974
   899    808    648   1044
   900    787    680   1033
   901    807    638   1055
   902    806    666   1028
   903    787    702   1011
   904    767    744    989
   905    766    717   1017
   906    800    678   1022
   907    826    676    998
   908    845    651   1004
   909    818    708    974
   910    808    682   1010
   911    834    649   1017
   912    850    667    983
   913    836    679    985
   914    848    686    966
   915    810    750    940
   916    713    779   1008
   917    735    724   1041
   918    735    746   1019
   919    788    675   1037
   920    815    661   1024
   921    827    655   1018
   922    837    683    980
   923    786    716    998
   924    826    697    977
   925    848    673    979
   926    811    666   1023
   927    814    682   1004
   928    825    695    980
   929    831    715    954
   930    810    680   1010
   931    798    724    978
   932    798    716    986
   933    809    686   1005
   934    836    671    993
   935    866    671    963
   936    851    696    953
   937    832    715    953
   938    852    679    969
   939    823    686    991
   940    825    681    994
   941    856    669    975
   942    858    669    973
   943    870    647    983
   944    830    679    991
   945    834    694    972
   946    797    732    971
   947    758    717   1025
   948    779    675   1046
   949    824    655   1021
   950    829    702    969
   951    841    696    963
   952    848    694    958
   953    823    723    954
   954    777    714   1009
   955    779    695   1026
   956    792    703   1005
   957    785    737    978
   958    762    713   1025
   959    812    695    993
   960    802    720    978
   961    821    668   1011
   962    850    666    984
   963    823    686    991
   964    819    710    971
   965    824    698    978
   966    835    678    987
   967    851    646   1003
   968    890    646    964
   969    921    607    972
   970    913    623    964
   971    879    665    956
   972    836    745    919
   973    801    742    957
   974    835    735    930
   975    804    709    987
   976    792    693   1015
   977    794    717    989
   978    739    723   1038
   979    782    695   1023
   980    795    689   1016
   981    765    741    994
   982    788    726    986
   983    810    705    985
   984    844    673    983
   985    834    698    968
   986    822    683    995
   987    863    640    997
   988    896    624    980
   989    873    647    980
   990    884    686    930
   991    876    697    927
   992    853    699    948
   993    806    702    992
   994    848    662    990
   995    837    670    993
   996    828    666   1006
   997    777    696   1027
   998    781    718   1001
   999    800    722    978
  1000    818    682   1000
