# time (sweeps) | Susceptible | Infected | Recovered
     0   1291    566    643
     1   1276    596    628
     2   1323    565    612
     3   1313    601    586
     4   1296    611    593
     5   1280    591    629
     6   1299    593    608
     7   1295    610    595
     8   1305    570    625
     9   1287    603    610
    10   1282    569    649
    11   1318    539    643
    12   1325    563    612
    13   1311    592    597
    14   1283    615    602
    15   1258    610    632
    16   1249    593    658
    17   1261    574    665
    18   1263    586    651
    19   1304    541    655
    20   1359    521    620
    21   1333    565    602
    22   1350    534    616
    23   1330    570    600
    24   1320    538    642
    25   1366    527    607
    26   1410    514    576
    27   1410    524    566
    28   1391    564    545
    29   1331    588    581
    30   1324    576    600
    31   1314    570    616
    32   1309    558    633
    33   1327    554    619
    34   1273    597    630
    35   1243    612    645
    36   1246    598    656
    37   1294    565    641
    38   1290    583    627
    39   1275    594    631
    40   1331    576    593
    41   1309    607    584
    42   1271    642    587
    43   1277    636    587
    44   1245    663    592
    45   1187    694    619
    46   1156    684    660
    47   1139    650    711
    48   1124    662    714
    49   1125    676    699
    50   1137    651    712
    51   1148    643    709
    52   1218    627    655
    53   1230    617    653
    54   1279    577    644
    55   1277    628    595
    56   1271    605    624
    57   1278    611    611
    58   1224    637    639
    59   1197    659    644
    60   1216    626    658
    61   1208    625    667
    62   1217    605    678
    63   1222    633    645
    64   1165    689    646
    65   1216    645    639
    66   1222    600    678
    67   1267    583    650
    68   1245    612    643
    69   1255    632    613
    70   1238    596    666
    71   1251    589    660
    72   1215    632    653
    73   1203    621    676
    74   1197    628    675
    75   1186    655    659
    76   1164    678    658
    77   1131    659    710
    78   1154    637    709
    79   1178    603    719
    80   1186    615    699
    81   1204    613    683
    82   1225    584    691
    83   1225    614    661
    84   1211    639    650
    85   1206    649    645
    86   1197    626    677
    87   1176    683    641
    88   1153    630    717
    89   1201    608    691
    90   1196    608    696
    91   1202    589    709
    92   1229    577    694
    93   1275    585    640
    94   1280    564    656
    95   1318    572    610
    96   1270    592    638
    97   1300    559    641
    98   1345    548    607
    99   1360    579    561
   100   1312    615    573
   101   1297    610    593
   102   1245    656    599
   103   1230    644    626
   104   1219    626    655
   105   1191    631    678
   106   1209    631    660
   107   1236    599    665
   108   1259    592    649
   109   1209    653    638
   110   1169    643    688
   111   1226    617    657
   112   1195    615    690
   113   1208    648    644
   114   1215    624    661
   115   1209    612    679
   116   1276    588    636
   117   1291    578    631
   118   1292    572    636
   119   1291    559    650
   120   1299    585    616
   121   1266    611    623
   122   1319    557    624
   123   1315    552    633
   124   1333    564    603
   125   1277    609    614
   126   1290    614    596
   127   1264    612    624
   128   1234    614    652
   129   1182    664    654
   130   1173    650    677
   131   1195    638    667
   132   1152    661    687
   133   1183    615    702
   134   1208    620    672
   135   1228    638    634
   136   1185    659    656
   137   1211    611    678
   138   1240    574    686
   139   1271    574    655
   140   1201    610    689
   141   1194    625    681
   142   1218    619    663
   143   1206    594    700
   144   1241    576    683
   145   1285    560    655
   146   1322    554    624
   147   1282    571    647
   148   1263    598    639
   149   1287    577    636
   150   1334    564    602
   151   1293    590    617
   152   1310    588    602
   153   1289    575    636
   154   1271    594    635
   155   1264    611    625
   156   1263    612    625
   157   1251    608    641
   158   1231    646    623
   159   1232    641    627
   160   1171    678    651
   161   1145    664    691
   162   1153    650    697
   163   1183    625    692
   164   1163    652    685
   165   1143    663    694
   166   1186    649    665
   167   1172    649    679
   168   1190    641    669
   169   1175    629    696
   170   1150    626    724
   171   1170    606    724
   172   1222    615    663
   173   1241    605    654
   174   1235    597    668
   175   1250    602    648
   176   1199    629    672
   177   1222    616    662
   178   1223    623    654
   179   1219    608    673
   180   1238    630    632
   181   1175    675    650
   182   1196    642    662
   183   1197    635    668
   184   1193    642    665
   185   1212    626    662
   186   1181    653    666
   187   1167    637    696
   188   1207    595    698
   189   1244    600    656
   190   1267    605    628
   191   1254    621    625
   192   1221    663    616
   193   1205    649    646
   194   1215    632    653
   195   1219    623    658
   196   1241    627    632
   197   1229    652    619
   198   1207    654    639
   199   1170    656    674
   200   1187    628    685
   201   1220    596    684
   202   1250    596    654
   203   1221    627    652
   204   1189    636    675
   205   1187    609    704
   206   1181    623    696
   207   1206    621    673
   208   1203    633    664
   209   1239    630    631
   210   1224    634    642
   211   1205    651    644
   212   1227    625    648
   213   1221    647    632
   214   1200    628    672
   215   1237    605    658
   216   1231    641    628
   217   1196    653    651
   218   1188    662    650
   219   1201    628    671
   220   1211    653    636
   221   1201    666    633
   222   1166    668    666
   223   1205    610    685
   224   1228    608    664
   225   1240    604    656
   226   1220    633    647
   227   1227    630    643
   228   1194    623    683
   229   1226    600    674
   230   1225    599    676
   231   1255    594    651
   232   1242    616    642
   233   1254    597    649
   234   1317    580    603
   235   1330    579    591
   236   1304    590    606
   237   1293    599    608
   238   1263    597    640
   239   1295    576    629
   240   1337    577    586
   241   1299    578    623
   242   1303    567    630
   243   1302    563    635
   244   1279    566    655
   245   1320    549    631
   246   1332    553    615
   247   1330    558    612
   248   1340    563    597
   249   1306    590    604
   250   1277    605    618
   251   1267    620    613
   252   1249    613    638
   253   1269    586    645
   254   1278    580    642
   255   1278    571    651
   256   1289    593    618
   257   1250    589    661
   258   1236    584    680
   259   1246    575    679
   260   1242    587    671
   261   1272    616    612
   262   1260    645    595
   263   1217    671    612
   264   1187    673    640
   265   1207    647    646
   266   1212    636    652
   267   1195    618    687
   268   1222    618    660
   269   1233    577    690
   270   1260    573    667
   271   1304    571    625
   272   1300    586    614
   273   1280    560    660
   274   1292    589    619
   275   1292    601    607
   276   1266    609    625
   277   1253    623    624
   278   1260    631    609
   279   1262    637    601
   280   1237    635    628
   281   1222    609    669
   282   1210    636    654
   283   1227    619    654
   284   1231    599    670
   285   1248    593    659
   286   1271    589    640
   287   1269    588    643
   288   1316    545    639
   289   1318    579    603
   290   1313    596    591
   291   1269    602    629
   292   1246    615    639
   293   1233    638    629
   294   1232    626    642
   295   1231    630    639
   296   1227    618    655
   297   1203    618    679
   298   1210    597    693
   299   1183    636    681
   300   1188    643    669
   301   1206    615    679
   302   1241    584    675
   303   1269    586    645
   304   1267    605    628
   305   1262    616    622
   306   1284    626    590
   307   1221    660    619
   308   1207    652    641
   309   1204    652    644
   310   1193    627    680
   311   1204    646    650
   312   1227    639    634
   313   1200    667    633
   314   1141    664    695
   315   1128    670    702
   316   1146    675    679
   317   1119    679    702
   318   1128    654    718
   319   1187    610    703
   320   1250    603    647
   321   1264    587    649
   322   1247    578    675
   323   1258    572    670
   324   1265    575    660
   325   1258    583    659
   326   1254    593    653
   327   1272    582    646
   328   1252    598    650
   329   1245    611    644
   330   1270    579    651
   331   1285    571    644
   332   1285    571    644
   333   1313    565    622
   334   1286    598    616
   335   1302    593    605
   336   1250    630    620
   337   1268    603    629
   338   1217    623    660
   339   1225    603    672
   340   1189    604    707
   341   1235    600    665
   342   1286    583    631
   343   1309    556    635
   344   1321    566    613
   345   1309    603    588
   346   1295    605    600
   347   1278    576    646
   348   1234    609    657
   349   1271    604    625
   350   1258    555    687
   351   1312    568    620
   352   1301    596    603
   353   1248    648    604
   354   1216    664    620
   355   1188    643    669
   356   1191    624    685
   357   1188    645    667
   358   1213    616    671
   359   1219    600    681
   360   1248    590    662
   361   1220    640    640
   362   1229    649    622
   363   1239    638    623
   364   1254    610    636
   365   1286    556    658
   366   1300    589    611
   367   1285    606    609
   368   1228    608    664
   369   1238    600    662
   370   1260    575    665
   371   1286    566    648
   372   1259    628    613
   373   1266    609    625
   374   1287    630    583
   375   1280    612    608
   376   1272    592    636
   377   1304    572    624
   378   1263    609    628
   379   1291    577    632
   380   1307    578    615
   381   1324    560    616
   382   1303    594    603
   383   1285    586    629
   384   1319    574    607
   385   1305    593    602
   386   1290    605    605
   387   1263    596    641
   388   1252    612    636
   389   1257    612    631
   390   1223    651    626
   391   1190    650    660
   392   1172    642    686
   393   1185    649    666
   394   1196    631    673
   395   1211    622    667
   396   1206    653    641
   397   1181    628    691
   398   1227    619    654
   399   1236    616    648
   400   1192    640    668
   401   1180    660    660
   402   1172    648    680
   403   1196    631    673
   404   1196    614    690
   405   1244    611    645
   406   1264    597    639
   407   1273    615    612
   408   1237    626    637
   409   1249    621    630
   410   1237    615    648
   411   1218    632    650
   412   1225    619    656
   413   1234    589    677
   414   1244    591    665
   415   1247    592    661
   416   1267    576    657
   417   1258    592    650
   418   1243    627    630
   419   1256    599    645
   420   1229    611    660
   421   1206    627    667
   422   1227    612    661
   423   1257    613    630
   424   1271    586    643
   425   1248    597    655
   426   1280    592    628
   427   1281    597    622
   428   1242    644    614
   429   1251    649    600
   430   1219    671    610
   431   1202    641    657
   432   1222    632    646
   433   1198    650    652
   434   1219    632    649
   435   1221    640    639
   436   1236    636    628
   437   1219    635    646
   438   1185    640    675
   439   1207    621    672
   440   1226    626    648
   441   1251    603    646
   442   1233    644    623
   443   1219    645    636
   444   1239    655    606
   445   1211    631    658
   446   1204    661    635
   447   1194    651    655
   448   1213    654    633
   449   1158    706    636
   450   1156    648    696
   451   1177    632    691
   452   1164    635    701
   453   1156    636    708
   454   1183    623    694
   455   1218    614    668
   456   1196    648    656
   457   1178    642    680
   458   1195    662    643
   459   1144    711    645
   460   1111    689    700
   461   1092    676    732
   462   1106    668    726
   463   1159    625    716
   464   1188    641    671
   465   1212    621    667
   466   1235    599    666
   467   1230    635    635
   468   1245    597    658
   469   1304    556    640
   470   1284    606    610
   471   1275    611    614
   472   1257    605    638
   473   1277    580    643
   474   1342    557    601
   475   1297    604    599
   476   1274    604    622
   477   1248    644    608
   478   1213    635    652
   479   1177    655    668
   480   1140    670    690
   481   1214    607    679
   482   1219    623    658
   483   1154    663    683
   484   1184    638    678
   485   1184    640    676
   486   1210    637    653
   487   1205    624    671
   488   1226    596    678
   489   1251    601    648
   490   1258    607    635
   491   1255    605    640
   492   1218    605    677
   493   1234    600    666
   494   1228    606    666
   495   1273    581    646
   496   1311    572    617
   497   1251    604    645
   498   1287    578    635
   499   1315    568    617
   500   1329    554    617
   501   1312    544    644
   502   1305    564    631
   503   1320    545    635
   504   1329    558    613
   505   1322    585    593
   506   1269    617    614
   507   1250    622    628
   508   1212    633    655
   509   1169    660    671
   510   1193    639    668
   511   1193    631    676
   512   1179    625    696
   513   1225    614    661
   514   1240    591    669
   515   1260    619    621
   516   1247    642    611
   517   1226    633    641
   518   1262    609    629
   519   1195    650    655
   520   1210    643    647
   521   1177    659    664
   522   1165    649    686
   523   1163    634    703
   524   1198    616    686
   525   1223    619    658
   526   1215    610    675
   527   1183    660    657
   528   1227    606    667
   529   1220    596    684
   530   1231    611    658
   531   1260    579    661
   532   1270    590    640
   533   1303    563    634
   534   1318    560    622
   535   1348    566    586
   536   1344    562    594
   537   1335    603    562
   538   1298    609    593
   539   1315    589    596
   540   1276    580    644
   541   1270    610    620
   542   1249    657    594
   543   1171    656    673
   544   1218    655    627
   545   1239    612    649
   546   1251    627    622
   547   1217    663    620
   548   1186    670    644
   549   1181    634    685
   550   1184    629    687
   551   1203    624    673
   552   1203    655    642
   553   1219    622    659
   554   1228    593    679
   555   1256    535    709
   556   1268    540    692
   557   1334    543    623
   558   1336    560    604
   559   1319    582    599
   560   1268    598    634
   561   1270    603    627
   562   1267    620    613
   563   1225    626    649
   564   1230    629    641
   565   1214    612    674
   566   1243    623    634
   567   1245    621    634
   568   1233    605    662
   569   1241    571    688
   570   1288    545    667
   571   1281    592    627
   572   1244    644    612
   573   1244    622    634
   574   1227    632    641
   575   1203    647    650
   576   1238    617    645
   577   1210    651    639
   578   1228    652    620
   579   1210    626    664
   580   1265    589    646
   581   1268    600    632
   582   1273    589    638
   583   1237    634    629
   584   1221    648    631
   585   1240    593    667
   586   1232    617    651
   587   1250    609    641
   588   1256    611    633
   589   1249    605    646
   590   1241    602    657
   591   1259    590    651
   592   1207    617    676
   593   1170    675    655
   594   1161    677    662
   595   1144    630    726
   596   1205    614    681
   597   1204    655    641
   598   1262    572    666
   599   1274    602    624
   600   1230    631    639
   601   1228    619    653
   602   1224    606    670
   603   1185    640    675
   604   1184    638    678
   605   1211    602    687
   606   1267    587    646
   607   1292    576    632
   608   1298    586    616
   609   1282    613    605
   610   1291    604    605
   611   1265    571    664
   612   1268    581    651
   613   1291    570    639
   614   1281    589    630
   615   1291    594    615
   616   1303    601    596
   617   1294    596    610
   618   1273    594    633
   619   1236    611    653
   620   1229    603    668
   621   1219    608    673
   622   1250    634    616
   623   1269    601    630
   624   1253    621    626
   625   1259    618    623
   626   1254    624    622
   627   1220    644    636
   628   1206    635    659
   629   1209    647    644
   630   1180    681    639
   631   1134    710    656
   632   1119    694    687
   633   1115    667    718
   634   1115    675    710
   635   1131    645    724
   636   1128    687    685
   637   1153    636    711
   638   1169    610    721
   639   1226    591    683
   640   1256    566    678
   641   1278    567    655
   642   1265    613    622
   643   1234    648    618
   644   1274    618    608
   645   1234    635    631
   646   1238    591    671
   647   1206    609    685
   648   1220    618    662
   649   1219    647    634
   650   1180    656    664
   651   1169    650    681
   652   1145    665    690
   653   1166    649    685
   654   1159    649    692
   655   1190    637    673
   656   1203    616    681
   657   1237    611    652
   658   1258    601    641
   659   1232    626    642
   660   1220    632    648
   661   1215    629    656
   662   1190    617    693
   663   1222    603    675
   664   1197    632    671
   665   1229    607    664
   666   1220    622    658
   667   1247    605    648
   668   1240    602    658
   669   1228    624    648
   670   1209    617    674
   671   1231    622    647
   672   1253    573    674
   673   1275    589    636
   674   1270    585    645
   675   1271    585    644
   676   1240    620    640
   677   1220    629    651
   678   1194    628    678
   679   1238    561    701
   680   1262    603    635
   681   1272    605    623
   682   1253    627    620
   683   1270    621    609
   684   1216    654    630
   685   1204    654    642
   686   1206    642    652
   687   1195    662    643
   688   1212    638    650
   689   1188    664    648
   690   1187    642    671
   691   1244    618    638
   692   1199    663    638
   693   1225    652    623
   694   1215    627    658
   695   1246    633    621
   696   1208    660    632
   697   1166    665    669
   698   1228    645    627
   699   1228    616    656
   700   1194    626    680
   701   1235    607    658
   702   1250    597    653
   703   1227    590    683
   704   1248    583    669
   705   1284    569    647
   706   1309    565    626
   707   1287    604    609
   708   1256    601    643
   709   1236    622    642
   710   1255    632    613
   711   1253    615    632
   712   1239    620    641
   713   1259    614    627
   714   1243    621    636
   715   1283    595    622
   716   1248    642    610
   717   1253    620    627
   718   1261    636    603
   719   1239    618    643
   720   1241    631    628
   721   1247    617    636
   722   1232    626    642
   723   1246    618    636
   724   1227    616    657
   725   1227    619    654
   726   1211    617    672
   727   1224    606    670
   728   1218    596    686
   729   1238    612    650
   730   1237    622    641
   731   1232    610    658
   732   1182    668    650
   733   1195    614    691
   734   1210    617    673
   735   1232    602    666
   736   1221    656    623
   737   1187    659    654
   738   1194    668    638
   739   1176    655    669
   740   1163    632    705
   741   1197    616    687
   742   1235    623    642
   743   1232    628    640
   744   1218    645    637
   745   1187    647    666
   746   1196    623    681
   747   1182    651    667
   748   1180    649    671
   749   1190    641    669
   750   1218    591    691
   751   1227    600    673
   752   1222    629    649
   753   1232    611    657
   754   1236    651    613
   755   1206    661    633
   756   1179    646    675
   757   1206    631    663
   758   1257    585    658
   759   1239    595    666
   760   1228    623    649
   761   1177    666    657
   762   1183    656    661
   763   1189    639    672
   764   1231    598    671
   765   1257    597    646
   766   1224    621    655
   767   1224    615    661
   768   1235    606    659
   769   1240    589    671
   770   1216    640    644
   771   1203    631    666
   772   1186    632    682
   773   1207    640    653
   774   1163    665    672
   775   1169    646    685
   776   1173    631    696
   777   1214    597    689
   778   1255    584    661
   779   1252    631    617
   780   1225    606    669
   781   1236    610    654
   782   1250    622    628
   783   1243    638    619
   784   1192    663    645
   785   1164    656    680
   786   1131    667    702
   787   1192    624    684
   788   1195    605    700
   789   1229    575    696
   790   1282    593    625
   791   1275    582    643
   792   1318    573    609
   793   1316    549    635
   794   1308    576    616
   795   1325    574    601
   796   1282    568    650
   797   1258    608    634
   798   1286    596    618
   799   1232    615    653
   800   1235    607    658
   801   1239    637    624
   802   1207    647    646
   803   1229    646    625
   804   1191    667    642
   805   1201    642    657
   806   1196    629    675
   807   1200    651    649
   808   1195    648    657
   809   1206    627    667
   810   1214    609    677
   811   1214    624    662
   812   1242    593    665
   813   1243    619    638
   814   1278    587    635
   815   1270    614    616
   816   1303    562    635
   817   1314    585    601
   818   1293    582    625
   819   1268    604    628
   820   1259    595    646
   821   1284    579    637
   822   1284    600    616
   823   1256    614    630
   824   1273    613    614
   825   1278    590    632
   826   1271    595    634
   827   1252    613    635
   828   1262    590    648
   829   1250    599    651
   830   1274    584    642
   831   1261    614    625
   832   1239    588    673
   833   1219    607    674
   834   1231    627    642
   835   1224    633    643
   836   1209    652    639
   837   1183    671    646
   838   1150    664    686
   839   1144    669    687
   840   1183    615    702
   841   1193    612    695
   842   1205    638    657
   843   1228    585    687
   844   1268    583    649
   845   1298    578    624
   846   1296    625    579
   847   1242    650    608
   848   1202    640    658
   849   1212    641    647
   850   1255    612    633
   851   1235    612    653
   852   1204    628    668
   853   1253    630    617
   854   1202    648    650
   855   1158    670    672
   856   1153    658    689
   857   1088    670    742
   858   1157    635    708
   859   1160    643    697
   860   1170    642    688
   861   1159    661    680
   862   1147    646    707
   863   1137    647    716
   864   1168    650    682
   865   1150    647    703
   866   1130    632    738
   867   1187    608    705
   868   1227    595    678
   869   1217    604    679
   870   1251    609    640
   871   1247    605    648
   872   1221    623    656
   873   1230    598    672
   874   1209    592    699
   875   1260    562    678
   876   1281    559    660
   877   1277    560    663
   878   1276    579    645
   879   1299    611    590
   880   1258    614    628
   881   1259    612    629
   882   1235    644    621
   883   1203    666    631
   884   1193    639    668
   885   1193    648    659
   886   1198    629    673
   887   1170    660    670
   888   1161    656    683
   889   1156    637    707
   890   1154    647    699
   891   1202    618    680
   892   1245    611    644
   893   1211    640    649
   894   1174    676    650
   895   1162    666    672
   896   1136    699    665
   897   1158    643    699
   898   1167    608    725
   899   1214    598    688
   900   1205    589    706
   901   1222    595    683
   902   1233    604    663
   903   1254    597    649
   904   1263    559    678
   905   1274    593    633
   906   1260    596    644
   907   1271    584    645
   908   1298    579    623
   909   1268    601    631
   910   1260    606    634
   911   1247    612    641
   912   1252    610    638
   913   1276    612    612
   914   1261    616    623
   915   1230    640    630
   916   1202    644    654
   917   1163    674    663
   918   1178    640    682
   919   1205    619    676
   920   1192    639    669
   921   1220    623    657
   922   1207    630    663
   923   1173    661    666
   924   1160    678    662
   925   1130    667    703
   926   1165    672    663
   927   1180    628    692
   928   1198    637    665
   929   1215    610    675
   930   1221    606    673
   931   1251    605    644
   932   1252    605    643
   933   1280    567    653
   934   1294    558    648
   935   1311    578    611
   936   1297    601    602
   937   1321    540    639
   938   1327    553    620
   939   1369    566    565
   940   1309    619    572
   941   1287    612    601
   942   1293    588    619
   943   1286    584    630
   944   1277    587    636
   945   1332    548    620
   946   1356    522    622
   947   1329    585    586
   948   1313    574    613
   949   1328    565    607
   950   1305    592    603
   951   1333    558    609
   952   1333    582    585
   953   1290    582    628
   954   1286    611    603
   955   1256    611    633
   956   1286    595    619
   957   1240    633    627
   958   1234    627    639
   959   1221    626    653
   960   1250    620    630
   961   1272    595    633
   962   1271    554    675
   963   1282    574    644
   964   1283    585    632
   965   1255    614    631
   966   1229    614    657
   967   1217    613    670
   968   1256    582    662
   969   1270    593    637
   970   1264    610    626
   971   1271    593    636
   972   1265    585    650
   973   1255    620    625
   974   1251    633    616
   975   1238    620    642
   976   1224    632    644
   977   1209    651    640
   978   1172    651    677
   979   1210    622    668
   980   1240    609    651
   981   1246    597    657
   982   1293    579    628
   983   1306    584    610
   984   1301    599    600
   985   1277    607    616
   986   1268    617    615
   987   1269    584    647
   988   1307    571    622
   989   1300    605    595
   990   1253    617    630
   991   1216    628    656
   992   1204    615    681
   993   1231    605    664
   994   1247    609    644
   995   1233    614    653
   996   1243    596    661
   997   1242    595    663
   998   1243    630    627
   999   1248    634    618
  1000   1150    670    680
