# time (sweeps) | Susceptible | Infected | Recovered
     0    866    475   1159
     1    864    512   1124
     2    823    532   1145
     3    827    526   1147
     4    816    502   1182
     5    825    502   1173
     6    836    521   1143
     7    851    492   1157
     8    817    533   1150
     9    851    529   1120
    10    841    508   1151
    11    859    524   1117
    12    842    517   1141
    13    866    506   1128
    14    890    520   1090
    15    831    528   1141
    16    836    536   1128
    17    797    546   1157
    18    832    498   1170
    19    864    479   1157
    20    887    452   1161
    21    869    453   1178
    22    920    468   1112
    23    911    485   1104
    24    893    489   1118
    25    872    519   1109
    26    887    505   1108
    27    850    537   1113
    28    797    560   1143
    29    781    572   1147
    30    814    560   1126
    31    815    535   1150
    32    819    532   1149
    33    825    538   1137
    34    827    540   1133
    35    813    554   1133
    36    834    549   1117
    37    814    512   1174
    38    816    527   1157
    39    817    538   1145
    40    780    560   1160
    41    757    541   1202
    42    743    553   1204
    43    772    541   1187
    44    775    515   1210
    45    790    524   1186
    46    805    515   1180
    47    820    525   1155
    48    828    515   1157
    49    891    476   1133
    50    870    502   1128
    51    853    515   1132
    52    848    506   1146
    53    857    497   1146
    54    848    525   1127
    55    831    503   1166
    56    846    488   1166
    57    832    516   1152
    58    845    531   1124
    59    861    533   1106
    60    841    543   1116
    61    853    511   1136
    62    851    521   1128
    63    828    518   1154
    64    792    537   1171
    65    785    528   1187
    66    803    529   1168
    67    787    552   1161
    68    805    552   1143
    69    814    560   1126
    70    806    532   1162
    71    766    561   1173
    72    781    522   1197
    73    800    505   1195
    74    818    515   1167
    75    828    514   1158
    76    864    514   1122
    77    881    530   1089
    78    843    516   1141
    79    865    509   1126
    80    860    515   1125
    81    818    544   1138
    82    784    560   1156
    83    774    544   1182
    84    749    513   1238
    85    797    486   1217
    86    836    468   1196
    87    838    497   1165
    88    839    483   1178
    89    853    476   1171
    90    904    448   1148
    91    937    439   1124
    92    968    440   1092
    93   1017    440   1043
    94   1020    466   1014
    95   1003    475   1022
    96    978    472   1050
    97    968    474   1058
    98    964    478   1058
    99    906    532   1062
   100    845    555   1100
   101    831    531   1138
   102    818    497   1185
   103    818    524   1158
   104    833    485   1182
   105    870    460   1170
   106    893    446   1161
   107    925    470   1105
   108    928    503   1069
   109    900    511   1089
   110    879    527   1094
   111    899    496   1105
   112    872    499   1129
   113    853    531   1116
   114    812    507   1181
   115    834    469   1197
   116    852    468   1180
   117    841    523   1136
   118    861    507   1132
   119    862    498   1140
   120    940    469   1091
   121    913    510   1077
   122    889    499   1112
   123    900    496   1104
   124    909    492   1099
   125    865    535   1100
   126    841    518   1141
   127    838    494   1168
   128    845    510   1145
   129    826    533   1141
   130    827    551   1122
   131    800    578   1122
   132    754    597   1149
   133    721    571   1208
   134    721    552   1227
   135    762    518   1220
   136    785    512   1203
   137    810    503   1187
   138    809    542   1149
   139    815    520   1165
   140    816    509   1175
   141    820    498   1182
   142    874    456   1170
   143    885    474   1141
   144    887    476   1137
   145    880    503   1117
   146    895    496   1109
   147    877    502   1121
   148    891    494   1115
   149    921    487   1092
   150    877    516   1107
   151    854    506   1140
   152    864    517   1119
   153    843    505   1152
   154    855    530   1115
   155    858    534   1108
   156    794    561   1145
   157    788    548   1164
   158    792    532   1176
   159    802    539   1159
   160    822    528   1150
   161    857    495   1148
   162    868    509   1123
   163    790    536   1174
   164    805    539   1156
   165    804    544   1152
   166    809    511   1180
   167    823    504   1173
   168    820    514   1166
   169    851    478   1171
   170    867    498   1135
   171    897    491   1112
   172    848    528   1124
   173    798    554   1148
   174    837    504   1159
   175    832    521   1147
   176    810    563   1127
   177    825    537   1138
   178    825    528   1147
   179    819    499   1182
   180    815    500   1185
   181    861    469   1170
   182    862    481   1157
   183    892    462   1146
   184    915    447   1138
   185    943    457   1100
   186    910    491   1099
   187    926    488   1086
   188    933    470   1097
   189    925    456   1119
   190    889    481   1130
   191    887    483   1130
   192    918    497   1085
   193    884    506   1110
   194    869    560   1071
   195    817    571   1112
   196    832    537   1131
   197    852    493   1155
   198    857    497   1146
   199    835    567   1098
   200    760    566   1174
   201    794    528   1178
   202    818    517   1165
   203    826    546   1128
   204    796    553   1151
   205    803    536   1161
   206    787    538   1175
   207    826    529   1145
   208    827    558   1115
   209    820    549   1131
   210    855    538   1107
   211    844    523   1133
   212    866    499   1135
   213    861    501   1138
   214    833    523   1144
   215    825    537   1138
   216    828    531   1141
   217    788    544   1168
   218    835    504   1161
   219    826    509   1165
   220    833    532   1135
   221    825    537   1138
   222    810    544   1146
   223    814    535   1151
   224    832    528   1140
   225    865    511   1124
   226    892    508   1100
   227    865    524   1111
   228    798    561   1141
   229    783    570   1147
   230    778    542   1180
   231    754    559   1187
   232    780    554   1166
   233    759    557   1184
   234    790    513   1197
   235    794    505   1201
   236    805    511   1184
   237    836    498   1166
   238    804    538   1158
   239    799    517   1184
   240    784    523   1193
   241    793    528   1179
   242    797    535   1168
   243    846    513   1141
   244    847    499   1154
   245    870    509   1121
   246    887    496   1117
   247    867    524   1109
   248    867    522   1111
   249    839    551   1110
   250    792    588   1120
   251    798    595   1107
   252    806    564   1130
   253    768    573   1159
   254    764    562   1174
   255    785    517   1198
   256    774    543   1183
   257    807    512   1181
   258    797    542   1161
   259    820    514   1166
   260    813    520   1167
   261    846    495   1159
   262    841    516   1143
   263    827    537   1136
   264    823    529   1148
   265    828    542   1130
   266    815    527   1158
   267    791    527   1182
   268    780    526   1194
   269    809    499   1192
   270    823    512   1165
   271    837    524   1139
   272    834    513   1153
   273    827    519   1154
   274    846    526   1128
   275    868    504   1128
   276    890    488   1122
   277    895    502   1103
   278    854    546   1100
   279    793    566   1141
   280    773    553   1174
   281    760    535   1205
   282    811    524   1165
   283    793    540   1167
   284    796    512   1192
   285    817    472   1211
   286    822    488   1190
   287    840    500   1160
   288    861    482   1157
   289    835    502   1163
   290    858    511   1131
   291    868    472   1160
   292    869    502   1129
   293    880    506   1114
   294    857    526   1117
   295    825    555   1120
   296    803    567   1130
   297    819    529   1152
   298    772    573   1155
   299    773    581   1146
   300    730    561   1209
   301    769    525   1206
   302    815    471   1214
   303    820    489   1191
   304    823    496   1181
   305    785    531   1184
   306    777    529   1194
   307    762    522   1216
   308    782    501   1217
   309    801    507   1192
   310    804    532   1164
   311    829    529   1142
   312    807    535   1158
   313    804    557   1139
   314    772    591   1137
   315    770    548   1182
   316    795    542   1163
   317    783    545   1172
   318    779    544   1177
   319    797    505   1198
   320    825    489   1186
   321    804    479   1217
   322    866    477   1157
   323    870    491   1139
   324    878    505   1117
   325    892    480   1128
   326    881    487   1132
   327    834    529   1137
   328    790    562   1148
   329    815    508   1177
   330    813    513   1174
   331    837    495   1168
   332    844    508   1148
   333    812    542   1146
   334    822    538   1140
   335    780    535   1185
   336    768    553   1179
   337    769    537   1194
   338    784    517   1199
   339    807    493   1200
   340    804    518   1178
   341    818    520   1162
   342    822    509   1169
   343    804    506   1190
   344    832    495   1173
   345    832    505   1163
   346    877    489   1134
   347    860    481   1159
   348    884    464   1152
   349    865    516   1119
   350    885    513   1102
   351    832    542   1126
   352    776    569   1155
   353    755    546   1199
   354    731    562   1207
   355    729    560   1211
   356    765    557   1178
   357    792    536   1172
   358    823    510   1167
   359    821    532   1147
   360    805    548   1147
   361    797    536   1167
   362    763    548   1189
   363    790    536   1174
   364    846    499   1155
   365    835    550   1115
   366    807    539   1154
   367    832    510   1158
   368    827    554   1119
   369    785    545   1170
   370    785    522   1193
   371    806    509   1185
   372    853    527   1120
   373    869    504   1127
   374    857    511   1132
   375    880    499   1121
   376    852    508   1140
   377    840    500   1160
   378    844    522   1134
   379    825    524   1151
   380    840    523   1137
   381    832    505   1163
   382    882    480   1138
   383    903    479   1118
   384    905    482   1113
   385    899    503   1098
   386    895    517   1088
   387    860    494   1146
   388    867    475   1158
   389    839    501   1160
   390    851    490   1159
   391    877    481   1142
   392    887    460   1153
   393    894    471   1135
   394    865    475   1160
   395    885    469   1146
   396    875    494   1131
   397    840    503   1157
   398    840    480   1180
   399    862    492   1146
   400    884    469   1147
   401    889    467   1144
   402    886    510   1104
   403    849    527   1124
   404    866    490   1144
   405    904    477   1119
   406    875    527   1098
   407    849    538   1113
   408    785    556   1159
   409    780    526   1194
   410    828    506   1166
   411    850    498   1152
   412    841    515   1144
   413    833    522   1145
   414    836    512   1152
   415    827    515   1158
   416    857    515   1128
   417    828    537   1135
   418    840    565   1095
   419    822    580   1098
   420    803    606   1091
   421    745    599   1156
   422    756    556   1188
   423    763    556   1181
   424    747    514   1239
   425    770    501   1229
   426    761    517   1222
   427    846    432   1222
   428    906    423   1171
   429    934    441   1125
   430    965    461   1074
   431    974    475   1051
   432    942    518   1040
   433    864    541   1095
   434    850    538   1112
   435    800    565   1135
   436    802    559   1139
   437    788    550   1162
   438    763    550   1187
   439    753    547   1200
   440    777    548   1175
   441    749    569   1182
   442    783    527   1190
   443    804    534   1162
   444    816    527   1157
   445    795    578   1127
   446    782    542   1176
   447    760    564   1176
   448    758    570   1172
   449    776    530   1194
   450    800    518   1182
   451    805    534   1161
   452    785    537   1178
   453    795    521   1184
   454    799    538   1163
   455    785    520   1195
   456    745    555   1200
   457    774    512   1214
   458    771    513   1216
   459    860    468   1172
   460    835    500   1165
   461    833    515   1152
   462    831    521   1148
   463    811    545   1144
   464    777    528   1195
   465    774    549   1177
   466    762    536   1202
   467    802    523   1175
   468    791    518   1191
   469    787    528   1185
   470    798    521   1181
   471    810    504   1186
   472    844    471   1185
   473    886    459   1155
   474    888    467   1145
   475    877    493   1130
   476    884    485   1131
   477    850    489   1161
   478    854    500   1146
   479    883    499   1118
   480    869    496   1135
   481    822    530   1148
   482    821    526   1153
   483    827    520   1153
   484    871    508   1121
   485    859    518   1123
   486    823    526   1151
   487    810    534   1156
   488    781    576   1143
   489    789    528   1183
   490    835    497   1168
   491    847    524   1129
   492    798    536   1166
   493    800    531   1169
   494    782    539   1179
   495    812    527   1161
   496    841    503   1156
   497    825    506   1169
   498    826    485   1189
   499    863    481   1156
   500    849    518   1133
   501    852    510   1138
   502    810    514   1176
   503    866    490   1144
   504    885    496   1119
   505    898    494   1108
   506    910    527   1063
   507    893    527   1080
   508    859    535   1106
   509    844    567   1089
   510    773    614   1113
   511    775    577   1148
   512    765    534   1201
   513    787    539   1174
   514    789    558   1153
   515    772    571   1157
   516    779    580   1141
   517    736    596   1168
   518    696    619   1185
   519    693    591   1216
   520    725    511   1264
   521    782    503   1215
   522    805    528   1167
   523    824    500   1176
   524    834    524   1142
   525    808    527   1165
   526    784    553   1163
   527    782    540   1178
   528    783    527   1190
   529    772    532   1196
   530    759    528   1213
   531    736    565   1199
   532    770    536   1194
   533    778    528   1194
   534    825    500   1175
   535    839    487   1174
   536    886    483   1131
   537    867    491   1142
   538    896    479   1125
   539    901    491   1108
   540    824    562   1114
   541    798    567   1135
   542    824    535   1141
   543    821    506   1173
   544    854    501   1145
   545    860    508   1132
   546    859    503   1138
   547    845    532   1123
   548    809    553   1138
   549    810    520   1170
   550    835    518   1147
   551    811    524   1165
   552    814    508   1178
   553    793    551   1156
   554    836    488   1176
   555    855    488   1157
   556    843    503   1154
   557    876    501   1123
   558    886    493   1121
   559    880    523   1097
   560    834    537   1129
   561    839    561   1100
   562    861    517   1122
   563    823    531   1146
   564    841    503   1156
   565    857    488   1155
   566    890    484   1126
   567    876    496   1128
   568    867    511   1122
   569    871    518   1111
   570    845    507   1148
   571    892    447   1161
   572    901    482   1117
   573    885    483   1132
   574    902    474   1124
   575    912    508   1080
   576    919    493   1088
   577    894    518   1088
   578    854    549   1097
   579    789    570   1141
   580    777    568   1155
   581    765    571   1164
   582    760    564   1176
   583    747    563   1190
   584    739    549   1212
   585    769    510   1221
   586    790    529   1181
   587    797    530   1173
   588    822    493   1185
   589    815    498   1187
   590    867    495   1138
   591    867    466   1167
   592    870    486   1144
   593    872    489   1139
   594    874    495   1131
   595    871    494   1135
   596    891    471   1138
   597    879    510   1111
   598    856    527   1117
   599    863    496   1141
   600    830    522   1148
   601    830    505   1165
   602    829    517   1154
   603    839    513   1148
   604    860    483   1157
   605    869    511   1120
   606    863    545   1092
   607    822    560   1118
   608    791    578   1131
   609    759    567   1174
   610    740    557   1203
   611    808    510   1182
   612    807    504   1189
   613    822    483   1195
   614    838    501   1161
   615    864    482   1154
   616    842    479   1179
   617    842    493   1165
   618    840    512   1148
   619    842    528   1130
   620    840    536   1124
   621    819    546   1135
   622    834    519   1147
   623    853    509   1138
   624    836    493   1171
   625    867    443   1190
   626    887    476   1137
   627    867    506   1127
   628    873    524   1103
   629    881    508   1111
   630    850    524   1126
   631    826    528   1146
   632    857    510   1133
   633    894    481   1125
   634    885    469   1146
   635    871    492   1137
   636    864    483   1153
   637    867    478   1155
   638    867    498   1135
   639    838    530   1132
   640    812    542   1146
   641    763    596   1141
   642    724    608   1168
   643    715    574   1211
   644    690    567   1243
   645    729    530   1241
   646    768    503   1229
   647    797    505   1198
   648    832    478   1190
   649    840    475   1185
   650    831    499   1170
   651    856    476   1168
   652    849    487   1164
   653    858    491   1151
   654    798    546   1156
   655    781    559   1160
   656    776    543   1181
   657    792    518   1190
   658    820    491   1189
   659    856    465   1179
   660    867    468   1165
   661    905    466   1129
   662    896    502   1102
   663    898    505   1097
   664    865    522   1113
   665    866    519   1115
   666    853    547   1100
   667    798    578   1124
   668    778    598   1124
   669    796    547   1157
   670    814    545   1141
   671    832    497   1171
   672    846    505   1149
   673    854    486   1160
   674    870    487   1143
   675    847    510   1143
   676    864    507   1129
   677    850    522   1128
   678    848    516   1136
   679    879    496   1125
   680    867    502   1131
   681    846    544   1110
   682    842    540   1118
   683    826    532   1142
   684    827    544   1129
   685    830    512   1158
   686    833    509   1158
   687    827    520   1153
   688    756    553   1191
   689    792    520   1188
   690    808    497   1195
   691    868    461   1171
   692    910    456   1134
   693    946    472   1082
   694    959    422   1119
   695    967    413   1120
   696    999    418   1083
   697    978    454   1068
   698    956    477   1067
   699    893    539   1068
   700    844    569   1087
   701    806    539   1155
   702    812    515   1173
   703    818    550   1132
   704    843    515   1142
   705    862    457   1181
   706    882    468   1150
   707    910    478   1112
   708    912    494   1094
   709    860    529   1111
   710    854    497   1149
   711    853    505   1142
   712    851    527   1122
   713    848    512   1140
   714    855    504   1141
   715    835    513   1152
   716    828    522   1150
   717    775    581   1144
   718    777    519   1204
   719    778    529   1193
   720    767    518   1215
   721    793    527   1180
   722    836    497   1167
   723    862    485   1153
   724    857    472   1171
   725    861    499   1140
   726    865    524   1111
   727    879    503   1118
   728    858    543   1099
   729    828    525   1147
   730    823    493   1184
   731    820    514   1166
   732    814    528   1158
   733    791    572   1137
   734    788    543   1169
   735    772    541   1187
   736    748    576   1176
   737    783    548   1169
   738    805    549   1146
   739    781    529   1190
   740    776    528   1196
   741    771    562   1167
   742    756    544   1200
   743    792    544   1164
   744    850    493   1157
   745    835    497   1168
   746    832    556   1112
   747    819    546   1135
   748    797    540   1163
   749    773    543   1184
   750    826    506   1168
   751    787    520   1193
   752    818    525   1157
   753    801    567   1132
   754    789    575   1136
   755    786    575   1139
   756    739    571   1190
   757    787    509   1204
   758    802    509   1189
   759    841    494   1165
   760    845    504   1151
   761    832    532   1136
   762    840    525   1135
   763    845    512   1143
   764    851    512   1137
   765    846    509   1145
   766    852    505   1143
   767    878    534   1088
   768    838    549   1113
   769    826    563   1111
   770    813    550   1137
   771    810    553   1137
   772    762    558   1180
   773    780    523   1197
   774    795    530   1175
   775    834    507   1159
   776    845    471   1184
   777    862    510   1128
   778    852    536   1112
   779    829    562   1109
   780    787    575   1138
   781    757    581   1162
   782    724    563   1213
   783    757    550   1193
   784    799    500   1201
   785    820    510   1170
   786    815    496   1189
   787    835    528   1137
   788    810    530   1160
   789    815    507   1178
   790    825    515   1160
   791    840    514   1146
   792    829    519   1152
   793    843    525   1132
   794    813    540   1147
   795    767    579   1154
   796    722    571   1207
   797    734    563   1203
   798    747    537   1216
   799    796    508   1196
   800    803    532   1165
   801    797    533   1170
   802    814    492   1194
   803    832    502   1166
   804    840    492   1168
   805    848    502   1150
   806    824    538   1138
   807    837    532   1131
   808    794    567   1139
   809    804    552   1144
   810    834    487   1179
   811    869    467   1164
   812    868    524   1108
   813    850    526   1124
   814    859    537   1104
   815    822    577   1101
   816    783    570   1147
   817    764    568   1168
   818    760    575   1165
   819    728    591   1181
   820    720    568   1212
   821    755    515   1230
   822    777    498   1225
   823    804    487   1209
   824    821    493   1186
   825    822    498   1180
   826    827    507   1166
   827    848    483   1169
   828    852    509   1139
   829    860    502   1138
   830    914    492   1094
   831    884    483   1133
   832    892    465   1143
   833    873    477   1150
   834    887    490   1123
   835    927    492   1081
   836    901    521   1078
   837    910    503   1087
   838    871    536   1093
   839    854    520   1126
   840    840    509   1151
   841    814    529   1157
   842    792    544   1164
   843    781    518   1201
   844    807    515   1178
   845    842    499   1159
   846    867    496   1137
   847    898    481   1121
   848    910    453   1137
   849    881    507   1112
   850    873    488   1139
   851    883    486   1131
   852    887    461   1152
   853    856    502   1142
   854    848    522   1130
   855    794    539   1167
   856    810    526   1164
   857    832    523   1145
   858    771    554   1175
   859    742    533   1225
   860    781    518   1201
   861    785    530   1185
   862    848    472   1180
   863    891    431   1178
   864    888    419   1193
   865    931    409   1160
   866    982    404   1114
   867   1003    419   1078
   868    996    452   1052
   869    954    487   1059
   870    901    533   1066
   871    877    518   1105
   872    858    515   1127
   873    855    545   1100
   874    814    539   1147
   875    798    555   1147
   876    774    512   1214
   877    839    486   1175
   878    851    507   1142
   879    853    537   1110
   880    844    519   1137
   881    843    522   1135
   882    832    524   1144
   883    850    508   1142
   884    838    508   1154
   885    836    547   1117
   886    797    565   1138
   887    758    573   1169
   888    801    536   1163
   889    841    511   1148
   890    823    525   1152
   891    785    570   1145
   892    818    509   1173
   893    801    517   1182
   894    809    492   1199
   895    855    483   1162
   896    888    489   1123
   897    876    503   1121
   898    858    539   1103
   899    876    504   1120
   900    845    537   1118
   901    818    537   1145
   902    815    512   1173
   903    836    524   1140
   904    807    560   1133
   905    782    532   1186
   906    802    512   1186
   907    819    485   1196
   908    854    511   1135
   909    818    512   1170
   910    831    516   1153
   911    866    491   1143
   912    863    506   1131
   913    821    520   1159
   914    853    514   1133
   915    833    535   1132
   916    799    553   1148
   917    782    536   1182
   918    785    527   1188
   919    818    500   1182
   920    834    514   1152
   921    839    512   1149
   922    862    525   1113
   923    811    560   1129
   924    773    562   1165
   925    729    575   1196
   926    781    551   1168
   927    767    549   1184
   928    780    557   1163
   929    769    575   1156
   930    745    571   1184
   931    778    540   1182
   932    792    522   1186
   933    823    508   1169
   934    829    516   1155
   935    781    552   1167
   936    801    508   1191
   937    811    512   1177
   938    829    523   1148
   939    840    503   1157
   940    820    518   1162
   941    842    527   1131
   942    828    523   1149
   943    835    508   1157
   944    843    514   1143
   945    848    530   1122
   946    865    544   1091
   947    841    554   1105
   948    801    569   1130
   949    754    589   1157
   950    745    578   1177
   951    748    545   1207
   952    774    543   1183
   953    798    524   1178
   954    810    514   1176
   955    827    520   1153
   956    806    528   1166
   957    820    522   1158
   958    817    507   1176
   959    821    495   1184
   960    817    492   1191
   961    890    459   1151
   962    892    458   1150
   963    921    475   1104
   964    931    482   1087
   965    870    507   1123
   966    821    543   1136
   967    833    555   1112
   968    755    584   1161
   969    765    567   1168
   970    800    527   1173
   971    820    527   1153
   972    820    537   1143
   973    788    553   1159
   974    798    548   1154
   975    785    578   1137
   976    790    578   1132
   977    769    599   1132
   978    754    583   1163
   979    744    581   1175
   980    747    578   1175
   981    752    569   1179
   982    740    581   1179
   983    732    531   1237
   984    757    510   1233
   985    797    477   1226
   986    817    514   1169
   987    798    538   1164
   988    814    555   1131
   989    812    550   1138
   990    788    537   1175
   991    782    523   1195
   992    746    540   1214
   993    773    562   1165
   994    777    512   1211
   995    807    501   1192
   996    822    504   1174
   997    854    467   1179
   998    876    483   1141
   999    909    467   1124
  1000    932    478   1090
