# time (sweeps) | Susceptible | Infected | Recovered
     0   1130    841    529
     1   1103    835    562
     2   1111    864    525
     3   1106    882    512
     4   1096    848    556
     5   1110    866    524
     6   1109    853    538
     7   1100    867    533
     8   1070    882    548
     9   1078    892    530
    10   1072    881    547
    11   1074    846    580
    12   1140    786    574
    13   1157    795    548
    14   1215    767    518
    15   1206    746    548
    16   1226    750    524
    17   1187    797    516
    18   1162    793    545
    19   1143    832    525
    20   1204    794    502
    21   1169    823    508
    22   1099    878    523
    23   1100    843    557
    24   1113    855    532
    25   1140    829    531
    26   1177    803    520
    27   1136    824    540
    28   1168    802    530
    29   1163    824    513
    30   1154    805    541
    31   1151    827    522
    32   1163    829    508
    33   1180    793    527
    34   1156    849    495
    35   1180    808    512
    36   1184    820    496
    37   1157    829    514
    38   1136    841    523
    39   1134    838    528
    40   1164    815    521
    41   1139    831    530
    42   1101    829    570
    43   1147    814    539
    44   1213    768    519
    45   1205    790    505
    46   1190    802    508
    47   1200    768    532
    48   1141    830    529
    49   1080    855    565
    50   1167    779    554
    51   1181    798    521
    52   1174    798    528
    53   1177    817    506
    54   1111    828    561
    55   1125    827    548
    56   1152    850    498
    57   1098    873    529
    58   1093    820    587
    59   1124    822    554
    60   1153    816    531
    61   1158    826    516
    62   1116    850    534
    63   1171    796    533
    64   1181    810    509
    65   1166    815    519
    66   1072    841    587
    67   1114    816    570
    68   1169    789    542
    69   1171    819    510
    70   1144    811    545
    71   1162    788    550
    72   1201    769    530
    73   1199    773    528
    74   1161    801    538
    75   1166    791    543
    76   1189    793    518
    77   1151    843    506
    78   1176    838    486
    79   1084    888    528
    80   1075    856    569
    81   1056    874    570
    82   1060    847    593
    83   1137    828    535
    84   1184    839    477
    85   1107    848    545
    86   1147    785    568
    87   1155    807    538
    88   1193    787    520
    89   1164    797    539
    90   1144    824    532
    91   1110    849    541
    92   1169    766    565
    93   1196    767    537
    94   1165    810    525
    95   1115    848    537
    96   1120    852    528
    97   1087    855    558
    98   1080    887    533
    99   1117    823    560
   100   1166    789    545
   101   1134    843    523
   102   1092    884    524
   103   1122    850    528
   104   1103    850    547
   105   1113    841    546
   106   1104    848    548
   107   1141    844    515
   108   1148    839    513
   109   1122    831    547
   110   1127    857    516
   111   1194    790    516
   112   1186    783    531
   113   1172    775    553
   114   1170    840    490
   115   1119    881    500
   116   1098    872    530
   117   1049    896    555
   118   1103    855    542
   119   1085    840    575
   120   1123    786    591
   121   1149    810    541
   122   1121    853    526
   123   1099    847    554
   124   1160    788    552
   125   1167    811    522
   126   1126    835    539
   127   1110    839    551
   128   1141    795    564
   129   1167    763    570
   130   1167    803    530
   131   1182    794    524
   132   1196    776    528
   133   1156    812    532
   134   1164    812    524
   135   1158    808    534
   136   1106    855    539
   137   1139    821    540
   138   1153    813    534
   139   1167    814    519
   140   1160    795    545
   141   1137    816    547
   142   1161    784    555
   143   1088    845    567
   144   1119    851    530
   145   1141    866    493
   146   1080    869    551
   147   1106    858    536
   148   1077    878    545
   149   1093    807    600
   150   1143    829    528
   151   1144    854    502
   152   1090    894    516
   153   1143    814    543
   154   1145    798    557
   155   1145    788    567
   156   1132    827    541
   157   1131    832    537
   158   1151    775    574
   159   1138    784    578
   160   1179    785    536
   161   1180    804    516
   162   1158    783    559
   163   1126    845    529
   164   1157    820    523
   165   1179    824    497
   166   1183    810    507
   167   1143    854    503
   168   1088    872    540
   169   1116    858    526
   170   1122    831    547
   171   1112    851    537
   172   1104    852    544
   173   1109    864    527
   174   1108    852    540
   175   1093    836    571
   176   1107    827    566
   177   1142    825    533
   178   1149    807    544
   179   1157    819    524
   180   1168    830    502
   181   1114    857    529
   182   1134    831    535
   183   1123    818    559
   184   1130    841    529
   185   1105    833    562
   186   1199    785    516
   187   1185    802    513
   188   1170    794    536
   189   1184    793    523
   190   1152    838    510
   191   1161    838    501
   192   1163    825    512
   193   1118    871    511
   194   1091    869    540
   195   1118    823    559
   196   1148    817    535
   197   1139    819    542
   198   1134    810    556
   199   1162    825    513
   200   1176    802    522
   201   1159    825    516
   202   1168    842    490
   203   1168    824    508
   204   1109    874    517
   205   1099    832    569
   206   1092    878    530
   207   1110    834    556
   208   1133    806    561
   209   1141    818    541
   210   1108    837    555
   211   1120    847    533
   212   1143    848    509
   213   1111    853    536
   214   1100    884    516
   215   1116    822    562
   216   1165    820    515
   217   1132    823    545
   218   1134    812    554
   219   1159    784    557
   220   1162    792    546
   221   1130    801    569
   222   1143    828    529
   223   1174    820    506
   224   1151    824    525
   225   1062    891    547
   226   1072    831    597
   227   1125    785    590
   228   1095    863    542
   229   1116    841    543
   230   1159    828    513
   231   1158    818    524
   232   1114    825    561
   233   1157    824    519
   234   1208    805    487
   235   1168    813    519
   236   1131    848    521
   237   1121    869    510
   238   1115    827    558
   239   1158    809    533
   240   1178    798    524
   241   1170    809    521
   242   1179    835    486
   243   1123    863    514
   244   1122    847    531
   245   1103    839    558
   246   1090    848    562
   247   1170    804    526
   248   1186    822    492
   249   1135    860    505
   250   1110    889    501
   251   1121    859    520
   252   1170    779    551
   253   1155    821    524
   254   1163    824    513
   255   1157    848    495
   256   1128    830    542
   257   1176    764    560
   258   1201    787    512
   259   1099    866    535
   260   1103    901    496
   261   1124    871    505
   262   1081    883    536
   263   1116    825    559
   264   1092    866    542
   265   1089    866    545
   266   1114    826    560
   267   1065    900    535
   268   1127    824    549
   269   1143    834    523
   270   1126    861    513
   271   1135    823    542
   272   1110    827    563
   273   1184    777    539
   274   1177    808    515
   275   1166    820    514
   276   1145    826    529
   277   1185    795    520
   278   1117    833    550
   279   1107    859    534
   280   1138    820    542
   281   1160    818    522
   282   1166    799    535
   283   1152    796    552
   284   1148    801    551
   285   1176    819    505
   286   1126    832    542
   287   1150    810    540
   288   1120    812    568
   289   1179    806    515
   290   1128    845    527
   291   1204    797    499
   292   1160    828    512
   293   1143    821    536
   294   1170    821    509
   295   1151    826    523
   296   1175    778    547
   297   1152    825    523
   298   1132    807    561
   299   1200    793    507
   300   1143    826    531
   301   1105    845    550
   302   1109    851    540
   303   1169    777    554
   304   1170    768    562
   305   1142    825    533
   306   1159    820    521
   307   1110    864    526
   308   1121    853    526
   309   1151    815    534
   310   1115    829    556
   311   1089    840    571
   312   1119    813    568
   313   1151    804    545
   314   1150    821    529
   315   1168    792    540
   316   1127    836    537
   317   1102    846    552
   318   1136    802    562
   319   1160    795    545
   320   1205    764    531
   321   1224    754    522
   322   1233    762    505
   323   1228    731    541
   324   1238    750    512
   325   1224    759    517
   326   1237    759    504
   327   1238    778    484
   328   1174    836    490
   329   1127    867    506
   330   1083    856    561
   331   1123    845    532
   332   1133    822    545
   333   1163    807    530
   334   1152    817    531
   335   1185    766    549
   336   1161    824    515
   337   1123    833    544
   338   1127    851    522
   339   1133    840    527
   340   1095    848    557
   341   1104    828    568
   342   1141    799    560
   343   1152    812    536
   344   1142    829    529
   345   1099    855    546
   346   1141    816    543
   347   1158    823    519
   348   1156    821    523
   349   1140    795    565
   350   1154    800    546
   351   1169    788    543
   352   1147    799    554
   353   1134    806    560
   354   1152    816    532
   355   1122    863    515
   356   1109    839    552
   357   1145    817    538
   358   1144    838    518
   359   1118    838    544
   360   1116    845    539
   361   1145    824    531
   362   1129    844    527
   363   1117    871    512
   364   1094    831    575
   365   1111    848    541
   366   1176    783    541
   367   1089    864    547
   368   1138    832    530
   369   1113    838    549
   370   1120    821    559
   371   1093    842    565
   372   1108    836    556
   373   1157    781    562
   374   1122    848    530
   375   1133    824    543
   376   1123    874    503
   377   1106    868    526
   378   1093    874    533
   379   1133    853    514
   380   1134    856    510
   381   1167    825    508
   382   1146    820    534
   383   1145    851    504
   384   1116    849    535
   385   1153    845    502
   386   1131    835    534
   387   1131    819    550
   388   1103    820    577
   389   1084    877    539
   390   1083    864    553
   391   1060    897    543
   392   1086    847    567
   393   1098    831    571
   394   1117    840    543
   395   1118    857    525
   396   1128    833    539
   397   1109    847    544
   398   1166    794    540
   399   1188    810    502
   400   1202    791    507
   401   1195    781    524
   402   1142    847    511
   403   1122    856    522
   404   1051    890    559
   405   1065    892    543
   406   1120    794    586
   407   1147    818    535
   408   1201    792    507
   409   1213    803    484
   410   1192    833    475
   411   1147    841    512
   412   1081    861    558
   413   1092    858    550
   414   1118    793    589
   415   1190    788    522
   416   1168    785    547
   417   1194    793    513
   418   1170    848    482
   419   1169    845    486
   420   1135    847    518
   421   1140    844    516
   422   1161    833    506
   423   1141    840    519
   424   1156    820    524
   425   1153    844    503
   426   1113    866    521
   427   1115    842    543
   428   1106    841    553
   429   1168    805    527
   430   1170    820    510
   431   1146    850    504
   432   1070    890    540
   433   1125    817    558
   434   1149    832    519
   435   1178    775    547
   436   1163    832    505
   437   1113    829    558
   438   1131    822    547
   439   1107    853    540
   440   1129    819    552
   441   1117    852    531
   442   1116    849    535
   443   1139    863    498
   444   1166    822    512
   445   1151    793    556
   446   1166    793    541
   447   1261    720    519
   448   1235    727    538
   449   1233    756    511
   450   1214    782    504
   451   1182    807    511
   452   1146    819    535
   453   1173    820    507
   454   1149    840    511
   455   1167    808    525
   456   1136    839    525
   457   1124    846    530
   458   1164    829    507
   459   1079    880    541
   460   1096    826    578
   461   1104    829    567
   462   1118    866    516
   463   1138    854    508
   464   1128    853    519
   465   1160    834    506
   466   1155    814    531
   467   1138    847    515
   468   1117    849    534
   469   1127    841    532
   470   1153    822    525
   471   1150    803    547
   472   1163    809    528
   473   1178    799    523
   474   1150    794    556
   475   1181    773    546
   476   1199    783    518
   477   1183    791    526
   478   1183    826    491
   479   1123    850    527
   480   1129    851    520
   481   1120    853    527
   482   1101    861    538
   483   1092    830    578
   484   1195    807    498
   485   1184    817    499
   486   1132    836    532
   487   1133    859    508
   488   1132    838    530
   489   1105    859    536
   490   1064    880    556
   491   1093    877    530
   492   1169    812    519
   493   1136    839    525
   494   1141    843    516
   495   1147    839    514
   496   1168    795    537
   497   1136    822    542
   498   1121    802    577
   499   1160    822    518
   500   1146    828    526
   501   1107    880    513
   502   1151    795    554
   503   1144    786    570
   504   1183    783    534
   505   1116    853    531
   506   1127    851    522
   507   1132    860    508
   508   1131    812    557
   509   1155    818    527
   510   1178    785    537
   511   1167    805    528
   512   1167    826    507
   513   1205    762    533
   514   1178    808    514
   515   1155    825    520
   516   1138    843    519
   517   1137    869    494
   518   1130    848    522
   519   1108    850    542
   520   1124    836    540
   521   1156    793    551
   522   1152    839    509
   523   1129    825    546
   524   1090    861    549
   525   1114    855    531
   526   1140    845    515
   527   1118    847    535
   528   1140    798    562
   529   1140    828    532
   530   1123    856    521
   531   1102    850    548
   532   1139    818    543
   533   1127    789    584
   534   1152    776    572
   535   1146    830    524
   536   1150    784    566
   537   1100    856    544
   538   1112    826    562
   539   1112    822    566
   540   1124    828    548
   541   1126    836    538
   542   1161    788    551
   543   1171    798    531
   544   1130    840    530
   545   1140    841    519
   546   1131    828    541
   547   1139    859    502
   548   1110    852    538
   549   1111    859    530
   550   1076    893    531
   551   1101    852    547
   552   1111    835    554
   553   1096    822    582
   554   1201    764    535
   555   1249    728    523
   556   1253    744    503
   557   1249    760    491
   558   1250    747    503
   559   1226    785    489
   560   1192    812    496
   561   1123    877    500
   562   1114    871    515
   563   1141    791    568
   564   1144    809    547
   565   1192    815    493
   566   1171    818    511
   567   1154    785    561
   568   1166    794    540
   569   1105    870    525
   570   1121    841    538
   571   1114    832    554
   572   1114    824    562
   573   1153    819    528
   574   1179    815    506
   575   1167    821    512
   576   1121    834    545
   577   1107    848    545
   578   1086    878    536
   579   1067    860    573
   580   1150    798    552
   581   1149    798    553
   582   1149    828    523
   583   1143    816    541
   584   1117    812    571
   585   1104    844    552
   586   1085    850    565
   587   1123    837    540
   588   1073    864    563
   589   1154    816    530
   590   1153    854    493
   591   1146    813    541
   592   1101    837    562
   593   1067    851    582
   594   1081    880    539
   595   1105    832    563
   596   1111    826    563
   597   1141    821    538
   598   1110    850    540
   599   1113    848    539
   600   1074    882    544
   601   1144    782    574
   602   1196    794    510
   603   1187    823    490
   604   1080    880    540
   605   1082    848    570
   606   1095    857    548
   607   1095    856    549
   608   1119    844    537
   609   1142    832    526
   610   1101    845    554
   611   1161    781    558
   612   1138    850    512
   613   1115    857    528
   614   1070    892    538
   615   1092    857    551
   616   1154    826    520
   617   1129    852    519
   618   1143    827    530
   619   1130    833    537
   620   1114    845    541
   621   1087    866    547
   622   1104    844    552
   623   1159    814    527
   624   1181    770    549
   625   1178    786    536
   626   1185    791    524
   627   1156    825    519
   628   1135    865    500
   629   1153    858    489
   630   1120    897    483
   631   1133    866    501
   632   1110    841    549
   633   1114    854    532
   634   1108    840    552
   635   1176    787    537
   636   1168    811    521
   637   1122    865    513
   638   1113    821    566
   639   1163    804    533
   640   1109    848    543
   641   1094    864    542
   642   1135    807    558
   643   1185    800    515
   644   1183    837    480
   645   1071    913    516
   646   1100    850    550
   647   1177    775    548
   648   1195    802    503
   649   1196    804    500
   650   1122    871    507
   651   1129    837    534
   652   1194    795    511
   653   1205    777    518
   654   1180    784    536
   655   1164    802    534
   656   1173    811    516
   657   1179    818    503
   658   1182    836    482
   659   1162    824    514
   660   1087    861    552
   661   1132    813    555
   662   1138    809    553
   663   1149    812    539
   664   1121    850    529
   665   1127    835    538
   666   1138    835    527
   667   1132    832    536
   668   1154    812    534
   669   1097    850    553
   670   1107    833    560
   671   1100    859    541
   672   1057    871    572
   673   1101    828    571
   674   1099    878    523
   675   1144    829    527
   676   1121    853    526
   677   1115    853    532
   678   1168    817    515
   679   1175    827    498
   680   1156    810    534
   681   1114    848    538
   682   1145    802    553
   683   1171    782    547
   684   1140    804    556
   685   1109    827    564
   686   1092    822    586
   687   1159    819    522
   688   1154    820    526
   689   1118    843    539
   690   1176    797    527
   691   1180    802    518
   692   1179    806    515
   693   1173    792    535
   694   1151    836    513
   695   1144    836    520
   696   1093    859    548
   697   1143    819    538
   698   1185    792    523
   699   1201    785    514
   700   1159    820    521
   701   1092    861    547
   702   1127    843    530
   703   1119    841    540
   704   1101    842    557
   705   1148    792    560
   706   1174    780    546
   707   1151    801    548
   708   1097    849    554
   709   1098    840    562
   710   1148    809    543
   711   1173    833    494
   712   1172    809    519
   713   1104    873    523
   714   1085    847    568
   715   1133    836    531
   716   1110    864    526
   717   1161    823    516
   718   1141    799    560
   719   1155    839    506
   720   1097    851    552
   721   1092    848    560
   722   1130    816    554
   723   1158    797    545
   724   1119    840    541
   725   1140    816    544
   726   1145    830    525
   727   1064    864    572
   728   1134    827    539
   729   1151    841    508
   730   1095    848    557
   731   1117    807    576
   732   1152    801    547
   733   1152    813    535
   734   1179    803    518
   735   1127    864    509
   736   1097    914    489
   737   1070    894    536
   738   1136    825    539
   739   1145    799    556
   740   1138    816    546
   741   1217    776    507
   742   1169    830    501
   743   1143    825    532
   744   1150    794    556
   745   1154    843    503
   746   1178    804    518
   747   1157    803    540
   748   1169    817    514
   749   1166    796    538
   750   1158    841    501
   751   1147    831    522
   752   1136    834    530
   753   1115    829    556
   754   1103    850    547
   755   1129    830    541
   756   1163    795    542
   757   1185    831    484
   758   1167    797    536
   759   1180    822    498
   760   1168    825    507
   761   1144    845    511
   762   1146    832    522
   763   1176    789    535
   764   1210    803    487
   765   1173    801    526
   766   1144    858    498
   767   1059    925    516
   768   1073    858    569
   769   1078    862    560
   770   1083    867    550
   771   1143    820    537
   772   1108    851    541
   773   1075    880    545
   774   1087    870    543
   775   1116    824    560
   776   1131    828    541
   777   1097    840    563
   778   1092    887    521
   779   1109    885    506
   780   1077    874    549
   781   1135    807    558
   782   1146    826    528
   783   1155    815    530
   784   1139    800    561
   785   1117    822    561
   786   1167    787    546
   787   1203    776    521
   788   1153    824    523
   789   1120    839    541
   790   1168    794    538
   791   1168    799    533
   792   1182    807    511
   793   1159    815    526
   794   1148    805    547
   795   1188    784    528
   796   1194    766    540
   797   1168    792    540
   798   1156    784    560
   799   1134    816    550
   800   1156    832    512
   801   1146    837    517
   802   1184    804    512
   803   1179    825    496
   804   1139    838    523
   805   1121    817    562
   806   1137    814    549
   807   1169    798    533
   808   1151    833    516
   809   1118    850    532
   810   1092    863    545
   811   1105    837    558
   812   1128    838    534
   813   1138    811    551
   814   1127    861    512
   815   1151    829    520
   816   1138    843    519
   817   1113    842    545
   818   1111    816    573
   819   1111    812    577
   820   1134    822    544
   821   1119    857    524
   822   1056    920    524
   823   1067    883    550
   824   1101    845    554
   825   1123    836    541
   826   1146    816    538
   827   1138    842    520
   828   1115    858    527
   829   1074    868    558
   830   1086    847    567
   831   1098    820    582
   832   1149    800    551
   833   1106    840    554
   834   1146    769    585
   835   1147    769    584
   836   1170    765    565
   837   1157    795    548
   838   1150    820    530
   839   1153    833    514
   840   1154    801    545
   841   1157    801    542
   842   1199    768    533
   843   1178    813    509
   844   1106    871    523
   845   1090    879    531
   846   1100    830    570
   847   1135    801    564
   848   1150    815    535
   849   1153    804    543
   850   1123    839    538
   851   1128    857    515
   852   1115    844    541
   853   1103    868    529
   854   1067    895    538
   855   1115    857    528
   856   1133    828    539
   857   1107    871    522
   858   1051    894    555
   859   1107    818    575
   860   1120    839    541
   861   1141    839    520
   862   1124    840    536
   863   1159    786    555
   864   1127    814    559
   865   1197    785    518
   866   1196    796    508
   867   1092    868    540
   868   1121    820    559
   869   1124    841    535
   870   1135    824    541
   871   1105    842    553
   872   1125    801    574
   873   1079    898    523
   874   1118    819    563
   875   1149    846    505
   876   1134    845    521
   877   1038    920    542
   878   1015    898    587
   879   1054    853    593
   880   1158    780    562
   881   1115    858    527
   882   1112    871    517
   883   1103    885    512
   884   1137    831    532
   885   1131    837    532
   886   1116    842    542
   887   1115    847    538
   888   1156    805    539
   889   1217    743    540
   890   1225    781    494
   891   1171    828    501
   892   1116    868    516
   893   1116    838    546
   894   1131    840    529
   895   1142    805    553
   896   1134    838    528
   897   1152    812    536
   898   1081    873    546
   899   1110    863    527
   900   1139    821    540
   901   1090    848    562
   902   1132    832    536
   903   1098    867    535
   904   1141    815    544
   905   1111    837    552
   906   1137    813    550
   907   1182    767    551
   908   1166    777    557
   909   1219    728    553
   910   1199    815    486
   911   1161    818    521
   912   1106    825    569
   913   1128    823    549
   914   1127    824    549
   915   1145    805    550
   916   1212    750    538
   917   1177    819    504
   918   1126    853    521
   919   1129    832    539
   920   1120    857    523
   921   1156    774    570
   922   1173    807    520
   923   1158    827    515
   924   1188    785    527
   925   1209    781    510
   926   1196    798    506
   927   1188    805    507
   928   1163    799    538
   929   1164    832    504
   930   1151    832    517
   931   1183    774    543
   932   1150    811    539
   933   1100    828    572
   934   1147    826    527
   935   1157    800    543
   936   1190    754    556
   937   1202    776    522
   938   1129    806    565
   939   1133    801    566
   940   1186    765    549
   941   1187    793    520
   942   1115    807    578
   943   1129    820    551
   944   1108    841    551
   945   1103    897    500
   946   1060    889    551
   947   1096    854    550
   948   1151    803    546
   949   1149    820    531
   950   1146    809    545
   951   1186    775    539
   952   1168    800    532
   953   1175    818    507
   954   1207    791    502
   955   1209    806    485
   956   1163    829    508
   957   1157    841    502
   958   1166    845    489
   959   1132    878    490
   960   1096    883    521
   961   1096    865    539
   962   1094    842    564
   963   1148    809    543
   964   1132    836    532
   965   1138    838    524
   966   1192    777    531
   967   1145    865    490
   968   1156    838    506
   969   1147    856    497
   970   1096    858    546
   971   1150    823    527
   972   1151    828    521
   973   1130    843    527
   974   1108    854    538
   975   1129    825    546
   976   1155    829    516
   977   1127    852    521
   978   1128    846    526
   979   1147    834    519
   980   1167    825    508
   981   1156    806    538
   982   1166    817    517
   983   1177    826    497
   984   1153    809    538
   985   1153    798    549
   986   1126    814    560
   987   1084    848    568
   988   1064    879    557
   989   1056    860    584
   990   1084    847    569
   991   1150    798    552
   992   1120    836    544
   993   1115    848    537
   994   1111    850    539
   995   1151    808    541
   996   1134    827    539
   997   1114    823    563
   998   1169    768    563
   999   1179    755    566
  1000   1188    816    496
