# time (sweeps) | Susceptible | Infected | Recovered
     0   1083    523    894
     1   1082    525    893
     2   1093    530    877
     3   1055    550    895
     4   1085    547    868
     5   1067    514    919
     6   1131    489    880
     7   1096    509    895
     8   1081    544    875
     9   1090    544    866
    10   1109    536    855
    11   1087    563    850
    12   1056    558    886
    13   1078    509    913
    14   1052    546    902
    15   1063    525    912
    16   1067    510    923
    17   1095    500    905
    18   1089    518    893
    19   1119    495    886
    20   1129    506    865
    21   1124    527    849
    22   1079    559    862
    23   1030    584    886
    24   1027    583    890
    25   1041    560    899
    26   1037    566    897
    27   1066    535    899
    28   1044    561    895
    29   1064    538    898
    30   1046    524    930
    31   1049    540    911
    32   1060    535    905
    33   1080    501    919
    34   1097    481    922
    35   1091    494    915
    36   1129    492    879
    37   1101    521    878
    38   1092    548    860
    39   1094    526    880
    40   1092    520    888
    41   1124    514    862
    42   1060    561    879
    43   1091    525    884
    44   1123    484    893
    45   1116    534    850
    46   1110    519    871
    47   1105    501    894
    48   1142    460    898
    49   1199    429    872
    50   1191    460    849
    51   1158    503    839
    52   1178    498    824
    53   1156    508    836
    54   1179    493    828
    55   1175    500    825
    56   1175    517    808
    57   1119    546    835
    58   1084    530    886
    59   1106    513    881
    60   1088    537    875
    61   1067    546    887
    62   1028    559    913
    63   1024    549    927
    64   1041    552    907
    65   1035    551    914
    66   1053    537    910
    67   1058    558    884
    68   1115    504    881
    69   1138    517    845
    70   1131    479    890
    71   1149    456    895
    72   1171    447    882
    73   1172    487    841
    74   1172    495    833
    75   1180    538    782
    76   1143    547    810
    77   1132    521    847
    78   1130    510    860
    79   1125    524    851
    80   1090    566    844
    81   1059    573    868
    82   1077    543    880
    83   1034    536    930
    84   1053    518    929
    85   1028    569    903
    86   1002    553    945
    87   1017    534    949
    88   1020    531    949
    89   1020    512    968
    90   1035    515    950
    91   1069    494    937
    92   1087    479    934
    93   1121    475    904
    94   1167    469    864
    95   1165    504    831
    96   1153    516    831
    97   1124    549    827
    98   1094    565    841
    99   1055    578    867
   100   1071    559    870
   101   1062    560    878
   102   1059    573    868
   103   1036    568    896
   104   1032    567    901
   105   1004    566    930
   106   1038    544    918
   107   1044    551    905
   108   1077    520    903
   109   1074    544    882
   110   1091    536    873
   111   1072    557    871
   112   1112    542    846
   113   1150    520    830
   114   1145    518    837
   115   1161    521    818
   116   1149    517    834
   117   1193    495    812
   118   1170    511    819
   119   1154    499    847
   120   1173    484    843
   121   1142    490    868
   122   1181    476    843
   123   1180    479    841
   124   1173    480    847
   125   1177    486    837
   126   1133    506    861
   127   1143    503    854
   128   1098    553    849
   129   1054    599    847
   130   1041    587    872
   131   1083    555    862
   132   1042    585    873
   133   1048    570    882
   134   1035    552    913
   135   1044    543    913
   136   1040    558    902
   137   1060    538    902
   138   1033    529    938
   139   1017    535    948
   140   1082    504    914
   141   1112    494    894
   142   1136    469    895
   143   1146    470    884
   144   1171    461    868
   145   1182    485    833
   146   1162    512    826
   147   1093    536    871
   148   1109    479    912
   149   1120    504    876
   150   1121    505    874
   151   1100    499    901
   152   1129    481    890
   153   1135    469    896
   154   1177    447    876
   155   1200    434    866
   156   1221    447    832
   157   1240    468    792
   158   1200    522    778
   159   1215    512    773
   160   1196    505    799
   161   1153    520    827
   162   1113    553    834
   163   1109    546    845
   164   1087    532    881
   165   1084    508    908
   166   1144    502    854
   167   1146    490    864
   168   1128    537    835
   169   1084    548    868
   170   1083    542    875
   171   1070    516    914
   172   1123    489    888
   173   1154    473    873
   174   1157    509    834
   175   1151    529    820
   176   1126    527    847
   177   1112    517    871
   178   1103    532    865
   179   1114    518    868
   180   1145    484    871
   181   1138    510    852
   182   1116    511    873
   183   1157    478    865
   184   1156    491    853
   185   1166    473    861
   186   1164    478    858
   187   1135    514    851
   188   1102    512    886
   189   1106    529    865
   190   1131    523    846
   191   1112    533    855
   192   1103    526    871
   193   1071    545    884
   194   1085    557    858
   195   1090    530    880
   196   1114    508    878
   197   1103    526    871
   198   1114    538    848
   199   1087    558    855
   200   1075    579    846
   201   1087    544    869
   202   1080    519    901
   203   1059    526    915
   204   1063    533    904
   205   1054    535    911
   206   1050    527    923
   207   1036    549    915
   208   1030    541    929
   209   1024    558    918
   210   1042    544    914
   211   1086    533    881
   212   1066    539    895
   213   1083    526    891
   214   1071    530    899
   215   1077    539    884
   216   1053    561    886
   217   1018    586    896
   218   1006    582    912
   219   1068    527    905
   220   1095    548    857
   221   1076    523    901
   222   1086    540    874
   223   1084    524    892
   224   1132    493    875
   225   1109    486    905
   226   1085    529    886
   227   1051    563    886
   228   1066    526    908
   229   1083    531    886
   230   1113    528    859
   231   1091    560    849
   232   1081    555    864
   233   1080    543    877
   234   1046    580    874
   235   1007    600    893
   236    993    607    900
   237    969    597    934
   238    983    573    944
   239   1026    540    934
   240   1045    538    917
   241   1036    533    931
   242   1070    497    933
   243   1113    482    905
   244   1128    504    868
   245   1134    511    855
   246   1085    543    872
   247   1098    564    838
   248   1142    507    851
   249   1145    524    831
   250   1155    501    844
   251   1187    470    843
   252   1144    530    826
   253   1083    547    870
   254   1067    570    863
   255   1078    559    863
   256   1106    552    842
   257   1087    564    849
   258   1057    566    877
   259   1045    581    874
   260   1064    543    893
   261   1082    544    874
   262   1065    547    888
   263   1083    526    891
   264   1101    547    852
   265   1114    527    859
   266   1151    497    852
   267   1177    475    848
   268   1179    491    830
   269   1194    472    834
   270   1190    461    849
   271   1167    485    848
   272   1179    465    856
   273   1152    486    862
   274   1152    493    855
   275   1165    526    809
   276   1102    570    828
   277   1082    573    845
   278   1067    572    861
   279   1071    562    867
   280   1072    562    866
   281   1079    533    888
   282   1088    551    861
   283   1068    546    886
   284   1069    526    905
   285   1051    565    884
   286   1066    545    889
   287   1068    508    924
   288   1067    520    913
   289   1097    504    899
   290   1086    523    891
   291   1114    490    896
   292   1131    525    844
   293   1136    519    845
   294   1114    548    838
   295   1059    559    882
   296   1074    537    889
   297   1063    552    885
   298   1114    523    863
   299   1109    529    862
   300   1073    496    931
   301   1080    515    905
   302   1086    507    907
   303   1090    516    894
   304   1077    527    896
   305   1068    537    895
   306   1076    507    917
   307   1126    486    888
   308   1162    474    864
   309   1175    495    830
   310   1158    502    840
   311   1166    495    839
   312   1130    515    855
   313   1097    550    853
   314   1123    537    840
   315   1077    537    886
   316   1060    542    898
   317   1102    498    900
   318   1149    460    891
   319   1172    481    847
   320   1192    462    846
   321   1159    514    827
   322   1153    545    802
   323   1056    586    858
   324   1064    569    867
   325   1031    546    923
   326   1063    542    895
   327   1013    577    910
   328   1017    546    937
   329   1000    583    917
   330   1044    514    942
   331   1035    536    929
   332   1089    496    915
   333   1147    494    859
   334   1144    495    861
   335   1161    476    863
   336   1176    474    850
   337   1188    460    852
   338   1199    485    816
   339   1199    471    830
   340   1206    479    815
   341   1165    503    832
   342   1175    496    829
   343   1145    533    822
   344   1128    551    821
   345   1109    557    834
   346   1081    590    829
   347   1052    589    859
   348    962    603    935
   349    962    609    929
   350    975    605    920
   351    993    567    940
   352   1022    567    911
   353   1041    532    927
   354   1109    477    914
   355   1145    484    871
   356   1180    476    844
   357   1231    453    816
   358   1216    508    776
   359   1205    494    801
   360   1211    478    811
   361   1242    458    800
   362   1211    510    779
   363   1190    513    797
   364   1155    514    831
   365   1156    490    854
   366   1178    497    825
   367   1151    482    867
   368   1131    507    862
   369   1119    505    876
   370   1105    534    861
   371   1095    504    901
   372   1139    495    866
   373   1117    493    890
   374   1100    522    878
   375   1116    509    875
   376   1117    504    879
   377   1117    546    837
   378   1095    524    881
   379   1115    509    876
   380   1114    513    873
   381   1111    512    877
   382   1113    521    866
   383   1148    504    848
   384   1148    510    842
   385   1142    477    881
   386   1185    480    835
   387   1196    468    836
   388   1209    452    839
   389   1220    438    842
   390   1255    458    787
   391   1236    468    796
   392   1254    460    786
   393   1231    502    767
   394   1218    497    785
   395   1218    497    785
   396   1175    511    814
   397   1176    502    822
   398   1160    495    845
   399   1121    504    875
   400   1161    502    837
   401   1192    503    805
   402   1128    573    799
   403   1167    514    819
   404   1160    503    837
   405   1136    511    853
   406   1139    509    852
   407   1126    531    843
   408   1083    531    886
   409   1099    531    870
   410   1075    524    901
   411   1079    523    898
   412   1113    530    857
   413   1092    559    849
   414   1094    522    884
   415   1088    530    882
   416   1064    556    880
   417   1038    568    894
   418   1028    581    891
   419   1062    561    877
   420   1080    542    878
   421   1091    520    889
   422   1118    510    872
   423   1123    528    849
   424   1113    528    859
   425   1119    551    830
   426   1118    537    845
   427   1101    532    867
   428   1069    568    863
   429   1049    541    910
   430   1082    537    881
   431   1053    505    942
   432   1065    498    937
   433   1123    473    904
   434   1124    503    873
   435   1116    501    883
   436   1101    510    889
   437   1079    539    882
   438   1108    519    873
   439   1122    508    870
   440   1103    526    871
   441   1074    510    916
   442   1096    514    890
   443   1081    504    915
   444   1085    540    875
   445   1063    551    886
   446   1090    548    862
   447   1048    560    892
   448   1029    580    891
   449   1054    523    923
   450   1086    524    890
   451   1069    531    900
   452   1133    482    885
   453   1166    450    884
   454   1241    416    843
   455   1228    454    818
   456   1269    449    782
   457   1275    466    759
   458   1282    464    754
   459   1264    457    779
   460   1273    467    760
   461   1272    469    759
   462   1263    465    772
   463   1228    479    793
   464   1267    441    792
   465   1258    465    777
   466   1217    496    787
   467   1207    491    802
   468   1217    489    794
   469   1153    520    827
   470   1133    496    871
   471   1154    494    852
   472   1168    498    834
   473   1152    511    837
   474   1176    487    837
   475   1159    489    852
   476   1147    508    845
   477   1124    514    862
   478   1106    542    852
   479   1093    575    832
   480   1088    567    845
   481   1069    551    880
   482   1072    532    896
   483   1112    498    890
   484   1145    514    841
   485   1139    508    853
   486   1116    524    860
   487   1073    550    877
   488   1057    551    892
   489   1060    573    867
   490   1031    578    891
   491   1025    567    908
   492    997    570    933
   493   1046    540    914
   494   1086    548    866
   495   1114    525    861
   496   1107    534    859
   497   1069    516    915
   498   1105    486    909
   499   1138    506    856
   500   1140    491    869
   501   1155    467    878
   502   1212    479    809
   503   1168    509    823
   504   1167    510    823
   505   1128    542    830
   506   1148    524    828
   507   1109    545    846
   508   1091    514    895
   509   1108    493    899
   510   1107    499    894
   511   1125    545    830
   512   1139    539    822
   513   1117    504    879
   514   1126    502    872
   515   1141    481    878
   516   1181    461    858
   517   1199    459    842
   518   1159    493    848
   519   1179    474    847
   520   1185    485    830
   521   1197    482    821
   522   1194    480    826
   523   1196    470    834
   524   1182    494    824
   525   1197    496    807
   526   1171    491    838
   527   1173    486    841
   528   1163    511    826
   529   1131    510    859
   530   1143    504    853
   531   1169    494    837
   532   1172    492    836
   533   1160    501    839
   534   1175    478    847
   535   1165    485    850
   536   1190    482    828
   537   1180    504    816
   538   1145    522    833
   539   1108    537    855
   540   1090    548    862
   541   1098    535    867
   542   1107    522    871
   543   1138    499    863
   544   1128    461    911
   545   1210    457    833
   546   1225    449    826
   547   1195    480    825
   548   1221    488    791
   549   1131    523    846
   550   1112    539    849
   551   1135    510    855
   552   1143    533    824
   553   1147    515    838
   554   1160    514    826
   555   1156    523    821
   556   1138    511    851
   557   1177    486    837
   558   1180    491    829
   559   1152    529    819
   560   1100    580    820
   561   1079    594    827
   562   1006    623    871
   563    982    616    902
   564    985    597    918
   565    989    589    922
   566   1016    555    929
   567   1002    563    935
   568   1019    539    942
   569   1069    500    931
   570   1166    446    888
   571   1218    463    819
   572   1212    497    791
   573   1213    510    777
   574   1174    523    803
   575   1174    528    798
   576   1141    505    854
   577   1122    539    839
   578   1113    515    872
   579   1141    510    849
   580   1114    532    854
   581   1070    544    886
   582   1094    521    885
   583   1129    541    830
   584   1115    551    834
   585   1085    563    852
   586   1083    542    875
   587   1088    514    898
   588   1120    499    881
   589   1162    492    846
   590   1183    481    836
   591   1162    496    842
   592   1181    469    850
   593   1150    493    857
   594   1173    463    864
   595   1171    463    866
   596   1142    499    859
   597   1132    533    835
   598   1084    537    879
   599   1063    529    908
   600   1079    502    919
   601   1144    480    876
   602   1136    499    865
   603   1152    481    867
   604   1162    489    849
   605   1143    515    842
   606   1132    500    868
   607   1128    511    861
   608   1127    516    857
   609   1141    528    831
   610   1149    527    824
   611   1106    571    823
   612   1032    627    841
   613   1023    622    855
   614   1010    624    866
   615   1000    609    891
   616   1005    564    931
   617   1015    580    905
   618   1001    574    925
   619   1004    543    953
   620   1044    542    914
   621   1057    517    926
   622   1129    464    907
   623   1125    483    892
   624   1114    508    878
   625   1126    500    874
   626   1135    504    861
   627   1098    516    886
   628   1110    516    874
   629   1124    495    881
   630   1137    525    838
   631   1104    502    894
   632   1128    502    870
   633   1129    509    862
   634   1148    498    854
   635   1195    465    840
   636   1190    476    834
   637   1192    502    806
   638   1153    507    840
   639   1132    519    849
   640   1117    498    885
   641   1165    466    869
   642   1177    492    831
   643   1150    499    851
   644   1134    540    826
   645   1109    546    845
   646   1068    556    876
   647   1068    555    877
   648   1094    527    879
   649   1119    513    868
   650   1154    500    846
   651   1123    529    848
   652   1121    524    855
   653   1111    535    854
   654   1120    550    830
   655   1083    565    852
   656   1080    540    880
   657   1070    542    888
   658   1068    531    901
   659   1072    546    882
   660   1116    513    871
   661   1093    584    823
   662   1059    563    878
   663   1035    591    874
   664   1003    598    899
   665   1008    577    915
   666    984    575    941
   667   1004    571    925
   668   1004    541    955
   669   1010    514    976
   670   1034    520    946
   671   1057    486    957
   672   1099    466    935
   673   1111    491    898
   674   1166    488    846
   675   1124    509    867
   676   1116    516    868
   677   1117    502    881
   678   1140    480    880
   679   1178    451    871
   680   1195    467    838
   681   1218    475    807
   682   1185    510    805
   683   1218    485    797
   684   1173    525    802
   685   1145    540    815
   686   1092    549    859
   687   1081    562    857
   688   1068    567    865
   689   1077    539    884
   690   1097    492    911
   691   1127    501    872
   692   1134    498    868
   693   1131    481    888
   694   1148    470    882
   695   1160    480    860
   696   1129    509    862
   697   1073    517    910
   698   1114    499    887
   699   1093    541    866
   700   1109    547    844
   701   1091    548    861
   702   1122    536    842
   703   1092    552    856
   704   1109    546    845
   705   1128    514    858
   706   1178    478    844
   707   1176    517    807
   708   1129    557    814
   709   1090    577    833
   710   1053    578    869
   711   1058    545    897
   712   1046    557    897
   713   1018    574    908
   714    993    561    946
   715   1015    545    940
   716   1031    525    944
   717   1072    527    901
   718   1057    563    880
   719   1053    533    914
   720   1086    538    876
   721   1089    513    898
   722   1078    521    901
   723   1101    521    878
   724   1130    496    874
   725   1117    525    858
   726   1082    537    881
   727   1076    536    888
   728   1091    539    870
   729   1108    513    879
   730   1125    518    857
   731   1092    513    895
   732   1123    531    846
   733   1102    538    860
   734   1065    524    911
   735   1076    514    910
   736   1091    473    936
   737   1136    457    907
   738   1140    499    861
   739   1094    544    862
   740   1113    512    875
   741   1124    496    880
   742   1087    524    889
   743   1068    569    863
   744   1042    583    875
   745   1038    549    913
   746   1011    549    940
   747   1038    542    920
   748   1018    560    922
   749   1003    548    949
   750   1072    502    926
   751   1137    518    845
   752   1130    524    846
   753   1085    533    882
   754   1113    487    900
   755   1124    481    895
   756   1132    485    883
   757   1200    448    852
   758   1215    434    851
   759   1196    481    823
   760   1200    476    824
   761   1171    497    832
   762   1157    513    830
   763   1112    536    852
   764   1117    530    853
   765   1106    539    855
   766   1102    500    898
   767   1110    510    880
   768   1114    518    868
   769   1096    560    844
   770   1046    580    874
   771   1066    550    884
   772   1093    562    845
   773   1063    531    906
   774   1040    562    898
   775   1016    601    883
   776   1027    593    880
   777    998    580    922
   778    992    570    938
   779   1037    494    969
   780   1082    506    912
   781   1094    514    892
   782   1104    511    885
   783   1113    530    857
   784   1118    516    866
   785   1125    514    861
   786   1136    514    850
   787   1095    538    867
   788   1090    564    846
   789   1092    563    845
   790   1073    558    869
   791   1061    515    924
   792   1075    522    903
   793   1062    540    898
   794   1108    500    892
   795   1148    467    885
   796   1140    498    862
   797   1101    539    860
   798   1121    480    899
   799   1143    483    874
   800   1136    503    861
   801   1150    517    833
   802   1131    542    827
   803   1136    518    846
   804   1115    523    862
   805   1102    561    837
   806   1097    555    848
   807   1072    530    898
   808   1080    505    915
   809   1087    496    917
   810   1114    499    887
   811   1120    509    871
   812   1106    520    874
   813   1123    509    868
   814   1115    543    842
   815   1122    549    829
   816   1123    512    865
   817   1124    504    872
   818   1141    482    877
   819   1151    475    874
   820   1176    471    853
   821   1175    468    857
   822   1175    459    866
   823   1198    446    856
   824   1202    480    818
   825   1199    495    806
   826   1158    533    809
   827   1156    512    832
   828   1153    549    798
   829   1115    532    853
   830   1078    562    860
   831   1049    568    883
   832   1075    551    874
   833   1051    569    880
   834   1076    531    893
   835   1093    553    854
   836   1105    549    846
   837   1100    515    885
   838   1121    504    875
   839   1126    526    848
   840   1107    513    880
   841   1099    523    878
   842   1114    521    865
   843   1154    506    840
   844   1109    526    865
   845   1088    529    883
   846   1053    554    893
   847   1054    542    904
   848   1079    527    894
   849   1062    561    877
   850   1070    537    893
   851   1103    542    855
   852   1076    545    879
   853   1110    519    871
   854   1108    528    864
   855   1064    554    882
   856   1026    598    876
   857   1017    553    930
   858   1034    556    910
   859   1022    554    924
   860   1029    527    944
   861   1079    517    904
   862   1077    517    906
   863   1053    520    927
   864   1061    552    887
   865   1032    598    870
   866   1022    610    868
   867    978    593    929
   868    979    573    948
   869   1039    559    902
   870   1054    509    937
   871   1060    517    923
   872   1105    499    896
   873   1144    504    852
   874   1151    495    854
   875   1149    490    861
   876   1147    485    868
   877   1165    468    867
   878   1194    442    864
   879   1214    456    830
   880   1197    502    801
   881   1184    505    811
   882   1150    504    846
   883   1128    549    823
   884   1119    530    851
   885   1140    514    846
   886   1136    523    841
   887   1129    541    830
   888   1087    573    840
   889   1080    568    852
   890   1073    542    885
   891   1056    537    907
   892   1091    522    887
   893   1094    507    899
   894   1126    500    874
   895   1136    502    862
   896   1155    475    870
   897   1190    484    826
   898   1186    503    811
   899   1171    511    818
   900   1145    558    797
   901   1108    578    814
   902   1074    592    834
   903   1034    624    842
   904    980    602    918
   905    952    591    957
   906    953    592    955
   907    988    538    974
   908    995    570    935
   909   1002    566    932
   910   1004    555    941
   911   1035    532    933
   912   1055    522    923
   913   1043    528    929
   914   1064    541    895
   915   1075    499    926
   916   1115    469    916
   917   1122    481    897
   918   1158    485    857
   919   1203    446    851
   920   1216    447    837
   921   1198    475    827
   922   1171    497    832
   923   1175    456    869
   924   1201    441    858
   925   1179    487    834
   926   1232    414    854
   927   1250    440    810
   928   1267    453    780
   929   1306    421    773
   930   1285    448    767
   931   1227    489    784
   932   1204    504    792
   933   1162    508    830
   934   1139    528    833
   935   1132    549    819
   936   1125    536    839
   937   1128    494    878
   938   1141    501    858
   939   1173    490    837
   940   1173    493    834
   941   1177    478    845
   942   1188    495    817
   943   1180    512    808
   944   1191    493    816
   945   1160    502    838
   946   1154    504    842
   947   1213    471    816
   948   1185    496    819
   949   1140    528    832
   950   1164    503    833
   951   1117    534    849
   952   1098    570    832
   953   1063    591    846
   954   1068    553    879
   955   1072    558    870
   956   1094    534    872
   957   1094    546    860
   958   1060    580    860
   959   1040    586    874
   960   1005    606    889
   961   1003    574    923
   962   1027    554    919
   963   1051    545    904
   964   1058    532    910
   965   1116    468    916
   966   1123    495    882
   967   1126    523    851
   968   1123    519    858
   969   1090    539    871
   970   1105    513    882
   971   1067    548    885
   972   1059    524    917
   973   1095    515    890
   974   1103    514    883
   975   1086    514    900
   976   1148    477    875
   977   1139    485    876
   978   1172    463    865
   979   1183    471    846
   980   1241    473    786
   981   1205    517    778
   982   1179    518    803
   983   1146    527    827
   984   1160    507    833
   985   1122    518    860
   986   1123    533    844
   987   1078    540    882
   988   1063    565    872
   989   1017    582    901
   990   1014    579    907
   991    996    582    922
   992   1010    565    925
   993   1015    576    909
   994   1012    575    913
   995   1037    565    898
   996   1013    596    891
   997   1008    563    929
   998   1026    562    912
   999   1091    529    880
  1000   1106    514    880
