# time (sweeps) | Susceptible | Infected | Recovered
     0    911    633    956
     1    967    628    905
     2    965    619    916
     3   1019    598    883
     4   1006    616    878
     5   1005    628    867
     6   1004    605    891
     7   1026    625    849
     8   1017    618    865
     9   1042    610    848
    10   1055    557    888
    11   1078    561    861
    12   1085    570    845
    13   1068    577    855
    14   1036    623    841
    15   1000    652    848
    16    968    648    884
    17    963    648    889
    18    926    670    904
    19    962    656    882
    20    971    654    875
    21    942    683    875
    22    923    680    897
    23    903    640    957
    24    963    606    931
    25    965    616    919
    26   1003    572    925
    27   1064    543    893
    28   1071    551    878
    29   1078    597    825
    30   1042    608    850
    31   1021    606    873
    32    987    637    876
    33    910    712    878
    34    939    687    874
    35    917    711    872
    36    902    656    942
    37    934    666    900
    38    951    669    880
    39    938    701    861
    40    928    690    882
    41    944    682    874
    42    939    679    882
    43    959    619    922
    44    985    629    886
    45    968    642    890
    46   1018    615    867
    47    986    602    912
    48   1001    591    908
    49   1005    613    882
    50   1009    598    893
    51   1008    589    903
    52   1033    575    892
    53   1086    558    856
    54   1039    614    847
    55   1047    630    823
    56   1020    619    861
    57   1020    647    833
    58   1027    599    874
    59   1035    614    851
    60   1022    622    856
    61   1007    640    853
    62    989    650    861
    63    987    616    897
    64    948    612    940
    65    992    556    952
    66   1055    556    889
    67   1034    560    906
    68   1025    582    893
    69   1045    597    858
    70   1030    648    822
    71    970    646    884
    72    982    660    858
    73    978    670    852
    74    976    651    873
    75    967    641    892
    76    988    618    894
    77   1022    596    882
    78   1001    637    862
    79    973    641    886
    80    967    652    881
    81    972    644    884
    82    974    661    865
    83    950    670    880
    84    950    645    905
    85    984    612    904
    86    991    621    888
    87   1015    612    873
    88    982    622    896
    89    963    621    916
    90   1028    554    918
    91   1036    552    912
    92   1081    509    910
    93   1118    529    853
    94   1106    557    837
    95   1106    563    831
    96   1125    588    787
    97   1090    574    836
    98   1119    546    835
    99   1122    583    795
   100   1073    607    820
   101   1042    636    822
   102   1028    638    834
   103    990    634    876
   104   1028    633    839
   105   1006    637    857
   106    976    651    873
   107    935    662    903
   108    962    650    888
   109    939    662    899
   110    957    656    887
   111    945    643    912
   112    950    623    927
   113    978    615    907
   114    969    609    922
   115   1014    584    902
   116   1012    618    870
   117   1010    607    883
   118   1011    608    881
   119   1036    608    856
   120    984    620    896
   121    962    625    913
   122    951    617    932
   123    964    604    932
   124    977    583    940
   125   1018    579    903
   126   1025    605    870
   127   1024    583    893
   128    997    619    884
   129    987    627    886
   130    993    616    891
   131    975    629    896
   132    962    658    880
   133    985    645    870
   134    967    613    920
   135    984    633    883
   136   1034    601    865
   137   1030    614    856
   138    990    655    855
   139    990    629    881
   140    962    627    911
   141    981    629    890
   142    988    612    900
   143    994    600    906
   144   1017    600    883
   145   1024    622    854
   146   1019    621    860
   147    988    620    892
   148    985    602    913
   149    977    609    914
   150    976    640    884
   151    945    648    907
   152    947    613    940
   153    993    590    917
   154   1012    610    878
   155   1015    619    866
   156    995    628    877
   157    994    619    887
   158    964    654    882
   159    950    641    909
   160    942    603    955
   161    996    599    905
   162    983    616    901
   163    961    651    888
   164    991    633    876
   165    984    621    895
   166    988    626    886
   167   1013    623    864
   168   1045    586    869
   169   1033    614    853
   170   1027    617    856
   171    969    653    878
   172    977    613    910
   173    983    651    866
   174    989    591    920
   175    998    584    918
   176    993    623    884
   177    985    633    882
   178    959    624    917
   179    969    650    881
   180    965    643    892
   181    935    662    903
   182    992    611    897
   183   1003    628    869
   184    970    629    901
   185    972    629    899
   186    978    624    898
   187   1000    625    875
   188    958    661    881
   189    965    622    913
   190    958    616    926
   191    985    633    882
   192    967    610    923
   193    985    596    919
   194    995    579    926
   195   1007    589    904
   196   1056    550    894
   197   1069    566    865
   198   1050    572    878
   199   1057    593    850
   200   1026    612    862
   201    985    664    851
   202    999    628    873
   203    960    656    884
   204    965    630    905
   205    978    622    900
   206    998    625    877
   207    966    654    880
   208    987    607    906
   209    960    641    899
   210    978    639    883
   211    969    629    902
   212    976    633    891
   213    999    617    884
   214    976    628    896
   215   1012    615    873
   216    985    631    884
   217    992    651    857
   218   1017    624    859
   219    984    625    891
   220    975    613    912
   221    976    615    909
   222    990    630    880
   223    910    674    916
   224    934    646    920
   225    940    617    943
   226   1000    594    906
   227   1014    663    823
   228    997    625    878
   229   1029    597    874
   230   1036    582    882
   231   1015    603    882
   232   1010    607    883
   233    961    629    910
   234    980    639    881
   235   1021    614    865
   236   1031    594    875
   237   1056    596    848
   238   1006    627    867
   239   1002    643    855
   240    987    660    853
   241    937    694    869
   242    935    646    919
   243    944    655    901
   244    945    631    924
   245    959    619    922
   246    980    603    917
   247    984    643    873
   248    991    640    869
   249    985    613    902
   250   1005    626    869
   251   1012    627    861
   252   1004    646    850
   253   1003    617    880
   254   1021    614    865
   255    995    641    864
   256    979    639    882
   257    977    616    907
   258   1013    603    884
   259   1021    604    875
   260   1034    583    883
   261   1067    553    880
   262   1059    579    862
   263   1038    594    868
   264   1039    594    867
   265   1053    590    857
   266   1057    620    823
   267   1037    633    830
   268   1017    649    834
   269    940    666    894
   270    937    640    923
   271    943    626    931
   272    954    627    919
   273    995    648    857
   274    962    690    848
   275    961    655    884
   276    935    644    921
   277    955    623    922
   278    990    602    908
   279    999    609    892
   280    988    621    891
   281   1001    618    881
   282    979    623    898
   283    997    616    887
   284    960    649    891
   285    982    623    895
   286    957    637    906
   287    960    635    905
   288    940    621    939
   289    964    606    930
   290    964    635    901
   291    939    674    887
   292    942    636    922
   293    981    601    918
   294    990    612    898
   295   1002    582    916
   296   1052    608    840
   297   1074    587    839
   298   1031    639    830
   299   1025    628    847
   300   1008    631    861
   301   1026    605    869
   302   1029    610    861
   303   1051    595    854
   304   1040    599    861
   305   1033    602    865
   306   1012    621    867
   307    999    649    852
   308    988    608    904
   309   1001    634    865
   310    994    642    864
   311    992    628    880
   312    997    608    895
   313   1010    609    881
   314   1012    605    883
   315    969    665    866
   316    933    679    888
   317    932    648    920
   318    966    637    897
   319    930    663    907
   320    939    625    936
   321    973    606    921
   322    965    631    904
   323   1007    599    894
   324    988    637    875
   325    965    643    892
   326    967    630    903
   327    963    631    906
   328    947    655    898
   329    948    667    885
   330    914    695    891
   331    932    651    917
   332    921    639    940
   333    910    638    952
   334    966    614    920
   335    999    580    921
   336   1010    588    902
   337   1043    568    889
   338   1009    578    913
   339   1013    594    893
   340   1000    618    882
   341    980    614    906
   342   1001    605    894
   343    998    588    914
   344    987    616    897
   345   1002    650    848
   346   1012    617    871
   347   1016    606    878
   348   1044    650    806
   349    968    654    878
   350    958    634    908
   351   1018    611    871
   352   1036    574    890
   353    996    607    897
   354   1023    585    892
   355   1062    583    855
   356   1009    611    880
   357   1047    564    889
   358   1037    582    881
   359   1031    591    878
   360   1041    567    892
   361   1067    569    864
   362   1024    605    871
   363   1041    594    865
   364   1047    587    866
   365   1023    619    858
   366   1025    591    884
   367   1053    591    856
   368   1031    593    876
   369   1075    561    864
   370   1076    599    825
   371   1043    608    849
   372   1010    609    881
   373    994    612    894
   374   1014    601    885
   375   1002    610    888
   376   1008    599    893
   377    994    605    901
   378    994    606    900
   379   1004    593    903
   380   1011    586    903
   381   1020    590    890
   382   1026    559    915
   383   1059    577    864
   384   1047    599    854
   385   1027    624    849
   386    985    647    868
   387    969    658    873
   388    983    625    892
   389    982    676    842
   390    968    679    853
   391    937    657    906
   392    943    624    933
   393    975    614    911
   394    982    630    888
   395    991    618    891
   396    957    640    903
   397    934    611    955
   398    971    579    950
   399   1011    581    908
   400   1034    594    872
   401   1004    620    876
   402   1031    581    888
   403   1000    598    902
   404   1023    587    890
   405   1033    592    875
   406   1046    580    874
   407   1079    578    843
   408   1043    606    851
   409   1041    608    851
   410   1088    569    843
   411   1072    616    812
   412   1068    602    830
   413   1029    636    835
   414   1046    603    851
   415   1046    591    863
   416   1079    565    856
   417   1073    578    849
   418   1030    620    850
   419   1023    595    882
   420   1052    556    892
   421   1078    569    853
   422   1098    574    828
   423   1074    595    831
   424   1077    595    828
   425   1041    635    824
   426   1003    625    872
   427   1039    588    873
   428   1028    583    889
   429   1014    626    860
   430    993    632    875
   431   1003    620    877
   432    995    650    855
   433    983    651    866
   434    928    680    892
   435    909    669    922
   436    927    664    909
   437    915    647    938
   438    917    651    932
   439    968    621    911
   440    995    608    897
   441    981    606    913
   442    993    611    896
   443   1012    567    921
   444   1023    624    853
   445   1062    599    839
   446   1068    607    825
   447   1061    637    802
   448   1031    649    820
   449   1007    654    839
   450    991    646    863
   451   1004    627    869
   452    961    660    879
   453    936    692    872
   454    943    675    882
   455    931    686    883
   456    916    680    904
   457    925    679    896
   458    901    695    904
   459    887    694    919
   460    894    664    942
   461    880    682    938
   462    923    630    947
   463    971    625    904
   464    962    633    905
   465    997    623    880
   466    956    669    875
   467    971    665    864
   468    915    668    917
   469    950    633    917
   470    952    643    905
   471    941    630    929
   472    915    642    943
   473    929    641    930
   474    922    607    971
   475    982    600    918
   476    962    629    909
   477   1016    582    902
   478   1037    573    890
   479   1044    574    882
   480   1034    598    868
   481    994    607    899
   482    991    613    896
   483   1007    620    873
   484   1004    626    870
   485   1055    594    851
   486   1032    648    820
   487   1055    590    855
   488   1082    555    863
   489   1068    573    859
   490   1074    567    859
   491   1031    598    871
   492   1016    595    889
   493   1038    578    884
   494   1051    615    834
   495   1022    595    883
   496   1024    609    867
   497   1081    561    858
   498   1069    593    838
   499   1059    589    852
   500   1024    616    860
   501   1003    609    888
   502    978    628    894
   503    984    627    889
   504    983    584    933
   505   1030    583    887
   506   1039    593    868
   507   1000    637    863
   508    971    625    904
   509   1011    590    899
   510   1011    626    863
   511    979    634    887
   512    968    654    878
   513    979    695    826
   514    977    656    867
   515    977    610    913
   516    989    594    917
   517    976    627    897
   518    970    628    902
   519    980    613    907
   520    975    630    895
   521    997    592    911
   522   1013    586    901
   523   1029    584    887
   524   1002    629    869
   525   1026    590    884
   526   1008    612    880
   527   1023    611    866
   528    992    637    871
   529    945    643    912
   530    972    638    890
   531    928    653    919
   532    989    622    889
   533    997    638    865
   534    970    635    895
   535    990    600    910
   536   1010    625    865
   537   1025    571    904
   538   1024    573    903
   539   1035    580    885
   540   1084    583    833
   541   1085    565    850
   542   1076    566    858
   543   1065    595    840
   544   1036    590    874
   545   1016    649    835
   546    997    628    875
   547    980    632    888
   548    971    673    856
   549    952    639    909
   550    949    628    923
   551    934    637    929
   552    960    590    950
   553    919    692    889
   554    913    682    905
   555    900    688    912
   556    903    676    921
   557    929    672    899
   558    927    657    916
   559    939    626    935
   560    994    605    901
   561   1029    548    923
   562   1016    576    908
   563   1070    545    885
   564   1072    604    824
   565   1061    589    850
   566   1074    553    873
   567   1090    572    838
   568   1086    593    821
   569   1053    590    857
   570   1031    594    875
   571   1069    556    875
   572   1060    614    826
   573   1027    627    846
   574   1017    614    869
   575   1011    612    877
   576   1008    654    838
   577   1031    599    870
   578   1047    586    867
   579   1018    600    882
   580    995    607    898
   581    989    619    892
   582    987    623    890
   583    978    597    925
   584    986    603    911
   585    996    575    929
   586   1031    569    900
   587   1029    592    879
   588   1019    629    852
   589    955    701    844
   590    962    666    872
   591    949    660    891
   592    956    628    916
   593    952    658    890
   594    954    635    911
   595    970    608    922
   596    976    602    922
   597   1022    576    902
   598   1021    581    898
   599   1039    545    916
   600   1064    556    880
   601   1066    591    843
   602   1044    592    864
   603   1024    604    872
   604   1004    597    899
   605   1035    596    869
   606   1033    609    858
   607   1018    627    855
   608    992    632    876
   609   1009    614    877
   610   1029    583    888
   611   1039    570    891
   612    996    598    906
   613    981    601    918
   614   1006    585    909
   615   1033    618    849
   616   1027    606    867
   617   1057    581    862
   618   1066    586    848
   619   1054    568    878
   620    991    600    909
   621   1041    589    870
   622   1061    586    853
   623   1048    616    836
   624   1021    621    858
   625    994    608    898
   626   1009    603    888
   627   1038    571    891
   628   1069    575    856
   629   1099    542    859
   630   1111    549    840
   631   1103    563    834
   632   1055    579    866
   633   1015    613    872
   634   1028    632    840
   635   1016    633    851
   636    964    661    875
   637    961    666    873
   638    968    657    875
   639    984    639    877
   640    975    630    895
   641    964    648    888
   642    990    651    859
   643    993    645    862
   644   1015    629    856
   645   1037    592    871
   646   1009    634    857
   647    960    652    888
   648    971    690    839
   649    936    674    890
   650    948    667    885
   651    902    640    958
   652    972    622    906
   653    976    604    920
   654    983    633    884
   655    975    626    899
   656    987    611    902
   657    968    634    898
   658    956    624    920
   659    980    599    921
   660    990    615    895
   661    981    605    914
   662    969    598    933
   663    989    589    922
   664   1015    590    895
   665   1024    578    898
   666   1024    596    880
   667   1013    618    869
   668   1014    607    879
   669   1014    599    887
   670    974    626    900
   671    967    641    892
   672    965    644    891
   673    948    660    892
   674    932    630    938
   675    966    640    894
   676    965    634    901
   677    967    619    914
   678    990    620    890
   679    979    626    895
   680   1000    621    879
   681    981    650    869
   682    969    674    857
   683    963    644    893
   684    991    616    893
   685    952    615    933
   686    980    590    930
   687   1018    598    884
   688   1037    591    872
   689    994    595    911
   690   1036    584    880
   691   1045    553    902
   692   1099    521    880
   693   1094    535    871
   694   1092    561    847
   695   1077    576    847
   696   1079    593    828
   697   1062    618    820
   698   1006    647    847
   699    974    640    886
   700   1007    584    909
   701   1035    593    872
   702   1030    597    873
   703   1029    614    857
   704    992    632    876
   705    954    654    892
   706    966    630    904
   707    973    618    909
   708    937    658    905
   709    954    633    913
   710    943    654    903
   711    980    636    884
   712    986    631    883
   713    970    660    870
   714    939    678    883
   715    962    659    879
   716    905    671    924
   717    892    663    945
   718    935    649    916
   719    937    636    927
   720    954    631    915
   721    967    641    892
   722    947    626    927
   723    953    632    915
   724    960    630    910
   725    965    663    872
   726   1003    627    870
   727    971    618    911
   728   1029    572    899
   729   1032    597    871
   730    991    666    843
   731   1006    631    863
   732    970    659    871
   733    955    645    900
   734    960    627    913
   735    964    653    883
   736   1007    634    859
   737    990    622    888
   738   1026    604    870
   739    985    640    875
   740    979    640    881
   741    986    627    887
   742   1002    612    886
   743    975    636    889
   744    986    625    889
   745    988    630    882
   746    993    612    895
   747    986    616    898
   748    950    654    896
   749    975    598    927
   750    951    637    912
   751    964    603    933
   752   1020    574    906
   753   1023    608    869
   754   1016    599    885
   755   1005    607    888
   756    987    624    889
   757   1007    632    861
   758   1026    602    872
   759   1022    633    845
   760    992    648    860
   761    999    630    871
   762    974    646    880
   763   1010    603    887
   764    986    636    878
   765    935    654    911
   766    961    615    924
   767    989    633    878
   768    946    661    893
   769    927    668    905
   770    919    666    915
   771    928    640    932
   772    937    646    917
   773    961    616    923
   774    938    648    914
   775    963    608    929
   776    980    623    897
   777    984    630    886
   778   1001    605    894
   779    955    632    913
   780    982    610    908
   781    962    640    898
   782    951    664    885
   783    941    666    893
   784    892    673    935
   785    899    629    972
   786    923    635    942
   787    972    637    891
   788    990    615    895
   789   1037    610    853
   790   1022    622    856
   791   1022    617    861
   792   1051    610    839
   793   1038    614    848
   794   1033    606    861
   795    994    654    852
   796    951    682    867
   797    956    630    914
   798    957    623    920
   799   1005    584    911
   800   1028    587    885
   801   1013    612    875
   802   1012    634    854
   803    954    655    891
   804    968    617    915
   805    969    624    907
   806    989    594    917
   807    999    615    886
   808    983    644    873
   809    974    636    890
   810    980    591    929
   811    991    611    898
   812   1017    585    898
   813   1052    577    871
   814   1031    583    886
   815   1026    602    872
   816   1000    601    899
   817    983    646    871
   818    986    626    888
   819    985    635    880
   820    977    620    903
   821    988    635    877
   822   1025    615    860
   823   1006    648    846
   824    958    664    878
   825    938    649    913
   826    984    586    930
   827   1023    581    896
   828   1019    610    871
   829    997    625    878
   830    973    640    887
   831    983    645    872
   832   1007    614    879
   833   1005    621    874
   834   1022    613    865
   835   1004    613    883
   836   1035    618    847
   837   1048    582    870
   838   1061    617    822
   839    999    654    847
   840    985    643    872
   841   1014    626    860
   842   1001    621    878
   843   1022    606    872
   844   1014    614    872
   845   1019    629    852
   846   1042    596    862
   847   1061    571    868
   848   1057    604    839
   849   1033    642    825
   850   1001    649    850
   851    946    680    874
   852    956    655    889
   853    945    651    904
   854    923    629    948
   855    941    623    936
   856   1003    567    930
   857    998    614    888
   858    993    605    902
   859   1027    604    869
   860   1005    625    870
   861   1002    662    836
   862    990    615    895
   863    957    632    911
   864    951    622    927
   865    949    621    930
   866    960    600    940
   867    985    591    924
   868   1004    544    952
   869   1040    561    899
   870   1059    577    864
   871   1039    615    846
   872   1072    580    848
   873   1043    612    845
   874   1010    637    853
   875    979    648    873
   876    998    631    871
   877    956    654    890
   878    972    627    901
   879    996    601    903
   880   1034    594    872
   881   1039    589    872
   882   1094    559    847
   883   1079    570    851
   884   1102    565    833
   885   1079    596    825
   886   1012    637    851
   887   1035    603    862
   888   1005    616    879
   889   1028    587    885
   890    999    630    871
   891   1010    597    893
   892   1045    590    865
   893   1053    581    866
   894   1053    573    874
   895   1009    608    883
   896   1024    608    868
   897   1011    630    859
   898   1003    642    855
   899    971    653    876
   900    959    636    905
   901    950    654    896
   902    949    652    899
   903    959    675    866
   904    924    675    901
   905    936    665    899
   906    899    679    922
   907    910    674    916
   908    918    678    904
   909    919    679    902
   910    876    698    926
   911    895    661    944
   912    899    634    967
   913    916    609    975
   914    915    632    953
   915    913    627    960
   916    943    639    918
   917    967    627    906
   918   1018    609    873
   919    996    633    871
   920    994    649    857
   921    971    648    881
   922    967    698    835
   923    931    663    906
   924    948    640    912
   925    925    638    937
   926    943    627    930
   927    941    641    918
   928    917    657    926
   929    941    674    885
   930    947    662    891
   931    961    656    883
   932    898    665    937
   933    917    653    930
   934    949    621    930
   935   1031    627    842
   936   1013    666    821
   937    973    666    861
   938    955    654    891
   939    981    622    897
   940    989    615    896
   941    974    590    936
   942    998    597    905
   943    999    593    908
   944   1012    584    904
   945   1024    613    863
   946   1040    589    871
   947   1055    586    859
   948   1040    622    838
   949    989    646    865
   950    955    646    899
   951    942    638    920
   952    959    623    918
   953   1024    584    892
   954   1024    613    863
   955   1012    617    871
   956   1000    622    878
   957   1003    628    869
   958   1023    618    859
   959    995    637    868
   960    994    626    880
   961    997    601    902
   962    970    601    929
   963    968    635    897
   964    968    644    888
   965    980    636    884
   966    995    630    875
   967   1000    615    885
   968   1014    635    851
   969   1029    608    863
   970   1037    603    860
   971   1014    644    842
   972   1013    635    852
   973    993    641    866
   974   1007    611    882
   975    972    636    892
   976    951    645    904
   977    947    659    894
   978    921    659    920
   979    903    651    946
   980    942    644    914
   981    973    649    878
   982    942    668    890
   983    912    670    918
   984    909    685    906
   985    908    622    970
   986    945    606    949
   987    984    598    918
   988    999    578    923
   989   1017    592    891
   990   1036    589    875
   991   1028    618    854
   992   1028    635    837
   993    957    653    890
   994    980    639    881
   995    946    658    896
   996    941    643    916
   997    940    659    901
   998    907    641    952
   999    908    618    974
  1000    962    578    960
