# time (sweeps) | Susceptible | Infected | Recovered
     0   1050    745    705
     1   1037    745    718
     2   1046    705    749
     3   1081    683    736
     4   1070    681    749
     5   1089    675    736
     6   1125    652    723
     7   1123    650    727
     8   1101    677    722
     9   1109    666    725
    10   1152    680    668
    11   1101    713    686
    12   1079    739    682
    13   1071    721    708
    14   1036    735    729
    15   1020    763    717
    16   1002    749    749
    17   1004    736    760
    18   1026    729    745
    19   1008    721    771
    20   1054    677    769
    21   1058    690    752
    22   1058    700    742
    23   1092    656    752
    24   1109    652    739
    25   1146    649    705
    26   1100    700    700
    27   1076    673    751
    28   1091    687    722
    29   1060    705    735
    30   1037    738    725
    31   1043    729    728
    32   1061    725    714
    33   1065    688    747
    34   1057    694    749
    35   1067    717    716
    36   1031    721    748
    37   1043    722    735
    38   1018    720    762
    39   1002    733    765
    40   1061    687    752
    41   1058    706    736
    42   1028    722    750
    43   1034    693    773
    44   1063    692    745
    45   1060    701    739
    46   1066    697    737
    47   1036    721    743
    48   1035    707    758
    49   1092    675    733
    50   1122    657    721
    51   1102    691    707
    52   1086    684    730
    53   1100    643    757
    54   1123    648    729
    55   1125    671    704
    56   1152    662    686
    57   1127    640    733
    58   1086    675    739
    59   1090    679    731
    60   1082    703    715
    61   1052    702    746
    62   1063    682    755
    63   1078    685    737
    64   1083    665    752
    65   1114    655    731
    66   1107    651    742
    67   1090    673    737
    68   1157    647    696
    69   1162    635    703
    70   1111    705    684
    71   1083    710    707
    72   1083    713    704
    73   1065    716    719
    74   1048    727    725
    75   1017    740    743
    76   1025    744    731
    77    990    783    727
    78   1004    755    741
    79    995    765    740
    80   1009    783    708
    81    973    780    747
    82    954    730    816
    83   1003    720    777
    84    979    735    786
    85    988    726    786
    86    976    760    764
    87    935    767    798
    88    977    731    792
    89   1024    679    797
    90   1074    672    754
    91   1087    704    709
    92   1071    692    737
    93   1080    676    744
    94   1082    689    729
    95   1056    690    754
    96   1027    694    779
    97   1048    692    760
    98   1090    659    751
    99   1122    671    707
   100   1121    649    730
   101   1180    621    699
   102   1151    666    683
   103   1174    640    686
   104   1156    670    674
   105   1120    685    695
   106   1080    678    742
   107   1071    684    745
   108   1111    694    695
   109   1056    730    714
   110   1037    721    742
   111   1064    710    726
   112   1065    718    717
   113   1059    730    711
   114   1038    739    723
   115   1013    739    748
   116   1047    734    719
   117   1066    697    737
   118   1045    702    753
   119   1036    713    751
   120   1055    709    736
   121   1039    707    754
   122   1070    657    773
   123   1083    661    756
   124   1131    656    713
   125   1140    643    717
   126   1152    674    674
   127   1124    683    693
   128   1100    687    713
   129   1107    664    729
   130   1115    664    721
   131   1132    667    701
   132   1106    647    747
   133   1115    662    723
   134   1064    691    745
   135   1086    669    745
   136   1103    683    714
   137   1127    686    687
   138   1081    717    702
   139   1072    709    719
   140   1047    713    740
   141   1041    733    726
   142    983    789    728
   143   1020    715    765
   144   1012    696    792
   145   1011    709    780
   146   1053    667    780
   147   1038    739    723
   148   1010    736    754
   149   1022    713    765
   150   1066    670    764
   151   1059    702    739
   152   1046    708    746
   153   1030    703    767
   154    998    701    801
   155   1058    667    775
   156   1077    682    741
   157   1091    698    711
   158   1056    703    741
   159   1047    708    745
   160   1049    706    745
   161   1028    724    748
   162   1019    708    773
   163   1025    680    795
   164   1032    695    773
   165   1076    670    754
   166   1105    666    729
   167   1079    687    734
   168   1042    712    746
   169   1055    693    752
   170   1100    664    736
   171   1094    692    714
   172   1067    714    719
   173   1045    721    734
   174   1066    709    725
   175   1049    711    740
   176   1064    676    760
   177   1054    715    731
   178   1067    703    730
   179   1067    684    749
   180   1082    672    746
   181   1086    659    755
   182   1107    659    734
   183   1088    675    737
   184   1091    705    704
   185   1078    692    730
   186   1081    681    738
   187   1050    679    771
   188   1079    703    718
   189   1080    682    738
   190   1100    658    742
   191   1119    648    733
   192   1117    617    766
   193   1176    619    705
   194   1191    631    678
   195   1159    666    675
   196   1151    669    680
   197   1141    662    697
   198   1127    676    697
   199   1135    660    705
   200   1179    629    692
   201   1173    667    660
   202   1122    702    676
   203   1099    727    674
   204   1083    722    695
   205   1054    717    729
   206   1056    720    724
   207   1060    694    746
   208   1050    730    720
   209   1028    726    746
   210   1045    694    761
   211   1057    664    779
   212   1122    629    749
   213   1126    646    728
   214   1136    630    734
   215   1108    673    719
   216   1111    671    718
   217   1120    668    712
   218   1092    680    728
   219   1092    648    760
   220   1122    664    714
   221   1105    671    724
   222   1082    704    714
   223   1087    719    694
   224   1034    742    724
   225   1035    716    749
   226   1039    721    740
   227   1059    684    757
   228   1089    657    754
   229   1097    633    770
   230   1155    608    737
   231   1217    637    646
   232   1157    683    660
   233   1141    677    682
   234   1130    677    693
   235   1118    693    689
   236   1110    704    686
   237   1081    720    699
   238   1069    731    700
   239   1087    724    689
   240   1043    736    721
   241   1045    742    713
   242   1016    745    739
   243   1026    720    754
   244    996    724    780
   245   1037    722    741
   246   1061    687    752
   247   1054    714    732
   248   1061    691    748
   249   1106    666    728
   250   1086    695    719
   251   1086    678    736
   252   1090    670    740
   253   1059    688    753
   254   1101    674    725
   255   1116    684    700
   256   1125    667    708
   257   1138    623    739
   258   1166    655    679
   259   1120    672    708
   260   1054    723    723
   261   1027    719    754
   262   1020    710    770
   263   1055    715    730
   264   1055    704    741
   265   1034    754    712
   266   1052    696    752
   267   1018    729    753
   268   1041    707    752
   269   1071    689    740
   270   1094    660    746
   271   1100    704    696
   272   1091    664    745
   273   1117    671    712
   274   1079    689    732
   275   1081    710    709
   276   1080    678    742
   277   1024    695    781
   278   1081    688    731
   279   1073    713    714
   280   1077    689    734
   281   1057    710    733
   282   1045    697    758
   283   1025    683    792
   284   1010    678    812
   285   1057    647    796
   286   1074    643    783
   287   1089    662    749
   288   1089    673    738
   289   1074    714    712
   290   1032    717    751
   291   1073    698    729
   292   1087    663    750
   293   1094    686    720
   294   1097    698    705
   295   1088    707    705
   296   1064    717    719
   297   1095    688    717
   298   1063    676    761
   299   1060    679    761
   300   1027    728    745
   301   1038    703    759
   302   1046    684    770
   303   1084    692    724
   304   1063    714    723
   305   1033    727    740
   306   1036    759    705
   307   1014    736    750
   308    990    746    764
   309    996    744    760
   310   1010    721    769
   311   1018    721    761
   312   1053    687    760
   313   1105    626    769
   314   1137    640    723
   315   1138    613    749
   316   1153    641    706
   317   1150    604    746
   318   1187    608    705
   319   1147    666    687
   320   1147    666    687
   321   1105    667    728
   322   1113    675    712
   323   1103    685    712
   324   1111    673    716
   325   1130    679    691
   326   1071    728    701
   327   1063    709    728
   328   1104    685    711
   329   1088    701    711
   330   1090    696    714
   331   1078    695    727
   332   1046    708    746
   333   1084    664    752
   334   1085    661    754
   335   1123    650    727
   336   1115    666    719
   337   1127    666    707
   338   1198    633    669
   339   1189    630    681
   340   1169    646    685
   341   1166    647    687
   342   1123    693    684
   343   1096    718    686
   344   1094    706    700
   345   1049    722    729
   346    993    742    765
   347   1023    704    773
   348   1049    681    770
   349   1122    649    729
   350   1102    682    716
   351   1163    638    699
   352   1164    665    671
   353   1113    692    695
   354   1093    707    700
   355   1056    662    782
   356   1097    685    718
   357   1115    679    706
   358   1117    695    688
   359   1151    664    685
   360   1112    704    684
   361   1090    703    707
   362   1084    691    725
   363   1086    709    705
   364   1055    707    738
   365   1046    692    762
   366   1078    675    747
   367   1067    682    751
   368   1078    689    733
   369   1087    683    730
   370   1083    685    732
   371   1046    704    750
   372   1021    719    760
   373   1041    695    764
   374   1045    707    748
   375   1068    684    748
   376   1111    678    711
   377   1115    717    668
   378   1074    708    718
   379   1050    728    722
   380   1002    737    761
   381   1009    727    764
   382    994    740    766
   383   1027    732    741
   384    992    718    790
   385   1047    707    746
   386   1069    666    765
   387   1109    647    744
   388   1153    636    711
   389   1154    661    685
   390   1133    671    696
   391   1124    684    692
   392   1157    668    675
   393   1138    646    716
   394   1180    606    714
   395   1168    646    686
   396   1119    696    685
   397   1045    763    692
   398   1016    762    722
   399    981    732    787
   400   1012    713    775
   401   1036    708    756
   402   1059    721    720
   403   1062    708    730
   404   1072    698    730
   405   1050    730    720
   406   1063    728    709
   407   1051    739    710
   408   1054    720    726
   409   1078    691    731
   410   1060    706    734
   411   1082    714    704
   412   1079    696    725
   413   1062    720    718
   414   1048    723    729
   415   1039    699    762
   416   1070    687    743
   417   1045    687    768
   418   1066    696    738
   419   1063    674    763
   420   1074    686    740
   421   1069    704    727
   422   1109    658    733
   423   1086    676    738
   424   1131    653    716
   425   1123    673    704
   426   1121    675    704
   427   1131    627    742
   428   1160    637    703
   429   1142    696    662
   430   1103    693    704
   431   1121    668    711
   432   1118    648    734
   433   1142    639    719
   434   1124    636    740
   435   1176    628    696
   436   1144    682    674
   437   1110    711    679
   438   1117    717    666
   439   1087    707    706
   440   1026    753    721
   441   1023    754    723
   442    977    749    774
   443   1032    696    772
   444   1065    679    756
   445   1062    671    767
   446   1091    689    720
   447   1024    722    754
   448   1042    696    762
   449   1018    713    769
   450   1060    712    728
   451   1062    694    744
   452   1088    691    721
   453   1130    674    696
   454   1101    708    691
   455   1067    741    692
   456   1032    733    735
   457   1045    737    718
   458   1046    734    720
   459   1014    735    751
   460   1021    737    742
   461   1016    702    782
   462   1066    673    761
   463   1064    726    710
   464   1098    676    726
   465   1116    682    702
   466   1081    677    742
   467   1106    678    716
   468   1094    681    725
   469   1101    689    710
   470   1096    696    708
   471   1084    697    719
   472   1055    703    742
   473   1054    712    734
   474   1082    676    742
   475   1069    724    707
   476   1051    733    716
   477   1019    747    734
   478    993    733    774
   479   1013    695    792
   480   1075    654    771
   481   1131    635    734
   482   1134    647    719
   483   1128    703    669
   484   1090    702    708
   485   1058    732    710
   486   1050    710    740
   487   1076    680    744
   488   1078    657    765
   489   1114    679    707
   490   1109    693    698
   491   1066    689    745
   492   1084    671    745
   493   1132    674    694
   494   1149    649    702
   495   1146    648    706
   496   1138    665    697
   497   1113    682    705
   498   1090    692    718
   499   1068    711    721
   500   1093    708    699
   501   1044    723    733
   502   1039    738    723
   503   1038    731    731
   504   1039    723    738
   505    981    753    766
   506   1017    740    743
   507   1013    725    762
   508   1010    715    775
   509   1028    683    789
   510   1053    666    781
   511   1055    658    787
   512   1106    638    756
   513   1110    640    750
   514   1118    644    738
   515   1104    693    703
   516   1073    712    715
   517   1075    707    718
   518   1045    729    726
   519   1069    696    735
   520   1090    668    742
   521   1125    646    729
   522   1135    665    700
   523   1075    732    693
   524   1064    697    739
   525   1032    689    779
   526   1031    699    770
   527   1065    708    727
   528   1091    723    686
   529   1086    675    739
   530   1085    682    733
   531   1083    707    710
   532   1097    687    716
   533   1105    693    702
   534   1104    662    734
   535   1167    645    688
   536   1172    633    695
   537   1144    655    701
   538   1179    628    693
   539   1153    649    698
   540   1151    631    718
   541   1107    715    678
   542   1081    703    716
   543   1015    777    708
   544    958    803    739
   545    964    789    747
   546    985    756    759
   547   1022    726    752
   548   1014    736    750
   549   1038    712    750
   550   1026    718    756
   551   1056    681    763
   552   1078    685    737
   553   1052    697    751
   554   1036    705    759
   555   1058    689    753
   556   1066    703    731
   557   1037    762    701
   558   1025    743    732
   559   1027    763    710
   560   1014    767    719
   561   1051    733    716
   562   1031    734    735
   563   1042    688    770
   564   1130    656    714
   565   1120    657    723
   566   1088    679    733
   567   1111    658    731
   568   1114    664    722
   569   1075    679    746
   570   1029    706    765
   571   1048    652    800
   572   1090    634    776
   573   1130    640    730
   574   1134    653    713
   575   1120    689    691
   576   1115    714    671
   577   1076    727    697
   578   1095    726    679
   579   1102    720    678
   580   1082    696    722
   581   1083    698    719
   582   1117    697    686
   583   1125    677    698
   584   1117    680    703
   585   1109    687    704
   586   1083    701    716
   587   1122    693    685
   588   1100    718    682
   589   1084    720    696
   590   1051    721    728
   591   1078    685    737
   592   1059    668    773
   593   1052    715    733
   594   1061    697    742
   595   1110    688    702
   596   1034    702    764
   597   1106    676    718
   598   1081    673    746
   599   1124    639    737
   600   1090    720    690
   601   1081    718    701
   602   1073    728    699
   603   1031    739    730
   604   1044    706    750
   605   1059    671    770
   606   1056    711    733
   607   1063    704    733
   608   1054    716    730
   609   1053    681    766
   610   1032    699    769
   611   1070    658    772
   612   1102    675    723
   613   1088    723    689
   614   1076    737    687
   615   1030    743    727
   616   1012    727    761
   617    987    757    756
   618   1037    706    757
   619   1033    672    795
   620   1070    649    781
   621   1103    642    755
   622   1130    646    724
   623   1128    671    701
   624   1104    682    714
   625   1100    681    719
   626   1011    699    790
   627    998    710    792
   628   1062    692    746
   629   1065    688    747
   630   1089    685    726
   631   1094    676    730
   632   1111    638    751
   633   1121    683    696
   634   1119    654    727
   635   1109    678    713
   636   1075    710    715
   637   1030    747    723
   638    996    739    765
   639    985    725    790
   640    999    700    801
   641   1049    690    761
   642   1071    679    750
   643   1098    674    728
   644   1142    654    704
   645   1121    645    734
   646   1105    687    708
   647   1097    682    721
   648   1098    688    714
   649   1054    717    729
   650   1061    693    746
   651   1097    670    733
   652   1105    649    746
   653   1113    661    726
   654   1116    709    675
   655   1068    690    742
   656   1077    732    691
   657   1070    702    728
   658   1019    694    787
   659   1066    657    777
   660   1073    661    766
   661   1107    658    735
   662   1130    684    686
   663   1091    707    702
   664   1093    708    699
   665   1098    716    686
   666   1030    747    723
   667   1024    736    740
   668   1049    702    749
   669   1064    701    735
   670   1063    710    727
   671   1045    746    709
   672   1057    738    705
   673   1044    730    726
   674   1045    732    723
   675   1054    719    727
   676   1084    703    713
   677   1083    722    695
   678   1024    707    769
   679   1045    677    778
   680   1049    666    785
   681   1095    653    752
   682   1107    647    746
   683   1115    646    739
   684   1138    642    720
   685   1181    633    686
   686   1118    694    688
   687   1067    703    730
   688   1033    698    769
   689   1013    723    764
   690   1030    696    774
   691   1035    712    753
   692   1059    704    737
   693   1051    738    711
   694   1093    685    722
   695   1090    700    710
   696   1025    749    726
   697    977    779    744
   698    981    756    763
   699   1013    676    811
   700   1071    675    754
   701   1041    692    767
   702   1078    689    733
   703   1077    673    750
   704   1067    680    753
   705   1057    702    741
   706   1060    665    775
   707   1075    668    757
   708   1113    615    772
   709   1173    613    714
   710   1158    658    684
   711   1124    677    699
   712   1114    664    722
   713   1145    648    707
   714   1123    686    691
   715   1110    675    715
   716   1110    689    701
   717   1115    692    693
   718   1143    688    669
   719   1059    707    734
   720   1104    675    721
   721   1102    693    705
   722   1093    706    701
   723   1096    680    724
   724   1070    683    747
   725   1045    722    733
   726   1015    738    747
   727   1014    719    767
   728   1031    710    759
   729   1025    732    743
   730   1047    720    733
   731    980    781    739
   732   1028    721    751
   733   1034    718    748
   734   1036    721    743
   735   1064    707    729
   736   1034    735    731
   737   1061    681    758
   738   1087    657    756
   739   1077    665    758
   740   1053    676    771
   741   1116    658    726
   742   1127    632    741
   743   1111    697    692
   744   1078    717    705
   745   1067    738    695
   746   1017    743    740
   747   1030    728    742
   748   1031    733    736
   749   1054    698    748
   750   1065    696    739
   751   1102    684    714
   752   1089    671    740
   753   1100    682    718
   754   1118    695    687
   755   1120    666    714
   756   1109    698    693
   757   1061    717    722
   758   1049    701    750
   759   1042    710    748
   760   1038    723    739
   761   1026    722    752
   762   1074    717    709
   763   1041    713    746
   764   1082    688    730
   765   1110    689    701
   766   1092    715    693
   767   1075    707    718
   768   1063    723    714
   769   1071    709    720
   770   1108    687    705
   771   1078    696    726
   772   1023    732    745
   773   1098    644    758
   774   1105    661    734
   775   1118    653    729
   776   1122    666    712
   777   1088    683    729
   778   1115    646    739
   779   1138    627    735
   780   1119    653    728
   781   1130    674    696
   782   1097    686    717
   783   1052    741    707
   784   1057    688    755
   785   1112    684    704
   786   1117    636    747
   787   1140    642    718
   788   1117    664    719
   789   1122    671    707
   790   1134    691    675
   791   1069    732    699
   792   1058    700    742
   793   1075    700    725
   794   1087    718    695
   795   1042    744    714
   796   1027    730    743
   797   1014    721    765
   798   1009    695    796
   799   1028    684    788
   800   1038    724    738
   801   1097    669    734
   802   1141    640    719
   803   1132    643    725
   804   1123    684    693
   805   1111    682    707
   806   1101    687    712
   807   1077    714    709
   808   1072    719    709
   809   1036    722    742
   810   1022    725    753
   811   1039    726    735
   812   1050    712    738
   813   1040    708    752
   814   1086    653    761
   815   1100    694    706
   816   1083    667    750
   817   1069    701    730
   818   1062    684    754
   819   1072    694    734
   820   1069    696    735
   821   1025    724    751
   822   1009    736    755
   823   1009    726    765
   824   1038    679    783
   825   1044    681    775
   826   1084    685    731
   827   1106    695    699
   828   1103    684    713
   829   1092    699    709
   830   1074    718    708
   831   1068    714    718
   832   1081    679    740
   833   1101    711    688
   834   1098    675    727
   835   1093    690    717
   836   1079    708    713
   837   1077    702    721
   838   1064    710    726
   839   1040    734    726
   840   1008    747    745
   841   1022    726    752
   842   1031    698    771
   843   1067    708    725
   844   1083    688    729
   845   1096    674    730
   846   1103    666    731
   847   1118    674    708
   848   1088    688    724
   849   1032    716    752
   850   1041    719    740
   851   1049    709    742
   852   1053    719    728
   853   1076    667    757
   854   1131    626    743
   855   1165    614    721
   856   1175    609    716
   857   1132    698    670
   858   1130    702    668
   859   1116    678    706
   860   1104    654    742
   861   1097    694    709
   862   1083    681    736
   863   1107    667    726
   864   1128    651    721
   865   1130    657    713
   866   1116    652    732
   867   1064    705    731
   868   1070    706    724
   869   1074    718    708
   870   1055    700    745
   871   1044    685    771
   872   1123    647    730
   873   1148    671    681
   874   1159    674    667
   875   1100    695    705
   876   1042    704    754
   877   1050    733    717
   878   1059    673    768
   879   1066    688    746
   880   1089    658    753
   881   1072    656    772
   882   1095    681    724
   883   1059    704    737
   884   1061    721    718
   885   1025    720    755
   886   1013    711    776
   887   1004    741    755
   888   1029    735    736
   889   1033    739    728
   890   1052    699    749
   891   1033    713    754
   892   1082    665    753
   893   1059    680    761
   894   1077    665    758
   895   1120    674    706
   896   1125    654    721
   897   1130    653    717
   898   1109    689    702
   899   1082    689    729
   900   1083    680    737
   901   1081    667    752
   902   1099    658    743
   903   1140    637    723
   904   1164    634    702
   905   1172    627    701
   906   1129    681    690
   907   1105    663    732
   908   1130    650    720
   909   1121    659    720
   910   1075    679    746
   911   1103    682    715
   912   1057    718    725
   913   1036    717    747
   914   1021    743    736
   915   1003    723    774
   916    978    742    780
   917    984    713    803
   918   1038    694    768
   919   1051    715    734
   920   1063    704    733
   921   1069    705    726
   922   1036    737    727
   923   1025    705    770
   924   1056    715    729
   925   1074    712    714
   926   1062    696    742
   927   1063    703    734
   928   1031    732    737
   929   1014    717    769
   930   1046    717    737
   931   1037    709    754
   932   1058    701    741
   933   1045    713    742
   934   1073    706    721
   935   1043    757    700
   936   1035    711    754
   937   1081    679    740
   938   1066    690    744
   939   1089    669    742
   940   1095    666    739
   941   1127    657    716
   942   1147    661    692
   943   1140    686    674
   944   1094    726    680
   945   1069    733    698
   946   1047    743    710
   947   1030    725    745
   948    999    750    751
   949   1001    733    766
   950   1034    701    765
   951   1008    759    733
   952    975    765    760
   953   1024    750    726
   954    988    780    732
   955    958    760    782
   956    982    731    787
   957   1033    720    747
   958   1071    682    747
   959   1079    711    710
   960   1078    713    709
   961   1085    682    733
   962   1119    658    723
   963   1104    670    726
   964   1104    686    710
   965   1068    696    736
   966   1083    692    725
   967   1128    669    703
   968   1089    688    723
   969   1050    760    690
   970   1023    754    723
   971   1061    709    730
   972   1079    666    755
   973   1075    686    739
   974   1081    662    757
   975   1065    681    754
   976   1064    665    771
   977   1066    660    774
   978   1109    647    744
   979   1071    706    723
   980   1054    732    714
   981   1071    676    753
   982   1015    710    775
   983   1065    651    784
   984   1096    650    754
   985   1077    638    785
   986   1084    672    744
   987   1079    665    756
   988   1080    698    722
   989   1079    692    729
   990   1112    676    712
   991   1101    662    737
   992   1068    672    760
   993   1077    699    724
   994   1069    691    740
   995   1077    694    729
   996   1117    680    703
   997   1093    717    690
   998   1061    699    740
   999   1098    717    685
  1000   1100    706    694
