# time (sweeps) | Susceptible | Infected | Recovered
     0   1414    712    374
     1   1430    725    345
     2   1431    690    379
     3   1427    741    332
     4   1358    787    355
     5   1347    762    391
     6   1326    758    416
     7   1367    761    372
     8   1393    716    391
     9   1389    722    389
    10   1375    731    394
    11   1372    734    394
    12   1432    691    377
    13   1455    662    383
    14   1454    692    354
    15   1431    718    351
    16   1357    754    389
    17   1370    739    391
    18   1401    741    358
    19   1431    698    371
    20   1475    677    348
    21   1449    712    339
    22   1397    708    395
    23   1335    752    413
    24   1339    760    401
    25   1376    744    380
    26   1407    735    358
    27   1361    786    353
    28   1391    761    348
    29   1357    776    367
    30   1335    780    385
    31   1381    787    332
    32   1322    793    385
    33   1396    770    334
    34   1383    764    353
    35   1379    755    366
    36   1375    736    389
    37   1379    745    376
    38   1398    738    364
    39   1385    762    353
    40   1398    731    371
    41   1343    801    356
    42   1305    805    390
    43   1354    762    384
    44   1383    730    387
    45   1357    750    393
    46   1355    739    406
    47   1405    726    369
    48   1412    726    362
    49   1389    768    343
    50   1377    723    400
    51   1403    700    397
    52   1408    703    389
    53   1401    714    385
    54   1434    694    372
    55   1512    643    345
    56   1490    677    333
    57   1419    720    361
    58   1403    702    395
    59   1438    724    338
    60   1392    758    350
    61   1346    795    359
    62   1350    788    362
    63   1363    769    368
    64   1372    760    368
    65   1398    772    330
    66   1385    735    380
    67   1411    718    371
    68   1420    710    370
    69   1432    716    352
    70   1396    747    357
    71   1391    724    385
    72   1413    730    357
    73   1409    724    367
    74   1355    773    372
    75   1416    708    376
    76   1396    746    358
    77   1398    702    400
    78   1434    694    372
    79   1390    766    344
    80   1358    800    342
    81   1317    837    346
    82   1350    790    360
    83   1340    764    396
    84   1373    735    392
    85   1337    780    383
    86   1376    755    369
    87   1386    737    377
    88   1371    773    356
    89   1314    789    397
    90   1368    737    395
    91   1367    731    402
    92   1369    747    384
    93   1320    797    383
    94   1374    748    378
    95   1378    728    394
    96   1449    686    365
    97   1435    702    363
    98   1390    742    368
    99   1396    734    370
   100   1351    768    381
   101   1328    783    389
   102   1330    790    380
   103   1379    713    408
   104   1354    753    393
   105   1401    722    377
   106   1407    726    367
   107   1400    717    383
   108   1378    746    376
   109   1388    737    375
   110   1389    756    355
   111   1354    787    359
   112   1382    720    398
   113   1385    734    381
   114   1412    697    391
   115   1411    722    367
   116   1406    709    385
   117   1421    708    371
   118   1409    735    356
   119   1376    764    360
   120   1359    760    381
   121   1358    759    383
   122   1338    775    387
   123   1337    746    417
   124   1391    741    368
   125   1388    762    350
   126   1431    717    352
   127   1392    738    370
   128   1414    732    354
   129   1368    752    380
   130   1406    730    364
   131   1417    722    361
   132   1325    798    377
   133   1396    691    413
   134   1396    727    377
   135   1373    733    394
   136   1355    804    341
   137   1380    720    400
   138   1427    707    366
   139   1430    717    353
   140   1384    738    378
   141   1405    735    360
   142   1346    769    385
   143   1417    721    362
   144   1379    753    368
   145   1366    764    370
   146   1358    779    363
   147   1387    743    370
   148   1389    761    350
   149   1368    782    350
   150   1353    774    373
   151   1413    725    362
   152   1408    737    355
   153   1396    752    352
   154   1438    715    347
   155   1407    730    363
   156   1394    711    395
   157   1402    738    360
   158   1413    708    379
   159   1399    718    383
   160   1346    745    409
   161   1363    747    390
   162   1395    735    370
   163   1394    766    340
   164   1359    769    372
   165   1374    736    390
   166   1401    736    363
   167   1423    730    347
   168   1388    749    363
   169   1371    770    359
   170   1396    752    352
   171   1438    708    354
   172   1393    756    351
   173   1322    789    389
   174   1411    713    376
   175   1399    741    360
   176   1394    740    366
   177   1383    735    382
   178   1421    718    361
   179   1350    807    343
   180   1333    769    398
   181   1335    793    372
   182   1366    749    385
   183   1347    780    373
   184   1354    763    383
   185   1331    802    367
   186   1286    831    383
   187   1315    781    404
   188   1313    784    403
   189   1335    751    414
   190   1361    764    375
   191   1395    717    388
   192   1371    759    370
   193   1364    782    354
   194   1387    725    388
   195   1433    693    374
   196   1423    703    374
   197   1355    746    399
   198   1361    781    358
   199   1359    778    363
   200   1380    734    386
   201   1344    751    405
   202   1371    737    392
   203   1348    772    380
   204   1332    755    413
   205   1374    757    369
   206   1361    760    379
   207   1349    798    353
   208   1351    785    364
   209   1309    789    402
   210   1369    722    409
   211   1374    723    403
   212   1453    683    364
   213   1417    757    326
   214   1423    715    362
   215   1345    777    378
   216   1323    793    384
   217   1366    738    396
   218   1371    721    408
   219   1339    789    372
   220   1381    743    376
   221   1375    757    368
   222   1331    778    391
   223   1330    782    388
   224   1374    752    374
   225   1398    732    370
   226   1325    791    384
   227   1345    768    387
   228   1332    770    398
   229   1386    721    393
   230   1411    699    390
   231   1409    743    348
   232   1419    733    348
   233   1397    732    371
   234   1417    701    382
   235   1428    709    363
   236   1395    751    354
   237   1321    805    374
   238   1358    769    373
   239   1340    763    397
   240   1409    717    374
   241   1404    725    371
   242   1405    717    378
   243   1424    707    369
   244   1385    749    366
   245   1390    759    351
   246   1377    762    361
   247   1388    762    350
   248   1390    766    344
   249   1364    758    378
   250   1406    720    374
   251   1385    741    374
   252   1403    726    371
   253   1431    712    357
   254   1428    727    345
   255   1377    766    357
   256   1368    744    388
   257   1407    710    383
   258   1371    768    361
   259   1378    751    371
   260   1357    769    374
   261   1357    729    414
   262   1369    758    373
   263   1382    743    375
   264   1359    759    382
   265   1395    728    377
   266   1438    702    360
   267   1403    739    358
   268   1357    796    347
   269   1338    789    373
   270   1331    780    389
   271   1316    804    380
   272   1373    743    384
   273   1364    750    386
   274   1407    750    343
   275   1384    785    331
   276   1339    819    342
   277   1349    792    359
   278   1396    763    341
   279   1384    730    386
   280   1354    785    361
   281   1317    804    379
   282   1294    803    403
   283   1419    722    359
   284   1381    777    342
   285   1358    786    356
   286   1358    740    402
   287   1380    740    380
   288   1376    778    346
   289   1392    770    338
   290   1362    778    360
   291   1404    736    360
   292   1350    761    389
   293   1323    755    422
   294   1416    711    373
   295   1391    739    370
   296   1398    727    375
   297   1382    775    343
   298   1376    763    361
   299   1394    744    362
   300   1420    702    378
   301   1430    694    376
   302   1448    683    369
   303   1458    671    371
   304   1457    670    373
   305   1438    707    355
   306   1436    702    362
   307   1427    716    357
   308   1420    722    358
   309   1432    704    364
   310   1429    705    366
   311   1485    676    339
   312   1414    724    362
   313   1457    699    344
   314   1416    715    369
   315   1373    746    381
   316   1377    702    421
   317   1372    726    402
   318   1423    689    388
   319   1380    755    365
   320   1361    780    359
   321   1342    801    357
   322   1362    766    372
   323   1380    727    393
   324   1367    753    380
   325   1430    720    350
   326   1459    705    336
   327   1416    731    353
   328   1407    736    357
   329   1394    770    336
   330   1372    739    389
   331   1381    769    350
   332   1374    763    363
   333   1361    752    387
   334   1316    811    373
   335   1343    777    380
   336   1333    794    373
   337   1320    788    392
   338   1322    772    406
   339   1366    759    375
   340   1342    781    377
   341   1400    763    337
   342   1395    746    359
   343   1404    730    366
   344   1376    752    372
   345   1387    772    341
   346   1345    763    392
   347   1358    775    367
   348   1360    759    381
   349   1417    728    355
   350   1402    727    371
   351   1310    778    412
   352   1372    744    384
   353   1362    761    377
   354   1405    716    379
   355   1423    713    364
   356   1380    746    374
   357   1366    750    384
   358   1413    708    379
   359   1391    727    382
   360   1385    743    372
   361   1375    722    403
   362   1395    743    362
   363   1388    773    339
   364   1353    780    367
   365   1332    791    377
   366   1355    773    372
   367   1373    739    388
   368   1384    722    394
   369   1425    732    343
   370   1399    769    332
   371   1377    735    388
   372   1399    751    350
   373   1391    717    392
   374   1400    731    369
   375   1429    696    375
   376   1395    749    356
   377   1356    773    371
   378   1344    765    391
   379   1371    734    395
   380   1370    746    384
   381   1395    734    371
   382   1387    740    373
   383   1376    745    379
   384   1362    751    387
   385   1354    763    383
   386   1395    705    400
   387   1395    696    409
   388   1440    700    360
   389   1432    705    363
   390   1418    717    365
   391   1367    781    352
   392   1313    772    415
   393   1421    691    388
   394   1397    733    370
   395   1415    753    332
   396   1313    822    365
   397   1333    770    397
   398   1390    731    379
   399   1371    736    393
   400   1356    754    390
   401   1369    756    375
   402   1367    736    397
   403   1362    773    365
   404   1354    757    389
   405   1360    785    355
   406   1296    804    400
   407   1335    751    414
   408   1396    731    373
   409   1445    706    349
   410   1418    718    364
   411   1440    701    359
   412   1465    701    334
   413   1444    683    373
   414   1408    749    343
   415   1358    792    350
   416   1380    759    361
   417   1404    735    361
   418   1427    705    368
   419   1404    717    379
   420   1417    718    365
   421   1471    688    341
   422   1443    676    381
   423   1459    689    352
   424   1490    696    314
   425   1443    706    351
   426   1434    725    341
   427   1436    731    333
   428   1452    714    334
   429   1420    713    367
   430   1358    763    379
   431   1373    740    387
   432   1404    723    373
   433   1437    722    341
   434   1390    759    351
   435   1351    762    387
   436   1419    728    353
   437   1383    750    367
   438   1373    748    379
   439   1405    746    349
   440   1368    757    375
   441   1375    749    376
   442   1404    721    375
   443   1395    745    360
   444   1404    700    396
   445   1423    719    358
   446   1389    737    374
   447   1360    755    385
   448   1356    767    377
   449   1329    784    387
   450   1416    741    343
   451   1360    761    379
   452   1396    751    353
   453   1434    712    354
   454   1431    706    363
   455   1389    716    395
   456   1328    810    362
   457   1331    776    393
   458   1287    792    421
   459   1365    726    409
   460   1416    713    371
   461   1387    756    357
   462   1321    809    370
   463   1333    779    388
   464   1392    750    358
   465   1331    774    395
   466   1288    811    401
   467   1309    788    403
   468   1328    768    404
   469   1377    765    358
   470   1384    756    360
   471   1386    728    386
   472   1348    745    407
   473   1338    748    414
   474   1372    756    372
   475   1357    734    409
   476   1403    730    367
   477   1383    744    373
   478   1398    761    341
   479   1327    780    393
   480   1310    794    396
   481   1295    783    422
   482   1333    791    376
   483   1295    812    393
   484   1321    779    400
   485   1353    783    364
   486   1366    782    352
   487   1345    771    384
   488   1367    751    382
   489   1345    764    391
   490   1401    721    378
   491   1363    718    419
   492   1414    715    371
   493   1407    723    370
   494   1424    697    379
   495   1451    667    382
   496   1465    677    358
   497   1415    749    336
   498   1367    749    384
   499   1365    760    375
   500   1382    784    334
   501   1368    759    373
   502   1385    729    386
   503   1405    720    375
   504   1393    754    353
   505   1362    773    365
   506   1310    786    404
   507   1364    761    375
   508   1335    803    362
   509   1396    736    368
   510   1393    753    354
   511   1445    711    344
   512   1384    756    360
   513   1392    706    402
   514   1368    774    358
   515   1344    794    362
   516   1353    774    373
   517   1347    780    373
   518   1371    746    383
   519   1418    682    400
   520   1420    728    352
   521   1422    722    356
   522   1464    676    360
   523   1417    733    350
   524   1388    739    373
   525   1368    764    368
   526   1364    780    356
   527   1345    803    352
   528   1325    802    373
   529   1335    788    377
   530   1346    739    415
   531   1411    723    366
   532   1402    718    380
   533   1403    730    367
   534   1408    746    346
   535   1409    737    354
   536   1428    728    344
   537   1396    742    362
   538   1421    732    347
   539   1388    726    386
   540   1416    701    383
   541   1429    712    359
   542   1433    716    351
   543   1369    739    392
   544   1387    711    402
   545   1370    755    375
   546   1371    751    378
   547   1367    763    370
   548   1352    744    404
   549   1405    747    348
   550   1430    729    341
   551   1380    767    353
   552   1359    780    361
   553   1340    780    380
   554   1331    795    374
   555   1360    747    393
   556   1395    710    395
   557   1358    755    387
   558   1347    786    367
   559   1350    777    373
   560   1339    773    388
   561   1377    754    369
   562   1408    757    335
   563   1374    740    386
   564   1362    767    371
   565   1332    805    363
   566   1385    736    379
   567   1364    770    366
   568   1391    732    377
   569   1340    783    377
   570   1322    797    381
   571   1351    753    396
   572   1401    721    378
   573   1377    769    354
   574   1354    754    392
   575   1333    769    398
   576   1352    767    381
   577   1348    774    378
   578   1350    731    419
   579   1374    712    414
   580   1408    715    377
   581   1399    731    370
   582   1461    693    346
   583   1461    686    353
   584   1388    773    339
   585   1384    750    366
   586   1410    710    380
   587   1416    729    355
   588   1377    769    354
   589   1404    725    371
   590   1364    741    395
   591   1366    758    376
   592   1380    756    364
   593   1386    745    369
   594   1395    728    377
   595   1356    779    365
   596   1409    733    358
   597   1340    785    375
   598   1350    784    366
   599   1322    757    421
   600   1383    719    398
   601   1333    788    379
   602   1377    748    375
   603   1417    711    372
   604   1342    779    379
   605   1353    772    375
   606   1378    744    378
   607   1365    758    377
   608   1380    751    369
   609   1362    767    371
   610   1348    775    377
   611   1361    743    396
   612   1334    771    395
   613   1378    728    394
   614   1371    756    373
   615   1347    782    371
   616   1423    712    365
   617   1432    715    353
   618   1446    705    349
   619   1376    743    381
   620   1356    762    382
   621   1354    744    402
   622   1392    738    370
   623   1401    751    348
   624   1400    753    347
   625   1389    732    379
   626   1348    770    382
   627   1282    826    392
   628   1323    819    358
   629   1322    793    385
   630   1337    777    386
   631   1332    790    378
   632   1354    757    389
   633   1361    753    386
   634   1354    735    411
   635   1408    742    350
   636   1377    750    373
   637   1371    745    384
   638   1430    721    349
   639   1379    747    374
   640   1395    717    388
   641   1368    750    382
   642   1406    744    350
   643   1348    756    396
   644   1369    739    392
   645   1413    706    381
   646   1369    749    382
   647   1405    723    372
   648   1332    794    374
   649   1309    801    390
   650   1365    739    396
   651   1392    714    394
   652   1425    710    365
   653   1389    760    351
   654   1425    709    366
   655   1421    738    341
   656   1413    728    359
   657   1407    727    366
   658   1401    715    384
   659   1394    743    363
   660   1453    737    310
   661   1452    735    313
   662   1405    763    332
   663   1378    721    401
   664   1397    732    371
   665   1399    726    375
   666   1424    730    346
   667   1412    737    351
   668   1391    768    341
   669   1379    781    340
   670   1333    790    377
   671   1364    798    338
   672   1377    738    385
   673   1415    702    383
   674   1371    733    396
   675   1412    715    373
   676   1367    763    370
   677   1403    734    363
   678   1412    723    365
   679   1421    729    350
   680   1413    719    368
   681   1375    756    369
   682   1331    783    386
   683   1376    758    366
   684   1310    805    385
   685   1354    725    421
   686   1415    695    390
   687   1390    719    391
   688   1449    683    368
   689   1433    706    361
   690   1440    716    344
   691   1396    748    356
   692   1383    770    347
   693   1368    776    356
   694   1351    775    374
   695   1343    765    392
   696   1332    743    425
   697   1356    762    382
   698   1307    801    392
   699   1325    770    405
   700   1342    766    392
   701   1373    721    406
   702   1432    695    373
   703   1396    750    354
   704   1394    731    375
   705   1417    702    381
   706   1371    749    380
   707   1382    728    390
   708   1412    722    366
   709   1409    721    370
   710   1461    666    373
   711   1477    672    351
   712   1372    774    354
   713   1360    760    380
   714   1382    759    359
   715   1367    790    343
   716   1301    801    398
   717   1354    761    385
   718   1394    737    369
   719   1413    714    373
   720   1406    759    335
   721   1330    795    375
   722   1352    771    377
   723   1318    778    404
   724   1335    765    400
   725   1300    799    401
   726   1303    810    387
   727   1324    783    393
   728   1363    754    383
   729   1362    797    341
   730   1374    761    365
   731   1346    784    370
   732   1343    797    360
   733   1332    775    393
   734   1341    781    378
   735   1360    753    387
   736   1371    753    376
   737   1413    736    351
   738   1370    750    380
   739   1394    738    368
   740   1424    717    359
   741   1428    718    354
   742   1401    744    355
   743   1401    722    377
   744   1392    747    361
   745   1363    785    352
   746   1350    757    393
   747   1412    682    406
   748   1457    684    359
   749   1418    718    364
   750   1433    741    326
   751   1417    712    371
   752   1357    773    370
   753   1314    810    376
   754   1290    787    423
   755   1312    795    393
   756   1376    745    379
   757   1364    745    391
   758   1394    754    352
   759   1312    783    405
   760   1337    742    421
   761   1370    741    389
   762   1419    720    361
   763   1391    765    344
   764   1333    791    376
   765   1321    793    386
   766   1371    738    391
   767   1400    730    370
   768   1390    744    366
   769   1430    717    353
   770   1401    745    354
   771   1365    779    356
   772   1432    711    357
   773   1424    720    356
   774   1475    696    329
   775   1391    755    354
   776   1410    729    361
   777   1373    752    375
   778   1479    661    360
   779   1450    699    351
   780   1439    699    362
   781   1413    715    372
   782   1408    698    394
   783   1402    721    377
   784   1400    736    364
   785   1386    740    374
   786   1367    768    365
   787   1385    696    419
   788   1408    728    364
   789   1418    717    365
   790   1364    752    384
   791   1372    739    389
   792   1393    719    388
   793   1351    747    402
   794   1388    755    357
   795   1372    739    389
   796   1370    739    391
   797   1378    724    398
   798   1405    702    393
   799   1422    716    362
   800   1369    758    373
   801   1364    765    371
   802   1352    753    395
   803   1349    770    381
   804   1369    725    406
   805   1407    733    360
   806   1412    735    353
   807   1365    761    374
   808   1371    756    373
   809   1388    719    393
   810   1423    738    339
   811   1392    730    378
   812   1389    751    360
   813   1458    688    354
   814   1425    711    364
   815   1467    708    325
   816   1384    764    352
   817   1394    750    356
   818   1373    773    354
   819   1397    759    344
   820   1342    808    350
   821   1343    782    375
   822   1406    740    354
   823   1373    769    358
   824   1396    741    363
   825   1382    767    351
   826   1384    756    360
   827   1400    744    356
   828   1377    784    339
   829   1398    758    344
   830   1417    709    374
   831   1415    706    379
   832   1478    665    357
   833   1466    700    334
   834   1485    703    312
   835   1398    778    324
   836   1362    770    368
   837   1349    791    360
   838   1400    733    367
   839   1420    692    388
   840   1399    743    358
   841   1429    703    368
   842   1414    701    385
   843   1408    728    364
   844   1416    721    363
   845   1381    754    365
   846   1336    776    388
   847   1355    748    397
   848   1405    732    363
   849   1386    755    359
   850   1330    775    395
   851   1314    777    409
   852   1300    801    399
   853   1351    771    378
   854   1347    783    370
   855   1308    777    415
   856   1297    764    439
   857   1354    739    407
   858   1362    732    406
   859   1408    721    371
   860   1315    798    387
   861   1364    748    388
   862   1370    767    363
   863   1326    759    415
   864   1348    788    364
   865   1369    745    386
   866   1360    748    392
   867   1421    715    364
   868   1416    709    375
   869   1421    727    352
   870   1376    747    377
   871   1398    742    360
   872   1419    702    379
   873   1456    706    338
   874   1424    715    361
   875   1424    698    378
   876   1402    722    376
   877   1381    744    375
   878   1388    710    402
   879   1362    745    393
   880   1409    711    380
   881   1410    730    360
   882   1450    682    368
   883   1399    738    363
   884   1341    783    376
   885   1330    764    406
   886   1361    754    385
   887   1375    755    370
   888   1376    740    384
   889   1345    738    417
   890   1377    743    380
   891   1375    744    381
   892   1386    728    386
   893   1385    772    343
   894   1360    779    361
   895   1312    787    401
   896   1360    768    372
   897   1303    809    388
   898   1300    815    385
   899   1323    774    403
   900   1422    713    365
   901   1390    719    391
   902   1432    733    335
   903   1404    737    359
   904   1409    741    350
   905   1352    783    365
   906   1376    729    395
   907   1398    771    331
   908   1355    779    366
   909   1398    733    369
   910   1358    764    378
   911   1424    723    353
   912   1391    750    359
   913   1401    719    380
   914   1368    752    380
   915   1340    734    426
   916   1362    756    382
   917   1357    748    395
   918   1412    709    379
   919   1387    752    361
   920   1375    766    359
   921   1407    746    347
   922   1382    763    355
   923   1392    759    349
   924   1396    742    362
   925   1366    765    369
   926   1332    798    370
   927   1330    769    401
   928   1388    708    404
   929   1393    730    377
   930   1380    757    363
   931   1371    766    363
   932   1401    718    381
   933   1438    713    349
   934   1375    757    368
   935   1320    809    371
   936   1315    807    378
   937   1300    793    407
   938   1343    788    369
   939   1338    755    407
   940   1342    779    379
   941   1289    792    419
   942   1341    778    381
   943   1323    780    397
   944   1387    715    398
   945   1396    759    345
   946   1366    779    355
   947   1349    768    383
   948   1393    749    358
   949   1362    786    352
   950   1335    791    374
   951   1341    763    396
   952   1359    745    396
   953   1365    787    348
   954   1399    738    363
   955   1360    760    380
   956   1375    746    379
   957   1393    743    364
   958   1370    788    342
   959   1397    765    338
   960   1346    804    350
   961   1345    788    367
   962   1393    715    392
   963   1398    712    390
   964   1402    710    388
   965   1446    689    365
   966   1454    705    341
   967   1436    709    355
   968   1443    668    389
   969   1519    632    349
   970   1477    689    334
   971   1401    727    372
   972   1426    757    317
   973   1433    720    347
   974   1414    746    340
   975   1383    763    354
   976   1307    801    392
   977   1342    764    394
   978   1339    774    387
   979   1328    797    375
   980   1317    778    405
   981   1393    726    381
   982   1378    750    372
   983   1359    796    345
   984   1362    760    378
   985   1387    771    342
   986   1345    796    359
   987   1319    800    381
   988   1319    788    393
   989   1369    746    385
   990   1322    783    395
   991   1383    761    356
   992   1434    708    358
   993   1340    779    381
   994   1332    760    408
   995   1340    783    377
   996   1359    748    393
   997   1413    720    367
   998   1394    738    368
   999   1334    824    342
  1000   1311    787    402
