# time (sweeps) | Susceptible | Infected | Recovered
     0   1629     17    854
     1   1634     14    852
     2   1632     14    854
     3   1639     10    851
     4   1648      8    844
     5   1645     12    843
     6   1649     10    841
     7   1640     15    845
     8   1636     15    849
     9   1645     13    842
    10   1637     21    842
    11   1635     24    841
    12   1632     24    844
    13   1623     28    849
    14   1618     28    854
    15   1619     27    854
    16   1616     36    848
    17   1610     38    852
    18   1610     33    857
    19   1605     35    860
    20   1602     32    866
    21   1600     32    868
    22   1606     29    865
    23   1610     34    856
    24   1598     39    863
    25   1599     36    865
    26   1599     36    865
    27   1599     36    865
    28   1599     36    865
    29   1599     36    865
    30   1599     36    865
    31   1599     36    865
    32   1599     36    865
    33   1599     36    865
    34   1599     36    865
    35   1599     36    865
    36   1599     36    865
    37   1599     36    865
    38   1599     36    865
    39   1599     36    865
    40   1599     36    865
    41   1599     36    865
    42   1599     36    865
    43   1599     36    865
    44   1599     36    865
    45   1599     36    865
    46   1599     36    865
    47   1599     36    865
    48   1599     36    865
    49   1599     36    865
    50   1599     36    865
    51   1599     36    865
    52   1599     36    865
    53   1599     36    865
    54   1599     36    865
    55   1599     36    865
    56   1599     36    865
    57   1599     36    865
    58   1599     36    865
    59   1599     36    865
    60   1599     36    865
    61   1599     36    865
    62   1599     36    865
    63   1599     36    865
    64   1599     36    865
    65   1599     36    865
    66   1599     36    865
    67   1599     36    865
    68   1599     36    865
    69   1599     36    865
    70   1599     36    865
    71   1599     36    865
    72   1599     36    865
    73   1599     36    865
    74   1599     36    865
    75   1599     36    865
    76   1599     36    865
    77   1599     36    865
    78   1599     36    865
    79   1599     36    865
    80   1599     36    865
    81   1599     36    865
    82   1599     36    865
    83   1599     36    865
    84   1599     36    865
    85   1599     36    865
    86   1599     36    865
    87   1599     36    865
    88   1599     36    865
    89   1599     36    865
    90   1599     36    865
    91   1599     36    865
    92   1599     36    865
    93   1599     36    865
    94   1599     36    865
    95   1599     36    865
    96   1599     36    865
    97   1599     36    865
    98   1599     36    865
    99   1599     36    865
   100   1599     36    865
   101   1599     36    865
   102   1599     36    865
   103   1599     36    865
   104   1599     36    865
   105   1599     36    865
   106   1599     36    865
   107   1599     36    865
   108   1599     36    865
   109   1599     36    865
   110   1599     36    865
   111   1599     36    865
   112   1599     36    865
   113   1599     36    865
   114   1599     36    865
   115   1599     36    865
   116   1599     36    865
   117   1599     36    865
   118   1599     36    865
   119   1599     36    865
   120   1599     36    865
   121   1599     36    865
   122   1599     36    865
   123   1599     36    865
   124   1599     36    865
   125   1599     36    865
   126   1599     36    865
   127   1599     36    865
   128   1599     36    865
   129   1599     36    865
   130   1599     36    865
   131   1599     36    865
   132   1599     36    865
   133   1599     36    865
   134   1599     36    865
   135   1599     36    865
   136   1599     36    865
   137   1599     36    865
   138   1599     36    865
   139   1599     36    865
   140   1599     36    865
   141   1599     36    865
   142   1599     36    865
   143   1599     36    865
   144   1599     36    865
   145   1599     36    865
   146   1599     36    865
   147   1599     36    865
   148   1599     36    865
   149   1599     36    865
   150   1599     36    865
   151   1599     36    865
   152   1599     36    865
   153   1599     36    865
   154   1599     36    865
   155   1599     36    865
   156   1599     36    865
   157   1599     36    865
   158   1599     36    865
   159   1599     36    865
   160   1599     36    865
   161   1599     36    865
   162   1599     36    865
   163   1599     36    865
   164   1599     36    865
   165   1599     36    865
   166   1599     36    865
   167   1599     36    865
   168   1599     36    865
   169   1599     36    865
   170   1599     36    865
   171   1599     36    865
   172   1599     36    865
   173   1599     36    865
   174   1599     36    865
   175   1599     36    865
   176   1599     36    865
   177   1599     36    865
   178   1599     36    865
   179   1599     36    865
   180   1599     36    865
   181   1599     36    865
   182   1599     36    865
   183   1599     36    865
   184   1599     36    865
   185   1599     36    865
   186   1599     36    865
   187   1599     36    865
   188   1599     36    865
   189   1599     36    865
   190   1599     36    865
   191   1599     36    865
   192   1599     36    865
   193   1599     36    865
   194   1599     36    865
   195   1599     36    865
   196   1599     36    865
   197   1599     36    865
   198   1599     36    865
   199   1599     36    865
   200   1599     36    865
   201   1599     36    865
   202   1599     36    865
   203   1599     36    865
   204   1599     36    865
   205   1599     36    865
   206   1599     36    865
   207   1599     36    865
   208   1599     36    865
   209   1599     36    865
   210   1599     36    865
   211   1599     36    865
   212   1599     36    865
   213   1599     36    865
   214   1599     36    865
   215   1599     36    865
   216   1599     36    865
   217   1599     36    865
   218   1599     36    865
   219   1599     36    865
   220   1599     36    865
   221   1599     36    865
   222   1599     36    865
   223   1599     36    865
   224   1599     36    865
   225   1599     36    865
   226   1599     36    865
   227   1599     36    865
   228   1599     36    865
   229   1599     36    865
   230   1599     36    865
   231   1599     36    865
   232   1599     36    865
   233   1599     36    865
   234   1599     36    865
   235   1599     36    865
   236   1599     36    865
   237   1599     36    865
   238   1599     36    865
   239   1599     36    865
   240   1599     36    865
   241   1599     36    865
   242   1599     36    865
   243   1599     36    865
   244   1599     36    865
   245   1599     36    865
   246   1599     36    865
   247   1599     36    865
   248   1599     36    865
   249   1599     36    865
   250   1599     36    865
   251   1599     36    865
   252   1599     36    865
   253   1599     36    865
   254   1599     36    865
   255   1599     36    865
   256   1599     36    865
   257   1599     36    865
   258   1599     36    865
   259   1599     36    865
   260   1599     36    865
   261   1599     36    865
   262   1599     36    865
   263   1599     36    865
   264   1599     36    865
   265   1599     36    865
   266   1599     36    865
   267   1599     36    865
   268   1599     36    865
   269   1599     36    865
   270   1599     36    865
   271   1599     36    865
   272   1599     36    865
   273   1599     36    865
   274   1599     36    865
   275   1599     36    865
   276   1599     36    865
   277   1599     36    865
   278   1599     36    865
   279   1599     36    865
   280   1599     36    865
   281   1599     36    865
   282   1599     36    865
   283   1599     36    865
   284   1599     36    865
   285   1599     36    865
   286   1599     36    865
   287   1599     36    865
   288   1599     36    865
   289   1599     36    865
   290   1599     36    865
   291   1599     36    865
   292   1599     36    865
   293   1599     36    865
   294   1599     36    865
   295   1599     36    865
   296   1599     36    865
   297   1599     36    865
   298   1599     36    865
   299   1599     36    865
   300   1599     36    865
   301   1599     36    865
   302   1599     36    865
   303   1599     36    865
   304   1599     36    865
   305   1599     36    865
   306   1599     36    865
   307   1599     36    865
   308   1599     36    865
   309   1599     36    865
   310   1599     36    865
   311   1599     36    865
   312   1599     36    865
   313   1599     36    865
   314   1599     36    865
   315   1599     36    865
   316   1599     36    865
   317   1599     36    865
   318   1599     36    865
   319   1599     36    865
   320   1599     36    865
   321   1599     36    865
   322   1599     36    865
   323   1599     36    865
   324   1599     36    865
   325   1599     36    865
   326   1599     36    865
   327   1599     36    865
   328   1599     36    865
   329   1599     36    865
   330   1599     36    865
   331   1599     36    865
   332   1599     36    865
   333   1599     36    865
   334   1599     36    865
   335   1599     36    865
   336   1599     36    865
   337   1599     36    865
   338   1599     36    865
   339   1599     36    865
   340   1599     36    865
   341   1599     36    865
   342   1599     36    865
   343   1599     36    865
   344   1599     36    865
   345   1599     36    865
   346   1599     36    865
   347   1599     36    865
   348   1599     36    865
   349   1599     36    865
   350   1599     36    865
   351   1599     36    865
   352   1599     36    865
   353   1599     36    865
   354   1599     36    865
   355   1599     36    865
   356   1599     36    865
   357   1599     36    865
   358   1599     36    865
   359   1599     36    865
   360   1599     36    865
   361   1599     36    865
   362   1599     36    865
   363   1599     36    865
   364   1599     36    865
   365   1599     36    865
   366   1599     36    865
   367   1599     36    865
   368   1599     36    865
   369   1599     36    865
   370   1599     36    865
   371   1599     36    865
   372   1599     36    865
   373   1599     36    865
   374   1599     36    865
   375   1599     36    865
   376   1599     36    865
   377   1599     36    865
   378   1599     36    865
   379   1599     36    865
   380   1599     36    865
   381   1599     36    865
   382   1599     36    865
   383   1599     36    865
   384   1599     36    865
   385   1599     36    865
   386   1599     36    865
   387   1599     36    865
   388   1599     36    865
   389   1599     36    865
   390   1599     36    865
   391   1599     36    865
   392   1599     36    865
   393   1599     36    865
   394   1599     36    865
   395   1599     36    865
   396   1599     36    865
   397   1599     36    865
   398   1599     36    865
   399   1599     36    865
   400   1599     36    865
   401   1599     36    865
   402   1599     36    865
   403   1599     36    865
   404   1599     36    865
   405   1599     36    865
   406   1599     36    865
   407   1599     36    865
   408   1599     36    865
   409   1599     36    865
   410   1599     36    865
   411   1599     36    865
   412   1599     36    865
   413   1599     36    865
   414   1599     36    865
   415   1599     36    865
   416   1599     36    865
   417   1599     36    865
   418   1599     36    865
   419   1599     36    865
   420   1599     36    865
   421   1599     36    865
   422   1599     36    865
   423   1599     36    865
   424   1599     36    865
   425   1599     36    865
   426   1599     36    865
   427   1599     36    865
   428   1599     36    865
   429   1599     36    865
   430   1599     36    865
   431   1599     36    865
   432   1599     36    865
   433   1599     36    865
   434   1599     36    865
   435   1599     36    865
   436   1599     36    865
   437   1599     36    865
   438   1599     36    865
   439   1599     36    865
   440   1599     36    865
   441   1599     36    865
   442   1599     36    865
   443   1599     36    865
   444   1599     36    865
   445   1599     36    865
   446   1599     36    865
   447   1599     36    865
   448   1599     36    865
   449   1599     36    865
   450   1599     36    865
   451   1599     36    865
   452   1599     36    865
   453   1599     36    865
   454   1599     36    865
   455   1599     36    865
   456   1599     36    865
   457   1599     36    865
   458   1599     36    865
   459   1599     36    865
   460   1599     36    865
   461   1599     36    865
   462   1599     36    865
   463   1599     36    865
   464   1599     36    865
   465   1599     36    865
   466   1599     36    865
   467   1599     36    865
   468   1599     36    865
   469   1599     36    865
   470   1599     36    865
   471   1599     36    865
   472   1599     36    865
   473   1599     36    865
   474   1599     36    865
   475   1599     36    865
   476   1599     36    865
   477   1599     36    865
   478   1599     36    865
   479   1599     36    865
   480   1599     36    865
   481   1599     36    865
   482   1599     36    865
   483   1599     36    865
   484   1599     36    865
   485   1599     36    865
   486   1599     36    865
   487   1599     36    865
   488   1599     36    865
   489   1599     36    865
   490   1599     36    865
   491   1599     36    865
   492   1599     36    865
   493   1599     36    865
   494   1599     36    865
   495   1599     36    865
   496   1599     36    865
   497   1599     36    865
   498   1599     36    865
   499   1599     36    865
   500   1599     36    865
   501   1599     36    865
   502   1599     36    865
   503   1599     36    865
   504   1599     36    865
   505   1599     36    865
   506   1599     36    865
   507   1599     36    865
   508   1599     36    865
   509   1599     36    865
   510   1599     36    865
   511   1599     36    865
   512   1599     36    865
   513   1599     36    865
   514   1599     36    865
   515   1599     36    865
   516   1599     36    865
   517   1599     36    865
   518   1599     36    865
   519   1599     36    865
   520   1599     36    865
   521   1599     36    865
   522   1599     36    865
   523   1599     36    865
   524   1599     36    865
   525   1599     36    865
   526   1599     36    865
   527   1599     36    865
   528   1599     36    865
   529   1599     36    865
   530   1599     36    865
   531   1599     36    865
   532   1599     36    865
   533   1599     36    865
   534   1599     36    865
   535   1599     36    865
   536   1599     36    865
   537   1599     36    865
   538   1599     36    865
   539   1599     36    865
   540   1599     36    865
   541   1599     36    865
   542   1599     36    865
   543   1599     36    865
   544   1599     36    865
   545   1599     36    865
   546   1599     36    865
   547   1599     36    865
   548   1599     36    865
   549   1599     36    865
   550   1599     36    865
   551   1599     36    865
   552   1599     36    865
   553   1599     36    865
   554   1599     36    865
   555   1599     36    865
   556   1599     36    865
   557   1599     36    865
   558   1599     36    865
   559   1599     36    865
   560   1599     36    865
   561   1599     36    865
   562   1599     36    865
   563   1599     36    865
   564   1599     36    865
   565   1599     36    865
   566   1599     36    865
   567   1599     36    865
   568   1599     36    865
   569   1599     36    865
   570   1599     36    865
   571   1599     36    865
   572   1599     36    865
   573   1599     36    865
   574   1599     36    865
   575   1599     36    865
   576   1599     36    865
   577   1599     36    865
   578   1599     36    865
   579   1599     36    865
   580   1599     36    865
   581   1599     36    865
   582   1599     36    865
   583   1599     36    865
   584   1599     36    865
   585   1599     36    865
   586   1599     36    865
   587   1599     36    865
   588   1599     36    865
   589   1599     36    865
   590   1599     36    865
   591   1599     36    865
   592   1599     36    865
   593   1599     36    865
   594   1599     36    865
   595   1599     36    865
   596   1599     36    865
   597   1599     36    865
   598   1599     36    865
   599   1599     36    865
   600   1599     36    865
   601   1599     36    865
   602   1599     36    865
   603   1599     36    865
   604   1599     36    865
   605   1599     36    865
   606   1599     36    865
   607   1599     36    865
   608   1599     36    865
   609   1599     36    865
   610   1599     36    865
   611   1599     36    865
   612   1599     36    865
   613   1599     36    865
   614   1599     36    865
   615   1599     36    865
   616   1599     36    865
   617   1599     36    865
   618   1599     36    865
   619   1599     36    865
   620   1599     36    865
   621   1599     36    865
   622   1599     36    865
   623   1599     36    865
   624   1599     36    865
   625   1599     36    865
   626   1599     36    865
   627   1599     36    865
   628   1599     36    865
   629   1599     36    865
   630   1599     36    865
   631   1599     36    865
   632   1599     36    865
   633   1599     36    865
   634   1599     36    865
   635   1599     36    865
   636   1599     36    865
   637   1599     36    865
   638   1599     36    865
   639   1599     36    865
   640   1599     36    865
   641   1599     36    865
   642   1599     36    865
   643   1599     36    865
   644   1599     36    865
   645   1599     36    865
   646   1599     36    865
   647   1599     36    865
   648   1599     36    865
   649   1599     36    865
   650   1599     36    865
   651   1599     36    865
   652   1599     36    865
   653   1599     36    865
   654   1599     36    865
   655   1599     36    865
   656   1599     36    865
   657   1599     36    865
   658   1599     36    865
   659   1599     36    865
   660   1599     36    865
   661   1599     36    865
   662   1599     36    865
   663   1599     36    865
   664   1599     36    865
   665   1599     36    865
   666   1599     36    865
   667   1599     36    865
   668   1599     36    865
   669   1599     36    865
   670   1599     36    865
   671   1599     36    865
   672   1599     36    865
   673   1599     36    865
   674   1599     36    865
   675   1599     36    865
   676   1599     36    865
   677   1599     36    865
   678   1599     36    865
   679   1599     36    865
   680   1599     36    865
   681   1599     36    865
   682   1599     36    865
   683   1599     36    865
   684   1599     36    865
   685   1599     36    865
   686   1599     36    865
   687   1599     36    865
   688   1599     36    865
   689   1599     36    865
   690   1599     36    865
   691   1599     36    865
   692   1599     36    865
   693   1599     36    865
   694   1599     36    865
   695   1599     36    865
   696   1599     36    865
   697   1599     36    865
   698   1599     36    865
   699   1599     36    865
   700   1599     36    865
   701   1599     36    865
   702   1599     36    865
   703   1599     36    865
   704   1599     36    865
   705   1599     36    865
   706   1599     36    865
   707   1599     36    865
   708   1599     36    865
   709   1599     36    865
   710   1599     36    865
   711   1599     36    865
   712   1599     36    865
   713   1599     36    865
   714   1599     36    865
   715   1599     36    865
   716   1599     36    865
   717   1599     36    865
   718   1599     36    865
   719   1599     36    865
   720   1599     36    865
   721   1599     36    865
   722   1599     36    865
   723   1599     36    865
   724   1599     36    865
   725   1599     36    865
   726   1599     36    865
   727   1599     36    865
   728   1599     36    865
   729   1599     36    865
   730   1599     36    865
   731   1599     36    865
   732   1599     36    865
   733   1599     36    865
   734   1599     36    865
   735   1599     36    865
   736   1599     36    865
   737   1599     36    865
   738   1599     36    865
   739   1599     36    865
   740   1599     36    865
   741   1599     36    865
   742   1599     36    865
   743   1599     36    865
   744   1599     36    865
   745   1599     36    865
   746   1599     36    865
   747   1599     36    865
   748   1599     36    865
   749   1599     36    865
   750   1599     36    865
   751   1599     36    865
   752   1599     36    865
   753   1599     36    865
   754   1599     36    865
   755   1599     36    865
   756   1599     36    865
   757   1599     36    865
   758   1599     36    865
   759   1599     36    865
   760   1599     36    865
   761   1599     36    865
   762   1599     36    865
   763   1599     36    865
   764   1599     36    865
   765   1599     36    865
   766   1599     36    865
   767   1599     36    865
   768   1599     36    865
   769   1599     36    865
   770   1599     36    865
   771   1599     36    865
   772   1599     36    865
   773   1599     36    865
   774   1599     36    865
   775   1599     36    865
   776   1599     36    865
   777   1599     36    865
   778   1599     36    865
   779   1599     36    865
   780   1599     36    865
   781   1599     36    865
   782   1599     36    865
   783   1599     36    865
   784   1599     36    865
   785   1599     36    865
   786   1599     36    865
   787   1599     36    865
   788   1599     36    865
   789   1599     36    865
   790   1599     36    865
   791   1599     36    865
   792   1599     36    865
   793   1599     36    865
   794   1599     36    865
   795   1599     36    865
   796   1599     36    865
   797   1599     36    865
   798   1599     36    865
   799   1599     36    865
   800   1599     36    865
   801   1599     36    865
   802   1599     36    865
   803   1599     36    865
   804   1599     36    865
   805   1599     36    865
   806   1599     36    865
   807   1599     36    865
   808   1599     36    865
   809   1599     36    865
   810   1599     36    865
   811   1599     36    865
   812   1599     36    865
   813   1599     36    865
   814   1599     36    865
   815   1599     36    865
   816   1599     36    865
   817   1599     36    865
   818   1599     36    865
   819   1599     36    865
   820   1599     36    865
   821   1599     36    865
   822   1599     36    865
   823   1599     36    865
   824   1599     36    865
   825   1599     36    865
   826   1599     36    865
   827   1599     36    865
   828   1599     36    865
   829   1599     36    865
   830   1599     36    865
   831   1599     36    865
   832   1599     36    865
   833   1599     36    865
   834   1599     36    865
   835   1599     36    865
   836   1599     36    865
   837   1599     36    865
   838   1599     36    865
   839   1599     36    865
   840   1599     36    865
   841   1599     36    865
   842   1599     36    865
   843   1599     36    865
   844   1599     36    865
   845   1599     36    865
   846   1599     36    865
   847   1599     36    865
   848   1599     36    865
   849   1599     36    865
   850   1599     36    865
   851   1599     36    865
   852   1599     36    865
   853   1599     36    865
   854   1599     36    865
   855   1599     36    865
   856   1599     36    865
   857   1599     36    865
   858   1599     36    865
   859   1599     36    865
   860   1599     36    865
   861   1599     36    865
   862   1599     36    865
   863   1599     36    865
   864   1599     36    865
   865   1599     36    865
   866   1599     36    865
   867   1599     36    865
   868   1599     36    865
   869   1599     36    865
   870   1599     36    865
   871   1599     36    865
   872   1599     36    865
   873   1599     36    865
   874   1599     36    865
   875   1599     36    865
   876   1599     36    865
   877   1599     36    865
   878   1599     36    865
   879   1599     36    865
   880   1599     36    865
   881   1599     36    865
   882   1599     36    865
   883   1599     36    865
   884   1599     36    865
   885   1599     36    865
   886   1599     36    865
   887   1599     36    865
   888   1599     36    865
   889   1599     36    865
   890   1599     36    865
   891   1599     36    865
   892   1599     36    865
   893   1599     36    865
   894   1599     36    865
   895   1599     36    865
   896   1599     36    865
   897   1599     36    865
   898   1599     36    865
   899   1599     36    865
   900   1599     36    865
   901   1599     36    865
   902   1599     36    865
   903   1599     36    865
   904   1599     36    865
   905   1599     36    865
   906   1599     36    865
   907   1599     36    865
   908   1599     36    865
   909   1599     36    865
   910   1599     36    865
   911   1599     36    865
   912   1599     36    865
   913   1599     36    865
   914   1599     36    865
   915   1599     36    865
   916   1599     36    865
   917   1599     36    865
   918   1599     36    865
   919   1599     36    865
   920   1599     36    865
   921   1599     36    865
   922   1599     36    865
   923   1599     36    865
   924   1599     36    865
   925   1599     36    865
   926   1599     36    865
   927   1599     36    865
   928   1599     36    865
   929   1599     36    865
   930   1599     36    865
   931   1599     36    865
   932   1599     36    865
   933   1599     36    865
   934   1599     36    865
   935   1599     36    865
   936   1599     36    865
   937   1599     36    865
   938   1599     36    865
   939   1599     36    865
   940   1599     36    865
   941   1599     36    865
   942   1599     36    865
   943   1599     36    865
   944   1599     36    865
   945   1599     36    865
   946   1599     36    865
   947   1599     36    865
   948   1599     36    865
   949   1599     36    865
   950   1599     36    865
   951   1599     36    865
   952   1599     36    865
   953   1599     36    865
   954   1599     36    865
   955   1599     36    865
   956   1599     36    865
   957   1599     36    865
   958   1599     36    865
   959   1599     36    865
   960   1599     36    865
   961   1599     36    865
   962   1599     36    865
   963   1599     36    865
   964   1599     36    865
   965   1599     36    865
   966   1599     36    865
   967   1599     36    865
   968   1599     36    865
   969   1599     36    865
   970   1599     36    865
   971   1599     36    865
   972   1599     36    865
   973   1599     36    865
   974   1599     36    865
   975   1599     36    865
   976   1599     36    865
   977   1599     36    865
   978   1599     36    865
   979   1599     36    865
   980   1599     36    865
   981   1599     36    865
   982   1599     36    865
   983   1599     36    865
   984   1599     36    865
   985   1599     36    865
   986   1599     36    865
   987   1599     36    865
   988   1599     36    865
   989   1599     36    865
   990   1599     36    865
   991   1599     36    865
   992   1599     36    865
   993   1599     36    865
   994   1599     36    865
   995   1599     36    865
   996   1599     36    865
   997   1599     36    865
   998   1599     36    865
   999   1599     36    865
  1000   1599     36    865
