# time (sweeps) | Susceptible | Infected | Recovered
     0   1303    522    675
     1   1240    576    684
     2   1229    562    709
     3   1234    534    732
     4   1262    535    703
     5   1261    549    690
     6   1240    550    710
     7   1260    536    704
     8   1267    530    703
     9   1265    533    702
    10   1290    531    679
    11   1277    546    677
    12   1297    528    675
    13   1282    556    662
    14   1207    605    688
    15   1198    582    720
    16   1148    609    743
    17   1165    577    758
    18   1186    565    749
    19   1201    560    739
    20   1188    589    723
    21   1236    553    711
    22   1255    539    706
    23   1286    546    668
    24   1255    570    675
    25   1234    561    705
    26   1253    525    722
    27   1254    557    689
    28   1257    530    713
    29   1306    503    691
    30   1318    491    691
    31   1314    524    662
    32   1297    533    670
    33   1253    566    681
    34   1230    561    709
    35   1206    571    723
    36   1219    548    733
    37   1199    550    751
    38   1222    563    715
    39   1191    587    722
    40   1212    559    729
    41   1227    528    745
    42   1213    538    749
    43   1238    547    715
    44   1239    545    716
    45   1270    544    686
    46   1277    514    709
    47   1262    527    711
    48   1282    528    690
    49   1251    564    685
    50   1268    550    682
    51   1274    541    685
    52   1262    550    688
    53   1249    551    700
    54   1240    550    710
    55   1226    567    707
    56   1221    535    744
    57   1235    557    708
    58   1219    581    700
    59   1236    525    739
    60   1281    510    709
    61   1313    482    705
    62   1304    477    719
    63   1342    466    692
    64   1387    485    628
    65   1333    509    658
    66   1308    538    654
    67   1312    515    673
    68   1325    500    675
    69   1374    469    657
    70   1397    477    626
    71   1360    514    626
    72   1336    515    649
    73   1338    507    655
    74   1294    527    679
    75   1287    515    698
    76   1298    497    705
    77   1350    470    680
    78   1353    484    663
    79   1376    458    666
    80   1351    497    652
    81   1352    493    655
    82   1361    476    663
    83   1325    512    663
    84   1301    547    652
    85   1315    495    690
    86   1253    537    710
    87   1259    519    722
    88   1306    475    719
    89   1315    486    699
    90   1345    493    662
    91   1361    508    631
    92   1334    514    652
    93   1311    503    686
    94   1305    510    685
    95   1289    495    716
    96   1306    477    717
    97   1328    495    677
    98   1337    514    649
    99   1342    502    656
   100   1311    494    695
   101   1323    517    660
   102   1313    538    649
   103   1265    561    674
   104   1268    548    684
   105   1262    557    681
   106   1225    571    704
   107   1243    572    685
   108   1259    556    685
   109   1246    556    698
   110   1221    555    724
   111   1245    560    695
   112   1224    574    702
   113   1228    559    713
   114   1247    542    711
   115   1238    572    690
   116   1209    568    723
   117   1258    546    696
   118   1277    519    704
   119   1269    542    689
   120   1265    546    689
   121   1244    551    705
   122   1276    508    716
   123   1327    477    696
   124   1358    473    669
   125   1358    515    627
   126   1326    516    658
   127   1344    513    643
   128   1306    532    662
   129   1304    518    678
   130   1283    567    650
   131   1248    566    686
   132   1219    577    704
   133   1224    558    718
   134   1216    573    711
   135   1216    539    745
   136   1255    534    711
   137   1253    542    705
   138   1241    545    714
   139   1250    541    709
   140   1227    561    712
   141   1218    544    738
   142   1263    508    729
   143   1301    521    678
   144   1312    550    638
   145   1283    573    644
   146   1216    607    677
   147   1221    563    716
   148   1250    534    716
   149   1258    519    723
   150   1268    501    731
   151   1289    519    692
   152   1309    509    682
   153   1313    556    631
   154   1266    572    662
   155   1265    562    673
   156   1253    536    711
   157   1244    549    707
   158   1246    536    718
   159   1259    541    700
   160   1271    535    694
   161   1234    570    696
   162   1215    598    687
   163   1201    578    721
   164   1228    590    682
   165   1232    558    710
   166   1211    559    730
   167   1220    565    715
   168   1222    542    736
   169   1234    524    742
   170   1275    508    717
   171   1277    546    677
   172   1259    556    685
   173   1251    561    688
   174   1234    590    676
   175   1215    592    693
   176   1197    595    708
   177   1204    568    728
   178   1246    539    715
   179   1278    501    721
   180   1319    482    699
   181   1319    500    681
   182   1333    516    651
   183   1317    506    677
   184   1319    498    683
   185   1365    473    662
   186   1359    524    617
   187   1310    511    679
   188   1312    533    655
   189   1286    543    671
   190   1295    545    660
   191   1282    536    682
   192   1307    491    702
   193   1362    468    670
   194   1328    518    654
   195   1336    539    625
   196   1320    511    669
   197   1311    512    677
   198   1322    502    676
   199   1335    500    665
   200   1351    514    635
   201   1327    531    642
   202   1295    502    703
   203   1288    535    677
   204   1266    546    688
   205   1291    555    654
   206   1262    574    664
   207   1236    549    715
   208   1224    564    712
   209   1236    536    728
   210   1245    540    715
   211   1257    515    728
   212   1290    513    697
   213   1285    554    661
   214   1261    545    694
   215   1279    548    673
   216   1288    526    686
   217   1305    523    672
   218   1273    539    688
   219   1271    542    687
   220   1287    529    684
   221   1268    551    681
   222   1262    557    681
   223   1253    562    685
   224   1240    558    702
   225   1184    575    741
   226   1201    589    710
   227   1224    552    724
   228   1199    589    712
   229   1175    593    732
   230   1183    564    753
   231   1195    564    741
   232   1201    600    699
   233   1197    600    703
   234   1203    593    704
   235   1198    607    695
   236   1135    646    719
   237   1167    611    722
   238   1153    638    709
   239   1126    612    762
   240   1125    616    759
   241   1114    628    758
   242   1147    618    735
   243   1195    587    718
   244   1156    620    724
   245   1136    633    731
   246   1152    593    755
   247   1203    567    730
   248   1194    576    730
   249   1239    560    701
   250   1262    547    691
   251   1248    569    683
   252   1221    564    715
   253   1227    570    703
   254   1203    605    692
   255   1207    602    691
   256   1192    601    707
   257   1216    589    695
   258   1198    578    724
   259   1197    601    702
   260   1197    592    711
   261   1221    580    699
   262   1244    564    692
   263   1239    537    724
   264   1278    532    690
   265   1313    477    710
   266   1316    513    671
   267   1368    472    660
   268   1349    497    654
   269   1312    528    660
   270   1321    507    672
   271   1321    512    667
   272   1355    496    649
   273   1363    481    656
   274   1362    525    613
   275   1351    523    626
   276   1359    511    630
   277   1301    559    640
   278   1286    542    672
   279   1255    569    676
   280   1241    568    691
   281   1227    575    698
   282   1187    585    728
   283   1187    565    748
   284   1237    521    742
   285   1243    569    688
   286   1243    560    697
   287   1234    580    686
   288   1190    615    695
   289   1166    618    716
   290   1166    596    738
   291   1214    561    725
   292   1238    543    719
   293   1254    534    712
   294   1244    556    700
   295   1229    556    715
   296   1242    546    712
   297   1230    550    720
   298   1221    554    725
   299   1243    542    715
   300   1235    564    701
   301   1228    586    686
   302   1245    541    714
   303   1249    561    690
   304   1235    560    705
   305   1238    558    704
   306   1250    526    724
   307   1271    531    698
   308   1263    521    716
   309   1298    492    710
   310   1335    484    681
   311   1363    498    639
   312   1330    546    624
   313   1327    563    610
   314   1298    568    634
   315   1259    568    673
   316   1293    530    677
   317   1302    521    677
   318   1279    538    683
   319   1315    523    662
   320   1317    539    644
   321   1287    535    678
   322   1256    579    665
   323   1260    549    691
   324   1256    564    680
   325   1270    538    692
   326   1239    571    690
   327   1261    542    697
   328   1303    496    701
   329   1338    500    662
   330   1373    480    647
   331   1371    480    649
   332   1360    493    647
   333   1344    500    656
   334   1326    511    663
   335   1306    539    655
   336   1331    511    658
   337   1332    500    668
   338   1336    528    636
   339   1318    527    655
   340   1297    540    663
   341   1291    542    667
   342   1287    516    697
   343   1302    522    676
   344   1344    482    674
   345   1296    527    677
   346   1295    556    649
   347   1290    570    640
   348   1287    531    682
   349   1262    531    707
   350   1241    540    719
   351   1257    525    718
   352   1273    513    714
   353   1283    508    709
   354   1328    453    719
   355   1356    464    680
   356   1338    505    657
   357   1324    537    639
   358   1297    547    656
   359   1237    581    682
   360   1230    563    707
   361   1263    556    681
   362   1243    585    672
   363   1226    557    717
   364   1230    567    703
   365   1230    570    700
   366   1167    624    709
   367   1184    601    715
   368   1151    618    731
   369   1182    585    733
   370   1200    564    736
   371   1216    553    731
   372   1199    560    741
   373   1219    563    718
   374   1250    528    722
   375   1238    551    711
   376   1193    580    727
   377   1183    604    713
   378   1185    574    741
   379   1190    569    741
   380   1195    568    737
   381   1251    520    729
   382   1260    510    730
   383   1261    536    703
   384   1234    559    707
   385   1234    548    718
   386   1279    500    721
   387   1304    497    699
   388   1299    520    681
   389   1251    559    690
   390   1257    541    702
   391   1284    535    681
   392   1240    554    706
   393   1250    542    708
   394   1248    523    729
   395   1250    527    723
   396   1277    530    693
   397   1248    563    689
   398   1235    533    732
   399   1244    533    723
   400   1247    547    706
   401   1267    542    691
   402   1231    568    701
   403   1226    557    717
   404   1285    542    673
   405   1276    533    691
   406   1290    527    683
   407   1268    534    698
   408   1214    566    720
   409   1243    537    720
   410   1279    529    692
   411   1294    548    658
   412   1246    550    704
   413   1217    547    736
   414   1289    480    731
   415   1318    486    696
   416   1333    494    673
   417   1351    496    653
   418   1345    504    651
   419   1317    514    669
   420   1333    514    653
   421   1294    537    669
   422   1282    546    672
   423   1247    566    687
   424   1253    558    689
   425   1230    567    703
   426   1200    604    696
   427   1199    565    736
   428   1200    564    736
   429   1226    559    715
   430   1208    564    728
   431   1181    567    752
   432   1239    540    721
   433   1265    516    719
   434   1282    537    681
   435   1252    564    684
   436   1235    558    707
   437   1215    565    720
   438   1258    532    710
   439   1267    547    686
   440   1232    558    710
   441   1264    552    684
   442   1228    584    688
   443   1195    582    723
   444   1205    547    748
   445   1217    548    735
   446   1244    537    719
   447   1301    509    690
   448   1283    549    668
   449   1252    560    688
   450   1281    538    681
   451   1294    540    666
   452   1279    544    677
   453   1263    547    690
   454   1258    567    675
   455   1273    549    678
   456   1271    566    663
   457   1230    570    700
   458   1220    598    682
   459   1223    575    702
   460   1236    558    706
   461   1234    543    723
   462   1251    516    733
   463   1270    523    707
   464   1275    548    677
   465   1264    570    666
   466   1239    547    714
   467   1270    520    710
   468   1251    550    699
   469   1301    496    703
   470   1305    514    681
   471   1291    506    703
   472   1303    524    673
   473   1304    523    673
   474   1259    553    688
   475   1266    513    721
   476   1290    517    693
   477   1274    538    688
   478   1268    547    685
   479   1303    503    694
   480   1323    507    670
   481   1327    510    663
   482   1268    541    691
   483   1244    575    681
   484   1219    613    668
   485   1207    583    710
   486   1222    565    713
   487   1237    537    726
   488   1267    530    703
   489   1276    529    695
   490   1294    500    706
   491   1302    512    686
   492   1307    494    699
   493   1330    504    666
   494   1364    482    654
   495   1322    499    679
   496   1341    498    661
   497   1329    500    671
   498   1331    504    665
   499   1319    517    664
   500   1295    540    665
   501   1275    547    678
   502   1285    504    711
   503   1320    488    692
   504   1308    512    680
   505   1258    568    674
   506   1236    604    660
   507   1209    625    666
   508   1181    614    705
   509   1189    590    721
   510   1204    558    738
   511   1259    538    703
   512   1253    550    697
   513   1237    581    682
   514   1249    554    697
   515   1206    558    736
   516   1245    531    724
   517   1272    520    708
   518   1274    532    694
   519   1258    550    692
   520   1298    512    690
   521   1307    496    697
   522   1318    498    684
   523   1328    469    703
   524   1344    479    677
   525   1329    487    684
   526   1366    478    656
   527   1397    458    645
   528   1367    496    637
   529   1330    525    645
   530   1298    524    678
   531   1324    524    652
   532   1320    493    687
   533   1312    484    704
   534   1352    467    681
   535   1388    469    643
   536   1390    491    619
   537   1375    462    663
   538   1381    472    647
   539   1378    485    637
   540   1368    483    649
   541   1355    484    661
   542   1346    498    656
   543   1344    510    646
   544   1335    542    623
   545   1300    563    637
   546   1295    574    631
   547   1282    568    650
   548   1251    560    689
   549   1262    547    691
   550   1280    562    658
   551   1255    574    671
   552   1228    556    716
   553   1248    544    708
   554   1245    537    718
   555   1254    530    716
   556   1303    513    684
   557   1293    505    702
   558   1302    502    696
   559   1321    492    687
   560   1334    521    645
   561   1294    564    642
   562   1285    549    666
   563   1261    534    705
   564   1238    562    700
   565   1207    559    734
   566   1215    559    726
   567   1194    567    739
   568   1235    525    740
   569   1237    554    709
   570   1269    527    704
   571   1290    513    697
   572   1316    474    710
   573   1348    478    674
   574   1355    489    656
   575   1351    476    673
   576   1383    489    628
   577   1353    493    654
   578   1343    511    646
   579   1332    530    638
   580   1306    565    629
   581   1269    570    661
   582   1252    556    692
   583   1273    520    707
   584   1281    540    679
   585   1281    552    667
   586   1273    546    681
   587   1295    519    686
   588   1250    550    700
   589   1283    543    674
   590   1260    524    716
   591   1301    498    701
   592   1298    512    690
   593   1295    520    685
   594   1268    548    684
   595   1282    529    689
   596   1290    536    674
   597   1263    551    686
   598   1296    519    685
   599   1324    502    674
   600   1316    533    651
   601   1285    553    662
   602   1278    551    671
   603   1245    567    688
   604   1238    561    701
   605   1256    521    723
   606   1291    473    736
   607   1307    513    680
   608   1348    495    657
   609   1355    513    632
   610   1317    495    688
   611   1325    498    677
   612   1339    511    650
   613   1316    517    667
   614   1309    523    668
   615   1313    535    652
   616   1303    552    645
   617   1266    567    667
   618   1235    556    709
   619   1240    535    725
   620   1285    529    686
   621   1255    560    685
   622   1230    533    737
   623   1257    516    727
   624   1286    507    707
   625   1294    507    699
   626   1292    494    714
   627   1317    492    691
   628   1348    467    685
   629   1344    511    645
   630   1295    500    705
   631   1276    530    694
   632   1282    511    707
   633   1315    502    683
   634   1298    551    651
   635   1289    547    664
   636   1271    551    678
   637   1287    542    671
   638   1310    510    680
   639   1343    501    656
   640   1357    507    636
   641   1328    531    641
   642   1297    554    649
   643   1243    577    680
   644   1223    572    705
   645   1219    563    718
   646   1201    556    743
   647   1181    579    740
   648   1188    579    733
   649   1191    577    732
   650   1186    574    740
   651   1210    550    740
   652   1175    592    733
   653   1222    563    715
   654   1240    542    718
   655   1228    560    712
   656   1204    573    723
   657   1216    545    739
   658   1242    557    701
   659   1261    580    659
   660   1229    563    708
   661   1248    529    723
   662   1282    534    684
   663   1290    500    710
   664   1287    517    696
   665   1322    512    666
   666   1316    522    662
   667   1297    542    661
   668   1307    533    660
   669   1306    543    651
   670   1266    575    659
   671   1253    557    690
   672   1270    542    688
   673   1247    525    728
   674   1262    519    719
   675   1284    544    672
   676   1229    604    667
   677   1199    617    684
   678   1177    615    708
   679   1140    597    763
   680   1187    580    733
   681   1208    566    726
   682   1195    567    738
   683   1226    563    711
   684   1244    560    696
   685   1248    558    694
   686   1255    546    699
   687   1264    543    693
   688   1253    561    686
   689   1290    519    691
   690   1292    547    661
   691   1279    537    684
   692   1271    531    698
   693   1280    527    693
   694   1271    526    703
   695   1305    513    682
   696   1319    510    671
   697   1292    534    674
   698   1249    579    672
   699   1237    572    691
   700   1234    567    699
   701   1235    556    709
   702   1228    544    728
   703   1197    567    736
   704   1209    591    700
   705   1241    553    706
   706   1221    568    711
   707   1182    598    720
   708   1223    559    718
   709   1240    560    700
   710   1217    563    720
   711   1234    544    722
   712   1220    542    738
   713   1261    529    710
   714   1245    544    711
   715   1272    525    703
   716   1294    515    691
   717   1301    542    657
   718   1289    555    656
   719   1249    562    689
   720   1227    582    691
   721   1215    585    700
   722   1239    511    750
   723   1287    506    707
   724   1304    490    706
   725   1334    478    688
   726   1312    498    690
   727   1317    504    679
   728   1263    559    678
   729   1239    567    694
   730   1272    519    709
   731   1277    524    699
   732   1302    531    667
   733   1310    512    678
   734   1284    553    663
   735   1248    558    694
   736   1275    528    697
   737   1289    534    677
   738   1259    540    701
   739   1295    489    716
   740   1312    499    689
   741   1310    522    668
   742   1305    552    643
   743   1263    562    675
   744   1293    533    674
   745   1285    560    655
   746   1240    603    657
   747   1193    615    692
   748   1155    624    721
   749   1132    600    768
   750   1215    552    733
   751   1244    556    700
   752   1245    535    720
   753   1220    548    732
   754   1263    503    734
   755   1334    494    672
   756   1348    488    664
   757   1379    473    648
   758   1384    479    637
   759   1377    495    628
   760   1386    459    655
   761   1378    470    652
   762   1391    448    661
   763   1393    465    642
   764   1399    469    632
   765   1377    494    629
   766   1373    517    610
   767   1334    534    632
   768   1302    550    648
   769   1302    580    618
   770   1246    590    664
   771   1223    563    714
   772   1237    534    729
   773   1268    529    703
   774   1272    540    688
   775   1262    547    691
   776   1298    502    700
   777   1294    521    685
   778   1328    486    686
   779   1305    537    658
   780   1239    578    683
   781   1235    575    690
   782   1269    522    709
   783   1297    515    688
   784   1297    515    688
   785   1297    515    688
   786   1297    515    688
   787   1297    515    688
   788   1297    515    688
   789   1297    515    688
   790   1297    515    688
   791   1297    515    688
   792   1297    515    688
   793   1297    515    688
   794   1297    515    688
   795   1297    515    688
   796   1297    515    688
   797   1297    515    688
   798   1297    515    688
   799   1297    515    688
   800   1297    515    688
   801   1297    515    688
   802   1297    515    688
   803   1297    515    688
   804   1297    515    688
   805   1297    515    688
   806   1297    515    688
   807   1297    515    688
   808   1297    515    688
   809   1297    515    688
   810   1297    515    688
   811   1297    515    688
   812   1297    515    688
   813   1297    515    688
   814   1297    515    688
   815   1297    515    688
   816   1297    515    688
   817   1297    515    688
   818   1297    515    688
   819   1297    515    688
   820   1297    515    688
   821   1297    515    688
   822   1297    515    688
   823   1297    515    688
   824   1297    515    688
   825   1297    515    688
   826   1297    515    688
   827   1297    515    688
   828   1297    515    688
   829   1297    515    688
   830   1297    515    688
   831   1297    515    688
   832   1297    515    688
   833   1297    515    688
   834   1297    515    688
   835   1297    515    688
   836   1297    515    688
   837   1297    515    688
   838   1297    515    688
   839   1297    515    688
   840   1297    515    688
   841   1297    515    688
   842   1297    515    688
   843   1297    515    688
   844   1297    515    688
   845   1297    515    688
   846   1297    515    688
   847   1297    515    688
   848   1297    515    688
   849   1297    515    688
   850   1297    515    688
   851   1297    515    688
   852   1297    515    688
   853   1297    515    688
   854   1297    515    688
   855   1297    515    688
   856   1297    515    688
   857   1297    515    688
   858   1297    515    688
   859   1297    515    688
   860   1297    515    688
   861   1297    515    688
   862   1297    515    688
   863   1297    515    688
   864   1297    515    688
   865   1297    515    688
   866   1297    515    688
   867   1297    515    688
   868   1297    515    688
   869   1297    515    688
   870   1297    515    688
   871   1297    515    688
   872   1297    515    688
   873   1297    515    688
   874   1297    515    688
   875   1297    515    688
   876   1297    515    688
   877   1297    515    688
   878   1297    515    688
   879   1297    515    688
   880   1297    515    688
   881   1297    515    688
   882   1297    515    688
   883   1297    515    688
   884   1297    515    688
   885   1297    515    688
   886   1297    515    688
   887   1297    515    688
   888   1297    515    688
   889   1297    515    688
   890   1297    515    688
   891   1297    515    688
   892   1297    515    688
   893   1297    515    688
   894   1297    515    688
   895   1297    515    688
   896   1297    515    688
   897   1297    515    688
   898   1297    515    688
   899   1297    515    688
   900   1297    515    688
   901   1297    515    688
   902   1297    515    688
   903   1297    515    688
   904   1297    515    688
   905   1297    515    688
   906   1297    515    688
   907   1297    515    688
   908   1297    515    688
   909   1297    515    688
   910   1297    515    688
   911   1297    515    688
   912   1297    515    688
   913   1297    515    688
   914   1297    515    688
   915   1297    515    688
   916   1297    515    688
   917   1297    515    688
   918   1297    515    688
   919   1297    515    688
   920   1297    515    688
   921   1297    515    688
   922   1297    515    688
   923   1297    515    688
   924   1297    515    688
   925   1297    515    688
   926   1297    515    688
   927   1297    515    688
   928   1297    515    688
   929   1297    515    688
   930   1297    515    688
   931   1297    515    688
   932   1297    515    688
   933   1297    515    688
   934   1297    515    688
   935   1297    515    688
   936   1297    515    688
   937   1297    515    688
   938   1297    515    688
   939   1297    515    688
   940   1297    515    688
   941   1297    515    688
   942   1297    515    688
   943   1297    515    688
   944   1297    515    688
   945   1297    515    688
   946   1297    515    688
   947   1297    515    688
   948   1297    515    688
   949   1297    515    688
   950   1297    515    688
   951   1297    515    688
   952   1297    515    688
   953   1297    515    688
   954   1297    515    688
   955   1297    515    688
   956   1297    515    688
   957   1297    515    688
   958   1297    515    688
   959   1297    515    688
   960   1297    515    688
   961   1297    515    688
   962   1297    515    688
   963   1297    515    688
   964   1297    515    688
   965   1297    515    688
   966   1297    515    688
   967   1297    515    688
   968   1297    515    688
   969   1297    515    688
   970   1297    515    688
   971   1297    515    688
   972   1297    515    688
   973   1297    515    688
   974   1297    515    688
   975   1297    515    688
   976   1297    515    688
   977   1297    515    688
   978   1297    515    688
   979   1297    515    688
   980   1297    515    688
   981   1297    515    688
   982   1297    515    688
   983   1297    515    688
   984   1297    515    688
   985   1297    515    688
   986   1297    515    688
   987   1297    515    688
   988   1297    515    688
   989   1297    515    688
   990   1297    515    688
   991   1297    515    688
   992   1297    515    688
   993   1297    515    688
   994   1297    515    688
   995   1297    515    688
   996   1297    515    688
   997   1297    515    688
   998   1297    515    688
   999   1297    515    688
  1000   1297    515    688
