# time (sweeps) | Susceptible | Infected | Recovered
     0   1466    260    774
     1   1434    299    767
     2   1457    265    778
     3   1468    247    785
     4   1481    254    765
     5   1476    246    778
     6   1474    264    762
     7   1486    285    729
     8   1485    265    750
     9   1459    299    742
    10   1430    325    745
    11   1407    315    778
    12   1372    347    781
    13   1380    311    809
    14   1370    311    819
    15   1386    293    821
    16   1399    288    813
    17   1383    288    829
    18   1389    289    822
    19   1419    297    784
    20   1405    309    786
    21   1412    292    796
    22   1441    272    787
    23   1418    287    795
    24   1444    261    795
    25   1472    236    792
    26   1471    259    770
    27   1482    275    743
    28   1447    288    765
    29   1423    300    777
    30   1418    299    783
    31   1425    274    801
    32   1461    255    784
    33   1465    252    783
    34   1471    257    772
    35   1491    239    770
    36   1521    225    754
    37   1528    223    749
    38   1533    247    720
    39   1530    245    725
    40   1512    245    743
    41   1518    238    744
    42   1510    247    743
    43   1487    271    742
    44   1474    275    751
    45   1470    274    756
    46   1474    264    762
    47   1458    271    771
    48   1445    268    787
    49   1453    275    772
    50   1456    267    777
    51   1442    278    780
    52   1467    251    782
    53   1518    225    757
    54   1483    271    746
    55   1461    295    744
    56   1448    276    776
    57   1463    274    763
    58   1450    290    760
    59   1431    308    761
    60   1390    335    775
    61   1383    326    791
    62   1395    315    790
    63   1406    298    796
    64   1397    281    822
    65   1416    262    822
    66   1430    280    790
    67   1432    277    791
    68   1459    269    772
    69   1446    295    759
    70   1422    296    782
    71   1423    293    784
    72   1421    293    786
    73   1402    313    785
    74   1403    309    788
    75   1418    284    798
    76   1427    268    805
    77   1424    282    794
    78   1431    279    790
    79   1438    282    780
    80   1449    276    775
    81   1452    298    750
    82   1451    274    775
    83   1464    267    769
    84   1471    263    766
    85   1460    258    782
    86   1458    252    790
    87   1474    269    757
    88   1475    252    773
    89   1487    259    754
    90   1509    235    756
    91   1515    240    745
    92   1486    264    750
    93   1496    252    752
    94   1494    247    759
    95   1519    213    768
    96   1519    236    745
    97   1500    255    745
    98   1511    257    732
    99   1514    232    754
   100   1529    231    740
   101   1562    209    729
   102   1547    219    734
   103   1551    240    709
   104   1526    262    712
   105   1486    267    747
   106   1479    258    763
   107   1482    247    771
   108   1487    271    742
   109   1481    275    744
   110   1480    271    749
   111   1484    249    767
   112   1500    260    740
   113   1490    253    757
   114   1460    265    775
   115   1451    257    792
   116   1472    263    765
   117   1460    263    777
   118   1440    281    779
   119   1468    285    747
   120   1441    281    778
   121   1448    268    784
   122   1456    264    780
   123   1488    251    761
   124   1491    263    746
   125   1486    255    759
   126   1479    251    770
   127   1506    233    761
   128   1529    213    758
   129   1560    193    747
   130   1570    204    726
   131   1589    192    719
   132   1569    212    719
   133   1562    222    716
   134   1566    203    731
   135   1562    216    722
   136   1545    242    713
   137   1550    221    729
   138   1535    237    728
   139   1486    264    750
   140   1492    257    751
   141   1491    250    759
   142   1510    230    760
   143   1523    228    749
   144   1517    224    759
   145   1516    234    750
   146   1497    237    766
   147   1476    249    775
   148   1513    229    758
   149   1521    229    750
   150   1534    213    753
   151   1571    190    739
   152   1577    210    713
   153   1555    219    726
   154   1549    225    726
   155   1550    236    714
   156   1517    253    730
   157   1496    273    731
   158   1485    272    743
   159   1477    252    771
   160   1463    276    761
   161   1461    237    802
   162   1454    264    782
   163   1467    277    756
   164   1459    277    764
   165   1495    256    749
   166   1471    271    758
   167   1462    279    759
   168   1459    277    764
   169   1438    297    765
   170   1415    292    793
   171   1409    275    816
   172   1411    296    793
   173   1411    294    795
   174   1421    284    795
   175   1446    284    770
   176   1438    285    777
   177   1426    301    773
   178   1445    291    764
   179   1433    306    761
   180   1433    305    762
   181   1404    320    776
   182   1391    305    804
   183   1390    297    813
   184   1417    286    797
   185   1426    291    783
   186   1430    284    786
   187   1433    295    772
   188   1436    293    771
   189   1431    297    772
   190   1395    307    798
   191   1412    290    798
   192   1382    320    798
   193   1392    308    800
   194   1398    306    796
   195   1431    290    779
   196   1409    309    782
   197   1388    321    791
   198   1375    319    806
   199   1365    337    798
   200   1355    338    807
   201   1356    337    807
   202   1320    313    867
   203   1355    294    851
   204   1382    302    816
   205   1387    303    810
   206   1371    311    818
   207   1371    310    819
   208   1385    306    809
   209   1389    278    833
   210   1403    305    792
   211   1383    323    794
   212   1386    311    803
   213   1389    307    804
   214   1360    324    816
   215   1358    328    814
   216   1327    350    823
   217   1344    342    814
   218   1357    321    822
   219   1365    309    826
   220   1390    284    826
   221   1399    285    816
   222   1402    280    818
   223   1392    292    816
   224   1387    297    816
   225   1410    281    809
   226   1419    261    820
   227   1438    288    774
   228   1423    307    770
   229   1410    307    783
   230   1400    284    816
   231   1402    265    833
   232   1405    271    824
   233   1435    267    798
   234   1464    251    785
   235   1495    215    790
   236   1533    233    734
   237   1519    243    738
   238   1545    232    723
   239   1535    226    739
   240   1500    247    753
   241   1516    239    745
   242   1500    245    755
   243   1523    242    735
   244   1508    256    736
   245   1503    250    747
   246   1497    238    765
   247   1499    225    776
   248   1509    235    756
   249   1520    228    752
   250   1540    215    745
   251   1549    219    732
   252   1552    221    727
   253   1531    235    734
   254   1536    222    742
   255   1545    217    738
   256   1538    213    749
   257   1562    202    736
   258   1603    194    703
   259   1593    206    701
   260   1589    206    705
   261   1605    188    707
   262   1607    186    707
   263   1604    196    700
   264   1594    203    703
   265   1589    215    696
   266   1587    211    702
   267   1563    214    723
   268   1561    213    726
   269   1575    209    716
   270   1562    218    720
   271   1531    244    725
   272   1511    252    737
   273   1517    249    734
   274   1518    266    716
   275   1496    261    743
   276   1503    239    758
   277   1497    251    752
   278   1495    230    775
   279   1518    223    759
   280   1534    230    736
   281   1537    233    730
   282   1543    223    734
   283   1561    223    716
   284   1552    213    735
   285   1569    211    720
   286   1546    231    723
   287   1556    213    731
   288   1556    234    710
   289   1546    243    711
   290   1514    263    723
   291   1486    258    756
   292   1486    261    753
   293   1467    262    771
   294   1491    227    782
   295   1503    245    752
   296   1493    260    747
   297   1477    261    762
   298   1476    264    760
   299   1447    275    778
   300   1445    276    779
   301   1471    243    786
   302   1500    245    755
   303   1498    257    745
   304   1468    268    764
   305   1522    209    769
   306   1528    222    750
   307   1531    241    728
   308   1540    225    735
   309   1534    253    713
   310   1534    244    722
   311   1508    239    753
   312   1483    254    763
   313   1498    244    758
   314   1499    233    768
   315   1519    241    740
   316   1506    256    738
   317   1499    236    765
   318   1516    246    738
   319   1501    244    755
   320   1486    269    745
   321   1450    282    768
   322   1454    273    773
   323   1438    293    769
   324   1444    267    789
   325   1433    284    783
   326   1440    279    781
   327   1457    273    770
   328   1475    276    749
   329   1445    292    763
   330   1447    289    764
   331   1417    304    779
   332   1412    302    786
   333   1412    303    785
   334   1425    297    778
   335   1433    284    783
   336   1438    288    774
   337   1428    303    769
   338   1418    289    793
   339   1388    315    797
   340   1364    312    824
   341   1394    294    812
   342   1396    291    813
   343   1393    298    809
   344   1392    303    805
   345   1382    307    811
   346   1379    311    810
   347   1366    324    810
   348   1364    317    819
   349   1389    295    816
   350   1389    306    805
   351   1392    294    814
   352   1398    285    817
   353   1405    289    806
   354   1406    291    803
   355   1434    269    797
   356   1420    304    776
   357   1390    326    784
   358   1386    304    810
   359   1380    312    808
   360   1380    312    808
   361   1380    312    808
   362   1380    312    808
   363   1380    312    808
   364   1380    312    808
   365   1380    312    808
   366   1380    312    808
   367   1380    312    808
   368   1380    312    808
   369   1380    312    808
   370   1380    312    808
   371   1380    312    808
   372   1380    312    808
   373   1380    312    808
   374   1380    312    808
   375   1380    312    808
   376   1380    312    808
   377   1380    312    808
   378   1380    312    808
   379   1380    312    808
   380   1380    312    808
   381   1380    312    808
   382   1380    312    808
   383   1380    312    808
   384   1380    312    808
   385   1380    312    808
   386   1380    312    808
   387   1380    312    808
   388   1380    312    808
   389   1380    312    808
   390   1380    312    808
   391   1380    312    808
   392   1380    312    808
   393   1380    312    808
   394   1380    312    808
   395   1380    312    808
   396   1380    312    808
   397   1380    312    808
   398   1380    312    808
   399   1380    312    808
   400   1380    312    808
   401   1380    312    808
   402   1380    312    808
   403   1380    312    808
   404   1380    312    808
   405   1380    312    808
   406   1380    312    808
   407   1380    312    808
   408   1380    312    808
   409   1380    312    808
   410   1380    312    808
   411   1380    312    808
   412   1380    312    808
   413   1380    312    808
   414   1380    312    808
   415   1380    312    808
   416   1380    312    808
   417   1380    312    808
   418   1380    312    808
   419   1380    312    808
   420   1380    312    808
   421   1380    312    808
   422   1380    312    808
   423   1380    312    808
   424   1380    312    808
   425   1380    312    808
   426   1380    312    808
   427   1380    312    808
   428   1380    312    808
   429   1380    312    808
   430   1380    312    808
   431   1380    312    808
   432   1380    312    808
   433   1380    312    808
   434   1380    312    808
   435   1380    312    808
   436   1380    312    808
   437   1380    312    808
   438   1380    312    808
   439   1380    312    808
   440   1380    312    808
   441   1380    312    808
   442   1380    312    808
   443   1380    312    808
   444   1380    312    808
   445   1380    312    808
   446   1380    312    808
   447   1380    312    808
   448   1380    312    808
   449   1380    312    808
   450   1380    312    808
   451   1380    312    808
   452   1380    312    808
   453   1380    312    808
   454   1380    312    808
   455   1380    312    808
   456   1380    312    808
   457   1380    312    808
   458   1380    312    808
   459   1380    312    808
   460   1380    312    808
   461   1380    312    808
   462   1380    312    808
   463   1380    312    808
   464   1380    312    808
   465   1380    312    808
   466   1380    312    808
   467   1380    312    808
   468   1380    312    808
   469   1380    312    808
   470   1380    312    808
   471   1380    312    808
   472   1380    312    808
   473   1380    312    808
   474   1380    312    808
   475   1380    312    808
   476   1380    312    808
   477   1380    312    808
   478   1380    312    808
   479   1380    312    808
   480   1380    312    808
   481   1380    312    808
   482   1380    312    808
   483   1380    312    808
   484   1380    312    808
   485   1380    312    808
   486   1380    312    808
   487   1380    312    808
   488   1380    312    808
   489   1380    312    808
   490   1380    312    808
   491   1380    312    808
   492   1380    312    808
   493   1380    312    808
   494   1380    312    808
   495   1380    312    808
   496   1380    312    808
   497   1380    312    808
   498   1380    312    808
   499   1380    312    808
   500   1380    312    808
   501   1380    312    808
   502   1380    312    808
   503   1380    312    808
   504   1380    312    808
   505   1380    312    808
   506   1380    312    808
   507   1380    312    808
   508   1380    312    808
   509   1380    312    808
   510   1380    312    808
   511   1380    312    808
   512   1380    312    808
   513   1380    312    808
   514   1380    312    808
   515   1380    312    808
   516   1380    312    808
   517   1380    312    808
   518   1380    312    808
   519   1380    312    808
   520   1380    312    808
   521   1380    312    808
   522   1380    312    808
   523   1380    312    808
   524   1380    312    808
   525   1380    312    808
   526   1380    312    808
   527   1380    312    808
   528   1380    312    808
   529   1380    312    808
   530   1380    312    808
   531   1380    312    808
   532   1380    312    808
   533   1380    312    808
   534   1380    312    808
   535   1380    312    808
   536   1380    312    808
   537   1380    312    808
   538   1380    312    808
   539   1380    312    808
   540   1380    312    808
   541   1380    312    808
   542   1380    312    808
   543   1380    312    808
   544   1380    312    808
   545   1380    312    808
   546   1380    312    808
   547   1380    312    808
   548   1380    312    808
   549   1380    312    808
   550   1380    312    808
   551   1380    312    808
   552   1380    312    808
   553   1380    312    808
   554   1380    312    808
   555   1380    312    808
   556   1380    312    808
   557   1380    312    808
   558   1380    312    808
   559   1380    312    808
   560   1380    312    808
   561   1380    312    808
   562   1380    312    808
   563   1380    312    808
   564   1380    312    808
   565   1380    312    808
   566   1380    312    808
   567   1380    312    808
   568   1380    312    808
   569   1380    312    808
   570   1380    312    808
   571   1380    312    808
   572   1380    312    808
   573   1380    312    808
   574   1380    312    808
   575   1380    312    808
   576   1380    312    808
   577   1380    312    808
   578   1380    312    808
   579   1380    312    808
   580   1380    312    808
   581   1380    312    808
   582   1380    312    808
   583   1380    312    808
   584   1380    312    808
   585   1380    312    808
   586   1380    312    808
   587   1380    312    808
   588   1380    312    808
   589   1380    312    808
   590   1380    312    808
   591   1380    312    808
   592   1380    312    808
   593   1380    312    808
   594   1380    312    808
   595   1380    312    808
   596   1380    312    808
   597   1380    312    808
   598   1380    312    808
   599   1380    312    808
   600   1380    312    808
   601   1380    312    808
   602   1380    312    808
   603   1380    312    808
   604   1380    312    808
   605   1380    312    808
   606   1380    312    808
   607   1380    312    808
   608   1380    312    808
   609   1380    312    808
   610   1380    312    808
   611   1380    312    808
   612   1380    312    808
   613   1380    312    808
   614   1380    312    808
   615   1380    312    808
   616   1380    312    808
   617   1380    312    808
   618   1380    312    808
   619   1380    312    808
   620   1380    312    808
   621   1380    312    808
   622   1380    312    808
   623   1380    312    808
   624   1380    312    808
   625   1380    312    808
   626   1380    312    808
   627   1380    312    808
   628   1380    312    808
   629   1380    312    808
   630   1380    312    808
   631   1380    312    808
   632   1380    312    808
   633   1380    312    808
   634   1380    312    808
   635   1380    312    808
   636   1380    312    808
   637   1380    312    808
   638   1380    312    808
   639   1380    312    808
   640   1380    312    808
   641   1380    312    808
   642   1380    312    808
   643   1380    312    808
   644   1380    312    808
   645   1380    312    808
   646   1380    312    808
   647   1380    312    808
   648   1380    312    808
   649   1380    312    808
   650   1380    312    808
   651   1380    312    808
   652   1380    312    808
   653   1380    312    808
   654   1380    312    808
   655   1380    312    808
   656   1380    312    808
   657   1380    312    808
   658   1380    312    808
   659   1380    312    808
   660   1380    312    808
   661   1380    312    808
   662   1380    312    808
   663   1380    312    808
   664   1380    312    808
   665   1380    312    808
   666   1380    312    808
   667   1380    312    808
   668   1380    312    808
   669   1380    312    808
   670   1380    312    808
   671   1380    312    808
   672   1380    312    808
   673   1380    312    808
   674   1380    312    808
   675   1380    312    808
   676   1380    312    808
   677   1380    312    808
   678   1380    312    808
   679   1380    312    808
   680   1380    312    808
   681   1380    312    808
   682   1380    312    808
   683   1380    312    808
   684   1380    312    808
   685   1380    312    808
   686   1380    312    808
   687   1380    312    808
   688   1380    312    808
   689   1380    312    808
   690   1380    312    808
   691   1380    312    808
   692   1380    312    808
   693   1380    312    808
   694   1380    312    808
   695   1380    312    808
   696   1380    312    808
   697   1380    312    808
   698   1380    312    808
   699   1380    312    808
   700   1380    312    808
   701   1380    312    808
   702   1380    312    808
   703   1380    312    808
   704   1380    312    808
   705   1380    312    808
   706   1380    312    808
   707   1380    312    808
   708   1380    312    808
   709   1380    312    808
   710   1380    312    808
   711   1380    312    808
   712   1380    312    808
   713   1380    312    808
   714   1380    312    808
   715   1380    312    808
   716   1380    312    808
   717   1380    312    808
   718   1380    312    808
   719   1380    312    808
   720   1380    312    808
   721   1380    312    808
   722   1380    312    808
   723   1380    312    808
   724   1380    312    808
   725   1380    312    808
   726   1380    312    808
   727   1380    312    808
   728   1380    312    808
   729   1380    312    808
   730   1380    312    808
   731   1380    312    808
   732   1380    312    808
   733   1380    312    808
   734   1380    312    808
   735   1380    312    808
   736   1380    312    808
   737   1380    312    808
   738   1380    312    808
   739   1380    312    808
   740   1380    312    808
   741   1380    312    808
   742   1380    312    808
   743   1380    312    808
   744   1380    312    808
   745   1380    312    808
   746   1380    312    808
   747   1380    312    808
   748   1380    312    808
   749   1380    312    808
   750   1380    312    808
   751   1380    312    808
   752   1380    312    808
   753   1380    312    808
   754   1380    312    808
   755   1380    312    808
   756   1380    312    808
   757   1380    312    808
   758   1380    312    808
   759   1380    312    808
   760   1380    312    808
   761   1380    312    808
   762   1380    312    808
   763   1380    312    808
   764   1380    312    808
   765   1380    312    808
   766   1380    312    808
   767   1380    312    808
   768   1380    312    808
   769   1380    312    808
   770   1380    312    808
   771   1380    312    808
   772   1380    312    808
   773   1380    312    808
   774   1380    312    808
   775   1380    312    808
   776   1380    312    808
   777   1380    312    808
   778   1380    312    808
   779   1380    312    808
   780   1380    312    808
   781   1380    312    808
   782   1380    312    808
   783   1380    312    808
   784   1380    312    808
   785   1380    312    808
   786   1380    312    808
   787   1380    312    808
   788   1380    312    808
   789   1380    312    808
   790   1380    312    808
   791   1380    312    808
   792   1380    312    808
   793   1380    312    808
   794   1380    312    808
   795   1380    312    808
   796   1380    312    808
   797   1380    312    808
   798   1380    312    808
   799   1380    312    808
   800   1380    312    808
   801   1380    312    808
   802   1380    312    808
   803   1380    312    808
   804   1380    312    808
   805   1380    312    808
   806   1380    312    808
   807   1380    312    808
   808   1380    312    808
   809   1380    312    808
   810   1380    312    808
   811   1380    312    808
   812   1380    312    808
   813   1380    312    808
   814   1380    312    808
   815   1380    312    808
   816   1380    312    808
   817   1380    312    808
   818   1380    312    808
   819   1380    312    808
   820   1380    312    808
   821   1380    312    808
   822   1380    312    808
   823   1380    312    808
   824   1380    312    808
   825   1380    312    808
   826   1380    312    808
   827   1380    312    808
   828   1380    312    808
   829   1380    312    808
   830   1380    312    808
   831   1380    312    808
   832   1380    312    808
   833   1380    312    808
   834   1380    312    808
   835   1380    312    808
   836   1380    312    808
   837   1380    312    808
   838   1380    312    808
   839   1380    312    808
   840   1380    312    808
   841   1380    312    808
   842   1380    312    808
   843   1380    312    808
   844   1380    312    808
   845   1380    312    808
   846   1380    312    808
   847   1380    312    808
   848   1380    312    808
   849   1380    312    808
   850   1380    312    808
   851   1380    312    808
   852   1380    312    808
   853   1380    312    808
   854   1380    312    808
   855   1380    312    808
   856   1380    312    808
   857   1380    312    808
   858   1380    312    808
   859   1380    312    808
   860   1380    312    808
   861   1380    312    808
   862   1380    312    808
   863   1380    312    808
   864   1380    312    808
   865   1380    312    808
   866   1380    312    808
   867   1380    312    808
   868   1380    312    808
   869   1380    312    808
   870   1380    312    808
   871   1380    312    808
   872   1380    312    808
   873   1380    312    808
   874   1380    312    808
   875   1380    312    808
   876   1380    312    808
   877   1380    312    808
   878   1380    312    808
   879   1380    312    808
   880   1380    312    808
   881   1380    312    808
   882   1380    312    808
   883   1380    312    808
   884   1380    312    808
   885   1380    312    808
   886   1380    312    808
   887   1380    312    808
   888   1380    312    808
   889   1380    312    808
   890   1380    312    808
   891   1380    312    808
   892   1380    312    808
   893   1380    312    808
   894   1380    312    808
   895   1380    312    808
   896   1380    312    808
   897   1380    312    808
   898   1380    312    808
   899   1380    312    808
   900   1380    312    808
   901   1380    312    808
   902   1380    312    808
   903   1380    312    808
   904   1380    312    808
   905   1380    312    808
   906   1380    312    808
   907   1380    312    808
   908   1380    312    808
   909   1380    312    808
   910   1380    312    808
   911   1380    312    808
   912   1380    312    808
   913   1380    312    808
   914   1380    312    808
   915   1380    312    808
   916   1380    312    808
   917   1380    312    808
   918   1380    312    808
   919   1380    312    808
   920   1380    312    808
   921   1380    312    808
   922   1380    312    808
   923   1380    312    808
   924   1380    312    808
   925   1380    312    808
   926   1380    312    808
   927   1380    312    808
   928   1380    312    808
   929   1380    312    808
   930   1380    312    808
   931   1380    312    808
   932   1380    312    808
   933   1380    312    808
   934   1380    312    808
   935   1380    312    808
   936   1380    312    808
   937   1380    312    808
   938   1380    312    808
   939   1380    312    808
   940   1380    312    808
   941   1380    312    808
   942   1380    312    808
   943   1380    312    808
   944   1380    312    808
   945   1380    312    808
   946   1380    312    808
   947   1380    312    808
   948   1380    312    808
   949   1380    312    808
   950   1380    312    808
   951   1380    312    808
   952   1380    312    808
   953   1380    312    808
   954   1380    312    808
   955   1380    312    808
   956   1380    312    808
   957   1380    312    808
   958   1380    312    808
   959   1380    312    808
   960   1380    312    808
   961   1380    312    808
   962   1380    312    808
   963   1380    312    808
   964   1380    312    808
   965   1380    312    808
   966   1380    312    808
   967   1380    312    808
   968   1380    312    808
   969   1380    312    808
   970   1380    312    808
   971   1380    312    808
   972   1380    312    808
   973   1380    312    808
   974   1380    312    808
   975   1380    312    808
   976   1380    312    808
   977   1380    312    808
   978   1380    312    808
   979   1380    312    808
   980   1380    312    808
   981   1380    312    808
   982   1380    312    808
   983   1380    312    808
   984   1380    312    808
   985   1380    312    808
   986   1380    312    808
   987   1380    312    808
   988   1380    312    808
   989   1380    312    808
   990   1380    312    808
   991   1380    312    808
   992   1380    312    808
   993   1380    312    808
   994   1380    312    808
   995   1380    312    808
   996   1380    312    808
   997   1380    312    808
   998   1380    312    808
   999   1380    312    808
  1000   1380    312    808
