# time (sweeps) | Susceptible | Infected | Recovered
     0   1212    562    726
     1   1230    559    711
     2   1231    572    697
     3   1233    566    701
     4   1235    565    700
     5   1198    594    708
     6   1187    576    737
     7   1229    551    720
     8   1267    532    701
     9   1301    525    674
    10   1268    563    669
    11   1263    531    706
    12   1271    510    719
    13   1298    508    694
    14   1285    521    694
    15   1313    506    681
    16   1325    491    684
    17   1365    479    656
    18   1357    488    655
    19   1404    464    632
    20   1418    480    602
    21   1401    476    623
    22   1410    491    599
    23   1335    545    620
    24   1269    582    649
    25   1238    591    671
    26   1194    597    709
    27   1195    568    737
    28   1216    561    723
    29   1246    535    719
    30   1225    560    715
    31   1238    510    752
    32   1276    542    682
    33   1252    570    678
    34   1203    581    716
    35   1249    539    712
    36   1229    562    709
    37   1222    557    721
    38   1263    544    693
    39   1260    542    698
    40   1303    532    665
    41   1285    527    688
    42   1307    538    655
    43   1272    563    665
    44   1266    538    696
    45   1292    540    668
    46   1249    510    741
    47   1269    523    708
    48   1256    558    686
    49   1296    525    679
    50   1308    527    665
    51   1272    546    682
    52   1254    567    679
    53   1203    571    726
    54   1221    565    714
    55   1220    552    728
    56   1248    549    703
    57   1235    540    725
    58   1243    547    710
    59   1250    555    695
    60   1257    572    671
    61   1227    560    713
    62   1219    543    738
    63   1256    525    719
    64   1294    529    677
    65   1267    544    689
    66   1247    550    703
    67   1215    552    733
    68   1218    581    701
    69   1227    560    713
    70   1228    559    713
    71   1224    579    697
    72   1200    572    728
    73   1185    587    728
    74   1191    536    773
    75   1203    544    753
    76   1241    558    701
    77   1219    610    671
    78   1185    595    720
    79   1159    625    716
    80   1168    599    733
    81   1150    611    739
    82   1165    602    733
    83   1215    563    722
    84   1219    558    723
    85   1225    543    732
    86   1212    542    746
    87   1243    537    720
    88   1241    550    709
    89   1227    548    725
    90   1255    554    691
    91   1250    571    679
    92   1187    590    723
    93   1195    565    740
    94   1170    613    717
    95   1190    604    706
    96   1187    597    716
    97   1223    579    698
    98   1212    585    703
    99   1143    624    733
   100   1169    577    754
   101   1219    569    712
   102   1253    526    721
   103   1284    522    694
   104   1292    507    701
   105   1291    518    691
   106   1302    517    681
   107   1318    492    690
   108   1289    509    702
   109   1327    489    684
   110   1353    470    677
   111   1328    491    681
   112   1332    509    659
   113   1305    510    685
   114   1279    526    695
   115   1279    515    706
   116   1284    538    678
   117   1248    537    715
   118   1268    530    702
   119   1282    527    691
   120   1277    545    678
   121   1271    550    679
   122   1264    535    701
   123   1268    547    685
   124   1304    511    685
   125   1289    553    658
   126   1270    581    649
   127   1249    575    676
   128   1232    562    706
   129   1230    545    725
   130   1227    556    717
   131   1248    560    692
   132   1237    565    698
   133   1257    531    712
   134   1281    495    724
   135   1340    468    692
   136   1370    481    649
   137   1351    541    608
   138   1316    573    611
   139   1263    589    648
   140   1224    612    664
   141   1194    602    704
   142   1181    614    705
   143   1189    592    719
   144   1204    572    724
   145   1180    606    714
   146   1202    593    705
   147   1217    572    711
   148   1217    578    705
   149   1225    569    706
   150   1210    554    736
   151   1191    542    767
   152   1241    530    729
   153   1234    559    707
   154   1282    525    693
   155   1271    523    706
   156   1286    512    702
   157   1338    528    634
   158   1291    550    659
   159   1297    546    657
   160   1272    559    669
   161   1241    577    682
   162   1227    570    703
   163   1247    559    694
   164   1249    533    718
   165   1259    540    701
   166   1261    522    717
   167   1275    525    700
   168   1285    510    705
   169   1296    511    693
   170   1350    487    663
   171   1368    486    646
   172   1337    517    646
   173   1343    496    661
   174   1349    503    648
   175   1334    544    622
   176   1296    527    677
   177   1278    521    701
   178   1296    516    688
   179   1293    529    678
   180   1297    506    697
   181   1323    494    683
   182   1360    466    674
   183   1378    504    618
   184   1345    509    646
   185   1362    497    641
   186   1314    522    664
   187   1282    513    705
   188   1303    513    684
   189   1285    533    682
   190   1272    553    675
   191   1273    561    666
   192   1210    566    724
   193   1210    543    747
   194   1278    498    724
   195   1302    483    715
   196   1235    538    727
   197   1294    531    675
   198   1281    555    664
   199   1260    539    701
   200   1253    534    713
   201   1275    520    705
   202   1324    517    659
   203   1323    502    675
   204   1337    492    671
   205   1332    517    651
   206   1336    509    655
   207   1334    507    659
   208   1318    500    682
   209   1346    481    673
   210   1352    513    635
   211   1363    519    618
   212   1327    517    656
   213   1294    550    656
   214   1298    535    667
   215   1279    524    697
   216   1269    545    686
   217   1267    545    688
   218   1250    566    684
   219   1236    569    695
   220   1228    571    701
   221   1241    559    700
   222   1252    553    695
   223   1291    503    706
   224   1279    544    677
   225   1288    535    677
   226   1300    543    657
   227   1268    536    696
   228   1259    561    680
   229   1260    560    680
   230   1279    568    653
   231   1260    578    662
   232   1240    577    683
   233   1226    525    749
   234   1235    552    713
   235   1239    551    710
   236   1245    533    722
   237   1291    536    673
   238   1219    603    678
   239   1225    557    718
   240   1199    560    741
   241   1219    561    720
   242   1190    582    728
   243   1187    605    708
   244   1173    590    737
   245   1166    568    766
   246   1176    574    750
   247   1182    571    747
   248   1213    545    742
   249   1237    540    723
   250   1265    544    691
   251   1241    555    704
   252   1237    575    688
   253   1237    569    694
   254   1246    546    708
   255   1285    553    662
   256   1280    527    693
   257   1293    511    696
   258   1257    536    707
   259   1260    523    717
   260   1267    532    701
   261   1304    504    692
   262   1298    523    679
   263   1270    574    656
   264   1255    582    663
   265   1200    569    731
   266   1238    554    708
   267   1236    551    713
   268   1234    562    704
   269   1246    564    690
   270   1223    584    693
   271   1206    558    736
   272   1213    530    757
   273   1213    542    745
   274   1236    552    712
   275   1232    568    700
   276   1243    552    705
   277   1252    523    725
   278   1272    537    691
   279   1281    514    705
   280   1246    526    728
   281   1271    536    693
   282   1271    509    720
   283   1289    504    707
   284   1248    541    711
   285   1241    557    702
   286   1255    516    729
   287   1315    488    697
   288   1353    462    685
   289   1378    478    644
   290   1352    506    642
   291   1335    516    649
   292   1288    558    654
   293   1285    537    678
   294   1267    571    662
   295   1250    575    675
   296   1257    528    715
   297   1272    548    680
   298   1235    543    722
   299   1241    540    719
   300   1250    556    694
   301   1235    576    689
   302   1216    600    684
   303   1236    551    713
   304   1258    524    718
   305   1257    505    738
   306   1275    503    722
   307   1300    518    682
   308   1307    538    655
   309   1299    501    700
   310   1293    520    687
   311   1277    529    694
   312   1257    538    705
   313   1275    565    660
   314   1229    551    720
   315   1270    522    708
   316   1292    530    678
   317   1297    533    670
   318   1266    541    693
   319   1247    562    691
   320   1238    558    704
   321   1250    541    709
   322   1262    526    712
   323   1253    551    696
   324   1239    565    696
   325   1212    568    720
   326   1252    510    738
   327   1264    514    722
   328   1285    499    716
   329   1327    477    696
   330   1316    500    684
   331   1319    518    663
   332   1286    532    682
   333   1269    551    680
   334   1263    553    684
   335   1249    561    690
   336   1193    597    710
   337   1236    542    722
   338   1246    562    692
   339   1235    569    696
   340   1214    565    721
   341   1233    543    724
   342   1257    512    731
   343   1278    497    725
   344   1294    520    686
   345   1281    532    687
   346   1277    516    707
   347   1282    511    707
   348   1310    502    688
   349   1281    573    646
   350   1246    549    705
   351   1236    532    732
   352   1263    540    697
   353   1254    556    690
   354   1263    547    690
   355   1269    542    689
   356   1228    556    716
   357   1241    543    716
   358   1240    547    713
   359   1287    540    673
   360   1268    544    688
   361   1276    532    692
   362   1209    558    733
   363   1175    576    749
   364   1178    572    750
   365   1219    557    724
   366   1273    564    663
   367   1220    605    675
   368   1231    579    690
   369   1201    584    715
   370   1194    609    697
   371   1196    594    710
   372   1212    586    702
   373   1238    560    702
   374   1231    569    700
   375   1236    556    708
   376   1232    566    702
   377   1248    541    711
   378   1241    546    713
   379   1257    564    679
   380   1264    556    680
   381   1277    519    704
   382   1270    549    681
   383   1272    545    683
   384   1248    547    705
   385   1272    515    713
   386   1305    507    688
   387   1292    533    675
   388   1303    543    654
   389   1327    511    662
   390   1321    518    661
   391   1304    556    640
   392   1280    551    669
   393   1262    579    659
   394   1251    562    687
   395   1276    536    688
   396   1256    552    692
   397   1231    555    714
   398   1223    558    719
   399   1260    534    706
   400   1323    483    694
   401   1350    461    689
   402   1358    496    646
   403   1342    493    665
   404   1368    497    635
   405   1351    505    644
   406   1299    557    644
   407   1275    523    702
   408   1298    514    688
   409   1331    497    672
   410   1343    497    660
   411   1327    525    648
   412   1350    488    662
   413   1343    512    645
   414   1328    533    639
   415   1272    570    658
   416   1274    580    646
   417   1267    572    661
   418   1205    595    700
   419   1170    593    737
   420   1214    555    731
   421   1256    516    728
   422   1253    519    728
   423   1287    519    694
   424   1280    551    669
   425   1286    539    675
   426   1304    525    671
   427   1308    522    670
   428   1334    506    660
   429   1310    514    676
   430   1311    510    679
   431   1341    508    651
   432   1332    507    661
   433   1333    536    631
   434   1337    557    606
   435   1330    535    635
   436   1361    494    645
   437   1386    487    627
   438   1383    493    624
   439   1361    525    614
   440   1306    548    646
   441   1301    535    664
   442   1300    528    672
   443   1317    496    687
   444   1308    526    666
   445   1297    513    690
   446   1304    529    667
   447   1257    541    702
   448   1258    542    700
   449   1193    593    714
   450   1193    592    715
   451   1179    585    736
   452   1209    556    735
   453   1221    555    724
   454   1273    540    687
   455   1211    565    724
   456   1200    599    701
   457   1186    605    709
   458   1197    594    709
   459   1188    597    715
   460   1219    543    738
   461   1246    567    687
   462   1236    575    689
   463   1206    623    671
   464   1128    647    725
   465   1126    620    754
   466   1133    611    756
   467   1146    613    741
   468   1157    578    765
   469   1159    595    746
   470   1194    568    738
   471   1216    544    740
   472   1275    514    711
   473   1283    512    705
   474   1284    548    668
   475   1257    558    685
   476   1245    573    682
   477   1249    566    685
   478   1288    549    663
   479   1265    573    662
   480   1197    618    685
   481   1182    613    705
   482   1202    592    706
   483   1229    551    720
   484   1232    548    720
   485   1226    556    718
   486   1237    553    710
   487   1215    575    710
   488   1218    558    724
   489   1257    524    719
   490   1289    534    677
   491   1262    567    671
   492   1197    618    685
   493   1189    591    720
   494   1178    584    738
   495   1212    552    736
   496   1203    547    750
   497   1216    567    717
   498   1245    547    708
   499   1289    520    691
   500   1258    529    713
   501   1271    554    675
   502   1239    558    703
   503   1234    568    698
   504   1216    571    713
   505   1212    557    731
   506   1192    565    743
   507   1220    540    740
   508   1277    521    702
   509   1292    532    676
   510   1303    519    678
   511   1346    487    667
   512   1329    504    667
   513   1323    499    678
   514   1320    526    654
   515   1325    519    656
   516   1385    454    661
   517   1369    495    636
   518   1356    508    636
   519   1324    526    650
   520   1302    566    632
   521   1259    576    665
   522   1231    602    667
   523   1231    570    699
   524   1219    551    730
   525   1261    547    692
   526   1234    556    710
   527   1276    527    697
   528   1247    565    688
   529   1199    589    712
   530   1229    525    746
   531   1227    557    716
   532   1246    572    682
   533   1225    599    676
   534   1213    577    710
   535   1203    585    712
   536   1200    574    726
   537   1210    555    735
   538   1212    551    737
   539   1192    572    736
   540   1181    579    740
   541   1204    576    720
   542   1211    565    724
   543   1188    574    738
   544   1206    568    726
   545   1206    564    730
   546   1209    539    752
   547   1242    534    724
   548   1267    551    682
   549   1251    555    694
   550   1231    564    705
   551   1238    552    710
   552   1257    518    725
   553   1257    535    708
   554   1255    534    711
   555   1248    548    704
   556   1217    578    705
   557   1224    581    695
   558   1237    565    698
   559   1234    578    688
   560   1231    572    697
   561   1240    565    695
   562   1227    584    689
   563   1230    555    715
   564   1273    542    685
   565   1269    548    683
   566   1258    568    674
   567   1247    571    682
   568   1223    582    695
   569   1223    546    731
   570   1221    572    707
   571   1216    564    720
   572   1221    558    721
   573   1221    547    732
   574   1212    552    736
   575   1238    555    707
   576   1255    540    705
   577   1245    562    693
   578   1281    516    703
   579   1286    506    708
   580   1313    494    693
   581   1313    528    659
   582   1283    549    668
   583   1239    561    700
   584   1247    525    728
   585   1248    535    717
   586   1272    520    708
   587   1240    545    715
   588   1211    567    722
   589   1170    601    729
   590   1178    595    727
   591   1148    604    748
   592   1162    573    765
   593   1191    589    720
   594   1229    578    693
   595   1235    600    665
   596   1196    595    709
   597   1218    592    690
   598   1240    555    705
   599   1249    528    723
   600   1257    546    697
   601   1247    568    685
   602   1223    570    707
   603   1243    549    708
   604   1216    584    700
   605   1238    547    715
   606   1225    533    742
   607   1272    525    703
   608   1264    528    708
   609   1315    499    686
   610   1348    487    665
   611   1334    531    635
   612   1300    547    653
   613   1239    584    677
   614   1186    607    707
   615   1207    591    702
   616   1139    608    753
   617   1165    578    757
   618   1250    533    717
   619   1223    576    701
   620   1234    588    678
   621   1221    585    694
   622   1261    569    670
   623   1230    554    716
   624   1230    566    704
   625   1250    548    702
   626   1260    532    708
   627   1262    513    725
   628   1293    519    688
   629   1251    569    680
   630   1250    552    698
   631   1210    548    742
   632   1245    542    713
   633   1272    521    707
   634   1252    555    693
   635   1232    572    696
   636   1226    563    711
   637   1222    573    705
   638   1237    559    704
   639   1193    592    715
   640   1207    562    731
   641   1224    551    725
   642   1261    524    715
   643   1262    560    678
   644   1232    583    685
   645   1237    559    704
   646   1217    578    705
   647   1244    550    706
   648   1259    548    693
   649   1253    539    708
   650   1225    558    717
   651   1243    529    728
   652   1249    548    703
   653   1251    572    677
   654   1216    596    688
   655   1226    572    702
   656   1226    562    712
   657   1233    562    705
   658   1236    555    709
   659   1283    523    694
   660   1287    502    711
   661   1309    512    679
   662   1285    518    697
   663   1356    515    629
   664   1309    532    659
   665   1300    510    690
   666   1327    486    687
   667   1366    478    656
   668   1359    483    658
   669   1361    494    645
   670   1335    530    635
   671   1329    522    649
   672   1328    527    645
   673   1312    523    665
   674   1307    529    664
   675   1293    536    671
   676   1253    556    691
   677   1241    545    714
   678   1256    549    695
   679   1237    585    678
   680   1231    580    689
   681   1237    574    689
   682   1230    597    673
   683   1199    600    701
   684   1202    570    728
   685   1223    588    689
   686   1233    544    723
   687   1238    544    718
   688   1264    555    681
   689   1282    543    675
   690   1239    567    694
   691   1190    609    701
   692   1205    585    710
   693   1185    586    729
   694   1190    576    734
   695   1225    557    718
   696   1242    514    744
   697   1234    561    705
   698   1236    532    732
   699   1271    529    700
   700   1289    515    696
   701   1290    511    699
   702   1296    551    653
   703   1248    561    691
   704   1230    597    673
   705   1175    616    709
   706   1165    596    739
   707   1110    612    778
   708   1151    584    765
   709   1143    574    783
   710   1207    556    737
   711   1250    512    738
   712   1283    516    701
   713   1282    513    705
   714   1295    520    685
   715   1298    527    675
   716   1303    558    639
   717   1285    561    654
   718   1263    546    691
   719   1265    522    713
   720   1281    502    717
   721   1303    519    678
   722   1305    507    688
   723   1317    486    697
   724   1310    493    697
   725   1337    499    664
   726   1359    520    621
   727   1338    515    647
   728   1326    547    627
   729   1317    525    658
   730   1326    504    670
   731   1302    526    672
   732   1319    511    670
   733   1343    485    672
   734   1342    483    675
   735   1362    470    668
   736   1353    492    655
   737   1327    526    647
   738   1315    534    651
   739   1294    545    661
   740   1262    581    657
   741   1230    619    651
   742   1206    620    674
   743   1195    592    713
   744   1192    591    717
   745   1174    601    725
   746   1192    576    732
   747   1180    572    748
   748   1202    545    753
   749   1171    558    771
   750   1247    508    745
   751   1297    522    681
   752   1280    555    665
   753   1286    543    671
   754   1287    561    652
   755   1249    571    680
   756   1268    552    680
   757   1254    535    711
   758   1296    526    678
   759   1310    520    670
   760   1277    535    688
   761   1296    520    684
   762   1267    545    688
   763   1263    544    693
   764   1292    490    718
   765   1336    492    672
   766   1317    497    686
   767   1343    478    679
   768   1327    503    670
   769   1294    528    678
   770   1303    564    633
   771   1238    607    655
   772   1249    561    690
   773   1267    548    685
   774   1282    524    694
   775   1292    514    694
   776   1283    530    687
   777   1276    517    707
   778   1283    511    706
   779   1269    530    701
   780   1296    490    714
   781   1299    496    705
   782   1316    529    655
   783   1326    524    650
   784   1358    488    654
   785   1370    493    637
   786   1335    526    639
   787   1338    519    643
   788   1306    517    677
   789   1262    568    670
   790   1266    555    679
   791   1301    511    688
   792   1298    520    682
   793   1284    528    688
   794   1281    531    688
   795   1295    570    635
   796   1283    552    665
   797   1287    533    680
   798   1296    536    668
   799   1269    546    685
   800   1275    557    668
   801   1286    535    679
   802   1265    551    684
   803   1262    566    672
   804   1280    525    695
   805   1291    527    682
   806   1305    490    705
   807   1333    495    672
   808   1298    527    675
   809   1275    560    665
   810   1267    550    683
   811   1268    572    660
   812   1237    574    689
   813   1235    550    715
   814   1238    588    674
   815   1249    562    689
   816   1240    540    720
   817   1259    515    726
   818   1314    517    669
   819   1287    532    681
   820   1270    543    687
   821   1267    528    705
   822   1278    541    681
   823   1269    556    675
   824   1246    586    668
   825   1249    560    691
   826   1243    556    701
   827   1227    611    662
   828   1206    595    699
   829   1194    604    702
   830   1215    562    723
   831   1206    580    714
   832   1204    555    741
   833   1239    534    727
   834   1205    547    748
   835   1207    534    759
   836   1250    515    735
   837   1301    497    702
   838   1331    525    644
   839   1314    533    653
   840   1314    533    653
   841   1314    533    653
   842   1314    533    653
   843   1314    533    653
   844   1314    533    653
   845   1314    533    653
   846   1314    533    653
   847   1314    533    653
   848   1314    533    653
   849   1314    533    653
   850   1314    533    653
   851   1314    533    653
   852   1314    533    653
   853   1314    533    653
   854   1314    533    653
   855   1314    533    653
   856   1314    533    653
   857   1314    533    653
   858   1314    533    653
   859   1314    533    653
   860   1314    533    653
   861   1314    533    653
   862   1314    533    653
   863   1314    533    653
   864   1314    533    653
   865   1314    533    653
   866   1314    533    653
   867   1314    533    653
   868   1314    533    653
   869   1314    533    653
   870   1314    533    653
   871   1314    533    653
   872   1314    533    653
   873   1314    533    653
   874   1314    533    653
   875   1314    533    653
   876   1314    533    653
   877   1314    533    653
   878   1314    533    653
   879   1314    533    653
   880   1314    533    653
   881   1314    533    653
   882   1314    533    653
   883   1314    533    653
   884   1314    533    653
   885   1314    533    653
   886   1314    533    653
   887   1314    533    653
   888   1314    533    653
   889   1314    533    653
   890   1314    533    653
   891   1314    533    653
   892   1314    533    653
   893   1314    533    653
   894   1314    533    653
   895   1314    533    653
   896   1314    533    653
   897   1314    533    653
   898   1314    533    653
   899   1314    533    653
   900   1314    533    653
   901   1314    533    653
   902   1314    533    653
   903   1314    533    653
   904   1314    533    653
   905   1314    533    653
   906   1314    533    653
   907   1314    533    653
   908   1314    533    653
   909   1314    533    653
   910   1314    533    653
   911   1314    533    653
   912   1314    533    653
   913   1314    533    653
   914   1314    533    653
   915   1314    533    653
   916   1314    533    653
   917   1314    533    653
   918   1314    533    653
   919   1314    533    653
   920   1314    533    653
   921   1314    533    653
   922   1314    533    653
   923   1314    533    653
   924   1314    533    653
   925   1314    533    653
   926   1314    533    653
   927   1314    533    653
   928   1314    533    653
   929   1314    533    653
   930   1314    533    653
   931   1314    533    653
   932   1314    533    653
   933   1314    533    653
   934   1314    533    653
   935   1314    533    653
   936   1314    533    653
   937   1314    533    653
   938   1314    533    653
   939   1314    533    653
   940   1314    533    653
   941   1314    533    653
   942   1314    533    653
   943   1314    533    653
   944   1314    533    653
   945   1314    533    653
   946   1314    533    653
   947   1314    533    653
   948   1314    533    653
   949   1314    533    653
   950   1314    533    653
   951   1314    533    653
   952   1314    533    653
   953   1314    533    653
   954   1314    533    653
   955   1314    533    653
   956   1314    533    653
   957   1314    533    653
   958   1314    533    653
   959   1314    533    653
   960   1314    533    653
   961   1314    533    653
   962   1314    533    653
   963   1314    533    653
   964   1314    533    653
   965   1314    533    653
   966   1314    533    653
   967   1314    533    653
   968   1314    533    653
   969   1314    533    653
   970   1314    533    653
   971   1314    533    653
   972   1314    533    653
   973   1314    533    653
   974   1314    533    653
   975   1314    533    653
   976   1314    533    653
   977   1314    533    653
   978   1314    533    653
   979   1314    533    653
   980   1314    533    653
   981   1314    533    653
   982   1314    533    653
   983   1314    533    653
   984   1314    533    653
   985   1314    533    653
   986   1314    533    653
   987   1314    533    653
   988   1314    533    653
   989   1314    533    653
   990   1314    533    653
   991   1314    533    653
   992   1314    533    653
   993   1314    533    653
   994   1314    533    653
   995   1314    533    653
   996   1314    533    653
   997   1314    533    653
   998   1314    533    653
   999   1314    533    653
  1000   1314    533    653
