# time (sweeps) | Susceptible | Infected | Recovered
     0    480      0   2020
     1    480      0   2020
     2    480      0   2020
     3    480      0   2020
     4    480      0   2020
     5    480      0   2020
     6    480      0   2020
     7    480      0   2020
     8    480      0   2020
     9    480      0   2020
    10    480      0   2020
    11    480      0   2020
    12    480      0   2020
    13    480      0   2020
    14    480      0   2020
    15    480      0   2020
    16    480      0   2020
    17    480      0   2020
    18    480      0   2020
    19    480      0   2020
    20    480      0   2020
    21    480      0   2020
    22    480      0   2020
    23    480      0   2020
    24    480      0   2020
    25    480      0   2020
    26    480      0   2020
    27    480      0   2020
    28    480      0   2020
    29    480      0   2020
    30    480      0   2020
    31    480      0   2020
    32    480      0   2020
    33    480      0   2020
    34    480      0   2020
    35    480      0   2020
    36    480      0   2020
    37    480      0   2020
    38    480      0   2020
    39    480      0   2020
    40    480      0   2020
    41    480      0   2020
    42    480      0   2020
    43    480      0   2020
    44    480      0   2020
    45    480      0   2020
    46    480      0   2020
    47    480      0   2020
    48    480      0   2020
    49    480      0   2020
    50    480      0   2020
    51    480      0   2020
    52    480      0   2020
    53    480      0   2020
    54    480      0   2020
    55    480      0   2020
    56    480      0   2020
    57    480      0   2020
    58    480      0   2020
    59    480      0   2020
    60    480      0   2020
    61    480      0   2020
    62    480      0   2020
    63    480      0   2020
    64    480      0   2020
    65    480      0   2020
    66    480      0   2020
    67    480      0   2020
    68    480      0   2020
    69    480      0   2020
    70    480      0   2020
    71    480      0   2020
    72    480      0   2020
    73    480      0   2020
    74    480      0   2020
    75    480      0   2020
    76    480      0   2020
    77    480      0   2020
    78    480      0   2020
    79    480      0   2020
    80    480      0   2020
    81    480      0   2020
    82    480      0   2020
    83    480      0   2020
    84    480      0   2020
    85    480      0   2020
    86    480      0   2020
    87    480      0   2020
    88    480      0   2020
    89    480      0   2020
    90    480      0   2020
    91    480      0   2020
    92    480      0   2020
    93    480      0   2020
    94    480      0   2020
    95    480      0   2020
    96    480      0   2020
    97    480      0   2020
    98    480      0   2020
    99    480      0   2020
   100    480      0   2020
   101    480      0   2020
   102    480      0   2020
   103    480      0   2020
   104    480      0   2020
   105    480      0   2020
   106    480      0   2020
   107    480      0   2020
   108    480      0   2020
   109    480      0   2020
   110    480      0   2020
   111    480      0   2020
   112    480      0   2020
   113    480      0   2020
   114    480      0   2020
   115    480      0   2020
   116    480      0   2020
   117    480      0   2020
   118    480      0   2020
   119    480      0   2020
   120    480      0   2020
   121    480      0   2020
   122    480      0   2020
   123    480      0   2020
   124    480      0   2020
   125    480      0   2020
   126    480      0   2020
   127    480      0   2020
   128    480      0   2020
   129    480      0   2020
   130    480      0   2020
   131    480      0   2020
   132    480      0   2020
   133    480      0   2020
   134    480      0   2020
   135    480      0   2020
   136    480      0   2020
   137    480      0   2020
   138    480      0   2020
   139    480      0   2020
   140    480      0   2020
   141    480      0   2020
   142    480      0   2020
   143    480      0   2020
   144    480      0   2020
   145    480      0   2020
   146    480      0   2020
   147    480      0   2020
   148    480      0   2020
   149    480      0   2020
   150    480      0   2020
   151    480      0   2020
   152    480      0   2020
   153    480      0   2020
   154    480      0   2020
   155    480      0   2020
   156    480      0   2020
   157    480      0   2020
   158    480      0   2020
   159    480      0   2020
   160    480      0   2020
   161    480      0   2020
   162    480      0   2020
   163    480      0   2020
   164    480      0   2020
   165    480      0   2020
   166    480      0   2020
   167    480      0   2020
   168    480      0   2020
   169    480      0   2020
   170    480      0   2020
   171    480      0   2020
   172    480      0   2020
   173    480      0   2020
   174    480      0   2020
   175    480      0   2020
   176    480      0   2020
   177    480      0   2020
   178    480      0   2020
   179    480      0   2020
   180    480      0   2020
   181    480      0   2020
   182    480      0   2020
   183    480      0   2020
   184    480      0   2020
   185    480      0   2020
   186    480      0   2020
   187    480      0   2020
   188    480      0   2020
   189    480      0   2020
   190    480      0   2020
   191    480      0   2020
   192    480      0   2020
   193    480      0   2020
   194    480      0   2020
   195    480      0   2020
   196    480      0   2020
   197    480      0   2020
   198    480      0   2020
   199    480      0   2020
   200    480      0   2020
   201    480      0   2020
   202    480      0   2020
   203    480      0   2020
   204    480      0   2020
   205    480      0   2020
   206    480      0   2020
   207    480      0   2020
   208    480      0   2020
   209    480      0   2020
   210    480      0   2020
   211    480      0   2020
   212    480      0   2020
   213    480      0   2020
   214    480      0   2020
   215    480      0   2020
   216    480      0   2020
   217    480      0   2020
   218    480      0   2020
   219    480      0   2020
   220    480      0   2020
   221    480      0   2020
   222    480      0   2020
   223    480      0   2020
   224    480      0   2020
   225    480      0   2020
   226    480      0   2020
   227    480      0   2020
   228    480      0   2020
   229    480      0   2020
   230    480      0   2020
   231    480      0   2020
   232    480      0   2020
   233    480      0   2020
   234    480      0   2020
   235    480      0   2020
   236    480      0   2020
   237    480      0   2020
   238    480      0   2020
   239    480      0   2020
   240    480      0   2020
   241    480      0   2020
   242    480      0   2020
   243    480      0   2020
   244    480      0   2020
   245    480      0   2020
   246    480      0   2020
   247    480      0   2020
   248    480      0   2020
   249    480      0   2020
   250    480      0   2020
   251    480      0   2020
   252    480      0   2020
   253    480      0   2020
   254    480      0   2020
   255    480      0   2020
   256    480      0   2020
   257    480      0   2020
   258    480      0   2020
   259    480      0   2020
   260    480      0   2020
   261    480      0   2020
   262    480      0   2020
   263    480      0   2020
   264    480      0   2020
   265    480      0   2020
   266    480      0   2020
   267    480      0   2020
   268    480      0   2020
   269    480      0   2020
   270    480      0   2020
   271    480      0   2020
   272    480      0   2020
   273    480      0   2020
   274    480      0   2020
   275    480      0   2020
   276    480      0   2020
   277    480      0   2020
   278    480      0   2020
   279    480      0   2020
   280    480      0   2020
   281    480      0   2020
   282    480      0   2020
   283    480      0   2020
   284    480      0   2020
   285    480      0   2020
   286    480      0   2020
   287    480      0   2020
   288    480      0   2020
   289    480      0   2020
   290    480      0   2020
   291    480      0   2020
   292    480      0   2020
   293    480      0   2020
   294    480      0   2020
   295    480      0   2020
   296    480      0   2020
   297    480      0   2020
   298    480      0   2020
   299    480      0   2020
   300    480      0   2020
   301    480      0   2020
   302    480      0   2020
   303    480      0   2020
   304    480      0   2020
   305    480      0   2020
   306    480      0   2020
   307    480      0   2020
   308    480      0   2020
   309    480      0   2020
   310    480      0   2020
   311    480      0   2020
   312    480      0   2020
   313    480      0   2020
   314    480      0   2020
   315    480      0   2020
   316    480      0   2020
   317    480      0   2020
   318    480      0   2020
   319    480      0   2020
   320    480      0   2020
   321    480      0   2020
   322    480      0   2020
   323    480      0   2020
   324    480      0   2020
   325    480      0   2020
   326    480      0   2020
   327    480      0   2020
   328    480      0   2020
   329    480      0   2020
   330    480      0   2020
   331    480      0   2020
   332    480      0   2020
   333    480      0   2020
   334    480      0   2020
   335    480      0   2020
   336    480      0   2020
   337    480      0   2020
   338    480      0   2020
   339    480      0   2020
   340    480      0   2020
   341    480      0   2020
   342    480      0   2020
   343    480      0   2020
   344    480      0   2020
   345    480      0   2020
   346    480      0   2020
   347    480      0   2020
   348    480      0   2020
   349    480      0   2020
   350    480      0   2020
   351    480      0   2020
   352    480      0   2020
   353    480      0   2020
   354    480      0   2020
   355    480      0   2020
   356    480      0   2020
   357    480      0   2020
   358    480      0   2020
   359    480      0   2020
   360    480      0   2020
   361    480      0   2020
   362    480      0   2020
   363    480      0   2020
   364    480      0   2020
   365    480      0   2020
   366    480      0   2020
   367    480      0   2020
   368    480      0   2020
   369    480      0   2020
   370    480      0   2020
   371    480      0   2020
   372    480      0   2020
   373    480      0   2020
   374    480      0   2020
   375    480      0   2020
   376    480      0   2020
   377    480      0   2020
   378    480      0   2020
   379    480      0   2020
   380    480      0   2020
   381    480      0   2020
   382    480      0   2020
   383    480      0   2020
   384    480      0   2020
   385    480      0   2020
   386    480      0   2020
   387    480      0   2020
   388    480      0   2020
   389    480      0   2020
   390    480      0   2020
   391    480      0   2020
   392    480      0   2020
   393    480      0   2020
   394    480      0   2020
   395    480      0   2020
   396    480      0   2020
   397    480      0   2020
   398    480      0   2020
   399    480      0   2020
   400    480      0   2020
   401    480      0   2020
   402    480      0   2020
   403    480      0   2020
   404    480      0   2020
   405    480      0   2020
   406    480      0   2020
   407    480      0   2020
   408    480      0   2020
   409    480      0   2020
   410    480      0   2020
   411    480      0   2020
   412    480      0   2020
   413    480      0   2020
   414    480      0   2020
   415    480      0   2020
   416    480      0   2020
   417    480      0   2020
   418    480      0   2020
   419    480      0   2020
   420    480      0   2020
   421    480      0   2020
   422    480      0   2020
   423    480      0   2020
   424    480      0   2020
   425    480      0   2020
   426    480      0   2020
   427    480      0   2020
   428    480      0   2020
   429    480      0   2020
   430    480      0   2020
   431    480      0   2020
   432    480      0   2020
   433    480      0   2020
   434    480      0   2020
   435    480      0   2020
   436    480      0   2020
   437    480      0   2020
   438    480      0   2020
   439    480      0   2020
   440    480      0   2020
   441    480      0   2020
   442    480      0   2020
   443    480      0   2020
   444    480      0   2020
   445    480      0   2020
   446    480      0   2020
   447    480      0   2020
   448    480      0   2020
   449    480      0   2020
   450    480      0   2020
   451    480      0   2020
   452    480      0   2020
   453    480      0   2020
   454    480      0   2020
   455    480      0   2020
   456    480      0   2020
   457    480      0   2020
   458    480      0   2020
   459    480      0   2020
   460    480      0   2020
   461    480      0   2020
   462    480      0   2020
   463    480      0   2020
   464    480      0   2020
   465    480      0   2020
   466    480      0   2020
   467    480      0   2020
   468    480      0   2020
   469    480      0   2020
   470    480      0   2020
   471    480      0   2020
   472    480      0   2020
   473    480      0   2020
   474    480      0   2020
   475    480      0   2020
   476    480      0   2020
   477    480      0   2020
   478    480      0   2020
   479    480      0   2020
   480    480      0   2020
   481    480      0   2020
   482    480      0   2020
   483    480      0   2020
   484    480      0   2020
   485    480      0   2020
   486    480      0   2020
   487    480      0   2020
   488    480      0   2020
   489    480      0   2020
   490    480      0   2020
   491    480      0   2020
   492    480      0   2020
   493    480      0   2020
   494    480      0   2020
   495    480      0   2020
   496    480      0   2020
   497    480      0   2020
   498    480      0   2020
   499    480      0   2020
   500    480      0   2020
   501    480      0   2020
   502    480      0   2020
   503    480      0   2020
   504    480      0   2020
   505    480      0   2020
   506    480      0   2020
   507    480      0   2020
   508    480      0   2020
   509    480      0   2020
   510    480      0   2020
   511    480      0   2020
   512    480      0   2020
   513    480      0   2020
   514    480      0   2020
   515    480      0   2020
   516    480      0   2020
   517    480      0   2020
   518    480      0   2020
   519    480      0   2020
   520    480      0   2020
   521    480      0   2020
   522    480      0   2020
   523    480      0   2020
   524    480      0   2020
   525    480      0   2020
   526    480      0   2020
   527    480      0   2020
   528    480      0   2020
   529    480      0   2020
   530    480      0   2020
   531    480      0   2020
   532    480      0   2020
   533    480      0   2020
   534    480      0   2020
   535    480      0   2020
   536    480      0   2020
   537    480      0   2020
   538    480      0   2020
   539    480      0   2020
   540    480      0   2020
   541    480      0   2020
   542    480      0   2020
   543    480      0   2020
   544    480      0   2020
   545    480      0   2020
   546    480      0   2020
   547    480      0   2020
   548    480      0   2020
   549    480      0   2020
   550    480      0   2020
   551    480      0   2020
   552    480      0   2020
   553    480      0   2020
   554    480      0   2020
   555    480      0   2020
   556    480      0   2020
   557    480      0   2020
   558    480      0   2020
   559    480      0   2020
   560    480      0   2020
   561    480      0   2020
   562    480      0   2020
   563    480      0   2020
   564    480      0   2020
   565    480      0   2020
   566    480      0   2020
   567    480      0   2020
   568    480      0   2020
   569    480      0   2020
   570    480      0   2020
   571    480      0   2020
   572    480      0   2020
   573    480      0   2020
   574    480      0   2020
   575    480      0   2020
   576    480      0   2020
   577    480      0   2020
   578    480      0   2020
   579    480      0   2020
   580    480      0   2020
   581    480      0   2020
   582    480      0   2020
   583    480      0   2020
   584    480      0   2020
   585    480      0   2020
   586    480      0   2020
   587    480      0   2020
   588    480      0   2020
   589    480      0   2020
   590    480      0   2020
   591    480      0   2020
   592    480      0   2020
   593    480      0   2020
   594    480      0   2020
   595    480      0   2020
   596    480      0   2020
   597    480      0   2020
   598    480      0   2020
   599    480      0   2020
   600    480      0   2020
   601    480      0   2020
   602    480      0   2020
   603    480      0   2020
   604    480      0   2020
   605    480      0   2020
   606    480      0   2020
   607    480      0   2020
   608    480      0   2020
   609    480      0   2020
   610    480      0   2020
   611    480      0   2020
   612    480      0   2020
   613    480      0   2020
   614    480      0   2020
   615    480      0   2020
   616    480      0   2020
   617    480      0   2020
   618    480      0   2020
   619    480      0   2020
   620    480      0   2020
   621    480      0   2020
   622    480      0   2020
   623    480      0   2020
   624    480      0   2020
   625    480      0   2020
   626    480      0   2020
   627    480      0   2020
   628    480      0   2020
   629    480      0   2020
   630    480      0   2020
   631    480      0   2020
   632    480      0   2020
   633    480      0   2020
   634    480      0   2020
   635    480      0   2020
   636    480      0   2020
   637    480      0   2020
   638    480      0   2020
   639    480      0   2020
   640    480      0   2020
   641    480      0   2020
   642    480      0   2020
   643    480      0   2020
   644    480      0   2020
   645    480      0   2020
   646    480      0   2020
   647    480      0   2020
   648    480      0   2020
   649    480      0   2020
   650    480      0   2020
   651    480      0   2020
   652    480      0   2020
   653    480      0   2020
   654    480      0   2020
   655    480      0   2020
   656    480      0   2020
   657    480      0   2020
   658    480      0   2020
   659    480      0   2020
   660    480      0   2020
   661    480      0   2020
   662    480      0   2020
   663    480      0   2020
   664    480      0   2020
   665    480      0   2020
   666    480      0   2020
   667    480      0   2020
   668    480      0   2020
   669    480      0   2020
   670    480      0   2020
   671    480      0   2020
   672    480      0   2020
   673    480      0   2020
   674    480      0   2020
   675    480      0   2020
   676    480      0   2020
   677    480      0   2020
   678    480      0   2020
   679    480      0   2020
   680    480      0   2020
   681    480      0   2020
   682    480      0   2020
   683    480      0   2020
   684    480      0   2020
   685    480      0   2020
   686    480      0   2020
   687    480      0   2020
   688    480      0   2020
   689    480      0   2020
   690    480      0   2020
   691    480      0   2020
   692    480      0   2020
   693    480      0   2020
   694    480      0   2020
   695    480      0   2020
   696    480      0   2020
   697    480      0   2020
   698    480      0   2020
   699    480      0   2020
   700    480      0   2020
   701    480      0   2020
   702    480      0   2020
   703    480      0   2020
   704    480      0   2020
   705    480      0   2020
   706    480      0   2020
   707    480      0   2020
   708    480      0   2020
   709    480      0   2020
   710    480      0   2020
   711    480      0   2020
   712    480      0   2020
   713    480      0   2020
   714    480      0   2020
   715    480      0   2020
   716    480      0   2020
   717    480      0   2020
   718    480      0   2020
   719    480      0   2020
   720    480      0   2020
   721    480      0   2020
   722    480      0   2020
   723    480      0   2020
   724    480      0   2020
   725    480      0   2020
   726    480      0   2020
   727    480      0   2020
   728    480      0   2020
   729    480      0   2020
   730    480      0   2020
   731    480      0   2020
   732    480      0   2020
   733    480      0   2020
   734    480      0   2020
   735    480      0   2020
   736    480      0   2020
   737    480      0   2020
   738    480      0   2020
   739    480      0   2020
   740    480      0   2020
   741    480      0   2020
   742    480      0   2020
   743    480      0   2020
   744    480      0   2020
   745    480      0   2020
   746    480      0   2020
   747    480      0   2020
   748    480      0   2020
   749    480      0   2020
   750    480      0   2020
   751    480      0   2020
   752    480      0   2020
   753    480      0   2020
   754    480      0   2020
   755    480      0   2020
   756    480      0   2020
   757    480      0   2020
   758    480      0   2020
   759    480      0   2020
   760    480      0   2020
   761    480      0   2020
   762    480      0   2020
   763    480      0   2020
   764    480      0   2020
   765    480      0   2020
   766    480      0   2020
   767    480      0   2020
   768    480      0   2020
   769    480      0   2020
   770    480      0   2020
   771    480      0   2020
   772    480      0   2020
   773    480      0   2020
   774    480      0   2020
   775    480      0   2020
   776    480      0   2020
   777    480      0   2020
   778    480      0   2020
   779    480      0   2020
   780    480      0   2020
   781    480      0   2020
   782    480      0   2020
   783    480      0   2020
   784    480      0   2020
   785    480      0   2020
   786    480      0   2020
   787    480      0   2020
   788    480      0   2020
   789    480      0   2020
   790    480      0   2020
   791    480      0   2020
   792    480      0   2020
   793    480      0   2020
   794    480      0   2020
   795    480      0   2020
   796    480      0   2020
   797    480      0   2020
   798    480      0   2020
   799    480      0   2020
   800    480      0   2020
   801    480      0   2020
   802    480      0   2020
   803    480      0   2020
   804    480      0   2020
   805    480      0   2020
   806    480      0   2020
   807    480      0   2020
   808    480      0   2020
   809    480      0   2020
   810    480      0   2020
   811    480      0   2020
   812    480      0   2020
   813    480      0   2020
   814    480      0   2020
   815    480      0   2020
   816    480      0   2020
   817    480      0   2020
   818    480      0   2020
   819    480      0   2020
   820    480      0   2020
   821    480      0   2020
   822    480      0   2020
   823    480      0   2020
   824    480      0   2020
   825    480      0   2020
   826    480      0   2020
   827    480      0   2020
   828    480      0   2020
   829    480      0   2020
   830    480      0   2020
   831    480      0   2020
   832    480      0   2020
   833    480      0   2020
   834    480      0   2020
   835    480      0   2020
   836    480      0   2020
   837    480      0   2020
   838    480      0   2020
   839    480      0   2020
   840    480      0   2020
   841    480      0   2020
   842    480      0   2020
   843    480      0   2020
   844    480      0   2020
   845    480      0   2020
   846    480      0   2020
   847    480      0   2020
   848    480      0   2020
   849    480      0   2020
   850    480      0   2020
   851    480      0   2020
   852    480      0   2020
   853    480      0   2020
   854    480      0   2020
   855    480      0   2020
   856    480      0   2020
   857    480      0   2020
   858    480      0   2020
   859    480      0   2020
   860    480      0   2020
   861    480      0   2020
   862    480      0   2020
   863    480      0   2020
   864    480      0   2020
   865    480      0   2020
   866    480      0   2020
   867    480      0   2020
   868    480      0   2020
   869    480      0   2020
   870    480      0   2020
   871    480      0   2020
   872    480      0   2020
   873    480      0   2020
   874    480      0   2020
   875    480      0   2020
   876    480      0   2020
   877    480      0   2020
   878    480      0   2020
   879    480      0   2020
   880    480      0   2020
   881    480      0   2020
   882    480      0   2020
   883    480      0   2020
   884    480      0   2020
   885    480      0   2020
   886    480      0   2020
   887    480      0   2020
   888    480      0   2020
   889    480      0   2020
   890    480      0   2020
   891    480      0   2020
   892    480      0   2020
   893    480      0   2020
   894    480      0   2020
   895    480      0   2020
   896    480      0   2020
   897    480      0   2020
   898    480      0   2020
   899    480      0   2020
   900    480      0   2020
   901    480      0   2020
   902    480      0   2020
   903    480      0   2020
   904    480      0   2020
   905    480      0   2020
   906    480      0   2020
   907    480      0   2020
   908    480      0   2020
   909    480      0   2020
   910    480      0   2020
   911    480      0   2020
   912    480      0   2020
   913    480      0   2020
   914    480      0   2020
   915    480      0   2020
   916    480      0   2020
   917    480      0   2020
   918    480      0   2020
   919    480      0   2020
   920    480      0   2020
   921    480      0   2020
   922    480      0   2020
   923    480      0   2020
   924    480      0   2020
   925    480      0   2020
   926    480      0   2020
   927    480      0   2020
   928    480      0   2020
   929    480      0   2020
   930    480      0   2020
   931    480      0   2020
   932    480      0   2020
   933    480      0   2020
   934    480      0   2020
   935    480      0   2020
   936    480      0   2020
   937    480      0   2020
   938    480      0   2020
   939    480      0   2020
   940    480      0   2020
   941    480      0   2020
   942    480      0   2020
   943    480      0   2020
   944    480      0   2020
   945    480      0   2020
   946    480      0   2020
   947    480      0   2020
   948    480      0   2020
   949    480      0   2020
   950    480      0   2020
   951    480      0   2020
   952    480      0   2020
   953    480      0   2020
   954    480      0   2020
   955    480      0   2020
   956    480      0   2020
   957    480      0   2020
   958    480      0   2020
   959    480      0   2020
   960    480      0   2020
   961    480      0   2020
   962    480      0   2020
   963    480      0   2020
   964    480      0   2020
   965    480      0   2020
   966    480      0   2020
   967    480      0   2020
   968    480      0   2020
   969    480      0   2020
   970    480      0   2020
   971    480      0   2020
   972    480      0   2020
   973    480      0   2020
   974    480      0   2020
   975    480      0   2020
   976    480      0   2020
   977    480      0   2020
   978    480      0   2020
   979    480      0   2020
   980    480      0   2020
   981    480      0   2020
   982    480      0   2020
   983    480      0   2020
   984    480      0   2020
   985    480      0   2020
   986    480      0   2020
   987    480      0   2020
   988    480      0   2020
   989    480      0   2020
   990    480      0   2020
   991    480      0   2020
   992    480      0   2020
   993    480      0   2020
   994    480      0   2020
   995    480      0   2020
   996    480      0   2020
   997    480      0   2020
   998    480      0   2020
   999    480      0   2020
  1000    480      0   2020
