# time (sweeps) | total free energy density
      0 5.735828
     20 -1.189416
     40 -1.778164
     60 -2.046881
     80 -2.239500
    100 -2.411055
    120 -2.579731
    140 -2.753184
    160 -2.935298
    180 -3.128411
    200 -3.334162
    220 -3.553857
    240 -3.788637
    260 -4.039565
    280 -4.307659
    300 -4.593920
    320 -4.899336
    340 -5.224887
    360 -5.571542
    380 -5.940253
    400 -6.331954
    420 -6.747545
    440 -7.187888
    460 -7.653796
    480 -8.146018
    500 -8.665231
    520 -9.212026
    540 -9.786893
    560 -10.390211
    580 -11.022232
    600 -11.683072
    620 -12.372695
    640 -13.090903
    660 -13.837331
    680 -14.611433
    700 -15.412480
    720 -16.239553
    740 -17.091549
    760 -17.967178
    780 -18.864971
    800 -19.783287
    820 -20.720330
    840 -21.674162
    860 -22.642723
    880 -23.623853
    900 -24.615315
    920 -25.614823
    940 -26.620068
    960 -27.628746
    980 -28.638584
   1000 -29.647364
   1020 -30.652949
   1040 -31.653303
   1060 -32.646507
   1080 -33.630776
   1100 -34.604470
   1120 -35.566101
   1140 -36.514338
   1160 -37.448011
   1180 -38.366108
   1200 -39.267775
   1220 -40.152310
   1240 -41.019159
   1260 -41.867910
   1280 -42.698282
   1300 -43.510123
   1320 -44.303397
   1340 -45.078178
   1360 -45.834639
   1380 -46.573046
   1400 -47.293745
   1420 -47.997155
   1440 -48.683757
   1460 -49.354081
   1480 -50.008701
   1500 -50.648217
   1520 -51.273251
   1540 -51.884431
   1560 -52.482382
   1580 -53.067719
   1600 -53.641037
   1620 -54.202904
   1640 -54.753855
   1660 -55.294389
   1680 -55.824969
   1700 -56.346016
   1720 -56.857914
   1740 -57.361013
   1760 -57.855626
   1780 -58.342039
   1800 -58.820512
   1820 -59.291283
   1840 -59.754570
   1860 -60.210576
   1880 -60.659493
   1900 -61.101498
   1920 -61.536761
   1940 -61.965440
   1960 -62.387685
   1980 -62.803639
   2000 -63.213435
   2020 -63.617200
   2040 -64.015055
   2060 -64.407118
   2080 -64.793502
   2100 -65.174320
   2120 -65.549685
   2140 -65.919710
   2160 -66.284515
   2180 -66.644217
   2200 -66.998941
   2220 -67.348813
   2240 -67.693962
   2260 -68.034519
   2280 -68.370617
   2300 -68.702388
   2320 -69.029967
   2340 -69.353483
   2360 -69.673068
   2380 -69.988846
   2400 -70.300943
   2420 -70.609478
   2440 -70.914566
   2460 -71.216318
   2480 -71.514842
   2500 -71.810239
   2520 -72.102609
   2540 -72.392044
   2560 -72.678638
   2580 -72.962476
   2600 -73.243646
   2620 -73.522228
   2640 -73.798303
   2660 -74.071951
   2680 -74.343248
   2700 -74.612269
   2720 -74.879086
   2740 -75.143773
   2760 -75.406399
   2780 -75.667032
   2800 -75.925740
   2820 -76.182589
   2840 -76.437642
   2860 -76.690962
   2880 -76.942611
   2900 -77.192650
   2920 -77.441136
   2940 -77.688127
   2960 -77.933681
   2980 -78.177851
   3000 -78.420692
   3020 -78.662256
   3040 -78.902593
   3060 -79.141752
   3080 -79.379781
   3100 -79.616724
   3120 -79.852626
   3140 -80.087528
   3160 -80.321469
   3180 -80.554486
   3200 -80.786616
   3220 -81.017890
   3240 -81.248341
   3260 -81.477998
   3280 -81.706888
   3300 -81.935037
   3320 -82.162470
   3340 -82.389207
   3360 -82.615270
   3380 -82.840678
   3400 -83.065449
   3420 -83.289598
   3440 -83.513139
   3460 -83.736088
   3480 -83.958454
   3500 -84.180249
   3520 -84.401482
   3540 -84.622162
   3560 -84.842296
   3580 -85.061890
   3600 -85.280949
   3620 -85.499479
   3640 -85.717484
   3660 -85.934966
   3680 -86.151929
   3700 -86.368377
   3720 -86.584310
   3740 -86.799733
   3760 -87.014645
   3780 -87.229050
   3800 -87.442948
   3820 -87.656341
   3840 -87.869229
   3860 -88.081612
   3880 -88.293491
   3900 -88.504865
   3920 -88.715731
   3940 -88.926088
   3960 -89.135933
   3980 -89.345263
   4000 -89.554073
   4020 -89.762359
   4040 -89.970116
   4060 -90.177339
   4080 -90.384022
   4100 -90.590160
   4120 -90.795748
   4140 -91.000781
   4160 -91.205255
   4180 -91.409164
   4200 -91.612507
   4220 -91.815280
   4240 -92.017481
   4260 -92.219107
   4280 -92.420158
   4300 -92.620631
   4320 -92.820525
   4340 -93.019839
   4360 -93.218570
   4380 -93.416715
   4400 -93.614270
   4420 -93.811231
   4440 -94.007591
   4460 -94.203343
   4480 -94.398476
   4500 -94.592980
   4520 -94.786841
   4540 -94.980046
   4560 -95.172577
   4580 -95.364418
   4600 -95.555548
   4620 -95.745948
   4640 -95.935596
   4660 -96.124472
   4680 -96.312552
   4700 -96.499815
   4720 -96.686240
   4740 -96.871807
   4760 -97.056495
   4780 -97.240287
   4800 -97.423165
   4820 -97.605115
   4840 -97.786124
   4860 -97.966179
   4880 -98.145270
   4900 -98.323389
   4920 -98.500528
   4940 -98.676683
   4960 -98.851848
   4980 -99.026021
   5000 -99.199199
   5020 -99.371381
   5040 -99.542568
   5060 -99.712758
   5080 -99.881956
   5100 -100.050162
   5120 -100.217380
   5140 -100.383615
   5160 -100.548871
   5180 -100.713155
   5200 -100.876472
   5220 -101.038832
   5240 -101.200240
   5260 -101.360706
   5280 -101.520239
   5300 -101.678848
   5320 -101.836541
   5340 -101.993329
   5360 -102.149221
   5380 -102.304226
   5400 -102.458352
   5420 -102.611610
   5440 -102.764006
   5460 -102.915549
   5480 -103.066246
   5500 -103.216104
   5520 -103.365131
   5540 -103.513332
   5560 -103.660713
   5580 -103.807280
   5600 -103.953038
   5620 -104.097992
   5640 -104.242149
   5660 -104.385513
   5680 -104.528089
   5700 -104.669883
   5720 -104.810900
   5740 -104.951146
   5760 -105.090628
   5780 -105.229351
   5800 -105.367322
   5820 -105.504548
   5840 -105.641036
   5860 -105.776794
   5880 -105.911828
   5900 -106.046147
   5920 -106.179759
   5940 -106.312672
   5960 -106.444893
   5980 -106.576432
   6000 -106.707296
   6020 -106.837494
   6040 -106.967034
   6060 -107.095924
   6080 -107.224173
   6100 -107.351788
   6120 -107.478777
   6140 -107.605148
   6160 -107.730908
   6180 -107.856066
   6200 -107.980627
   6220 -108.104600
   6240 -108.227991
   6260 -108.350807
   6280 -108.473055
   6300 -108.594740
   6320 -108.715869
   6340 -108.836449
   6360 -108.956485
   6380 -109.075983
   6400 -109.194949
   6420 -109.313388
   6440 -109.431306
   6460 -109.548708
   6480 -109.665599
   6500 -109.781985
   6520 -109.897869
   6540 -110.013258
   6560 -110.128156
   6580 -110.242568
   6600 -110.356497
   6620 -110.469948
   6640 -110.582926
   6660 -110.695434
   6680 -110.807477
   6700 -110.919057
   6720 -111.030178
   6740 -111.140845
   6760 -111.251059
   6780 -111.360824
   6800 -111.470143
   6820 -111.579018
   6840 -111.687453
   6860 -111.795450
   6880 -111.903011
   6900 -112.010138
   6920 -112.116835
   6940 -112.223103
   6960 -112.328946
   6980 -112.434365
   7000 -112.539364
   7020 -112.643946
   7040 -112.748113
   7060 -112.851870
   7080 -112.955220
   7100 -113.058166
   7120 -113.160714
   7140 -113.262868
   7160 -113.364632
   7180 -113.466012
   7200 -113.567013
   7220 -113.667641
   7240 -113.767902
   7260 -113.867801
   7280 -113.967345
   7300 -114.066540
   7320 -114.165392
   7340 -114.263907
   7360 -114.362092
   7380 -114.459951
   7400 -114.557492
   7420 -114.654719
   7440 -114.751638
   7460 -114.848253
   7480 -114.944570
   7500 -115.040592
   7520 -115.136324
   7540 -115.231769
   7560 -115.326931
   7580 -115.421812
   7600 -115.516415
   7620 -115.610743
   7640 -115.704797
   7660 -115.798582
   7680 -115.892098
   7700 -115.985347
   7720 -116.078332
   7740 -116.171055
   7760 -116.263518
   7780 -116.355725
   7800 -116.447676
   7820 -116.539376
   7840 -116.630827
   7860 -116.722032
   7880 -116.812996
   7900 -116.903721
   7920 -116.994210
   7940 -117.084469
   7960 -117.174500
   7980 -117.264307
   8000 -117.353895
   8020 -117.443266
   8040 -117.532424
   8060 -117.621373
   8080 -117.710114
   8100 -117.798651
   8120 -117.886985
   8140 -117.975118
   8160 -118.063051
   8180 -118.150783
   8200 -118.238316
   8220 -118.325647
   8240 -118.412775
   8260 -118.499698
   8280 -118.586412
   8300 -118.672916
   8320 -118.759205
   8340 -118.845274
   8360 -118.931120
   8380 -119.016737
   8400 -119.102121
   8420 -119.187267
   8440 -119.272171
   8460 -119.356828
   8480 -119.441233
   8500 -119.525384
   8520 -119.609276
   8540 -119.692907
   8560 -119.776274
   8580 -119.859376
   8600 -119.942210
   8620 -120.024777
   8640 -120.107075
   8660 -120.189106
   8680 -120.270869
   8700 -120.352366
   8720 -120.433598
   8740 -120.514568
   8760 -120.595277
   8780 -120.675729
   8800 -120.755926
   8820 -120.835871
   8840 -120.915567
   8860 -120.995019
   8880 -121.074228
   8900 -121.153201
   8920 -121.231939
   8940 -121.310447
   8960 -121.388729
   8980 -121.466788
   9000 -121.544628
   9020 -121.622253
   9040 -121.699667
   9060 -121.776874
   9080 -121.853876
   9100 -121.930677
   9120 -122.007281
   9140 -122.083692
   9160 -122.159911
   9180 -122.235944
   9200 -122.311793
   9220 -122.387461
   9240 -122.462951
   9260 -122.538267
   9280 -122.613412
   9300 -122.688390
   9320 -122.763203
   9340 -122.837855
   9360 -122.912350
   9380 -122.986691
   9400 -123.060882
   9420 -123.134926
   9440 -123.208827
   9460 -123.282589
   9480 -123.356217
   9500 -123.429713
   9520 -123.503083
   9540 -123.576329
   9560 -123.649456
   9580 -123.722468
   9600 -123.795368
   9620 -123.868160
   9640 -123.940847
   9660 -124.013433
   9680 -124.085920
   9700 -124.158310
   9720 -124.230606
   9740 -124.302809
   9760 -124.374920
   9780 -124.446941
   9800 -124.518870
   9820 -124.590708
   9840 -124.662454
   9860 -124.734107
   9880 -124.805664
   9900 -124.877124
   9920 -124.948483
   9940 -125.019739
   9960 -125.090889
   9980 -125.161928
  10000 -125.232853
  10020 -125.303660
  10040 -125.374345
  10060 -125.444904
  10080 -125.515333
  10100 -125.585628
  10120 -125.655784
  10140 -125.725799
  10160 -125.795668
  10180 -125.865388
  10200 -125.934956
  10220 -126.004369
  10240 -126.073624
  10260 -126.142717
  10280 -126.211648
  10300 -126.280412
  10320 -126.349009
  10340 -126.417436
  10360 -126.485691
  10380 -126.553772
  10400 -126.621679
  10420 -126.689409
  10440 -126.756962
  10460 -126.824335
  10480 -126.891529
  10500 -126.958541
  10520 -127.025372
  10540 -127.092019
  10560 -127.158483
  10580 -127.224763
  10600 -127.290858
  10620 -127.356768
  10640 -127.422491
  10660 -127.488029
  10680 -127.553379
  10700 -127.618543
  10720 -127.683519
  10740 -127.748308
  10760 -127.812909
  10780 -127.877322
  10800 -127.941547
  10820 -128.005584
  10840 -128.069433
  10860 -128.133094
  10880 -128.196566
  10900 -128.259851
  10920 -128.322947
  10940 -128.385855
  10960 -128.448575
  10980 -128.511107
  11000 -128.573451
  11020 -128.635607
  11040 -128.697576
  11060 -128.759356
  11080 -128.820949
  11100 -128.882355
  11120 -128.943573
  11140 -129.004603
  11160 -129.065447
  11180 -129.126104
  11200 -129.186573
  11220 -129.246856
  11240 -129.306952
  11260 -129.366862
  11280 -129.426586
  11300 -129.486124
  11320 -129.545477
  11340 -129.604644
  11360 -129.663626
  11380 -129.722425
  11400 -129.781039
  11420 -129.839470
  11440 -129.897719
  11460 -129.955786
  11480 -130.013672
  11500 -130.071377
  11520 -130.128903
  11540 -130.186251
  11560 -130.243422
  11580 -130.300416
  11600 -130.357234
  11620 -130.413879
  11640 -130.470352
  11660 -130.526652
  11680 -130.582783
  11700 -130.638745
  11720 -130.694540
  11740 -130.750169
  11760 -130.805634
  11780 -130.860936
  11800 -130.916077
  11820 -130.971059
  11840 -131.025882
  11860 -131.080550
  11880 -131.135062
  11900 -131.189422
  11920 -131.243630
  11940 -131.297688
  11960 -131.351599
  11980 -131.405363
  12000 -131.458982
  12020 -131.512459
  12040 -131.565795
  12060 -131.618990
  12080 -131.672048
  12100 -131.724970
  12120 -131.777756
  12140 -131.830410
  12160 -131.882931
  12180 -131.935323
  12200 -131.987585
  12220 -132.039719
  12240 -132.091727
  12260 -132.143609
  12280 -132.195367
  12300 -132.247001
  12320 -132.298513
  12340 -132.349902
  12360 -132.401170
  12380 -132.452317
  12400 -132.503343
  12420 -132.554249
  12440 -132.605035
  12460 -132.655700
  12480 -132.706245
  12500 -132.756669
  12520 -132.806972
  12540 -132.857154
  12560 -132.907213
  12580 -132.957150
  12600 -133.006963
  12620 -133.056652
  12640 -133.106215
  12660 -133.155652
  12680 -133.204962
  12700 -133.254144
  12720 -133.303196
  12740 -133.352118
  12760 -133.400908
  12780 -133.449565
  12800 -133.498088
  12820 -133.546475
  12840 -133.594727
  12860 -133.642842
  12880 -133.690818
  12900 -133.738655
  12920 -133.786352
  12940 -133.833909
  12960 -133.881324
  12980 -133.928597
  13000 -133.975727
  13020 -134.022715
  13040 -134.069559
  13060 -134.116260
  13080 -134.162818
  13100 -134.209232
  13120 -134.255502
  13140 -134.301630
  13160 -134.347614
  13180 -134.393456
  13200 -134.439156
  13220 -134.484715
  13240 -134.530133
  13260 -134.575411
  13280 -134.620550
  13300 -134.665551
  13320 -134.710415
  13340 -134.755142
  13360 -134.799734
  13380 -134.844192
  13400 -134.888517
  13420 -134.932710
  13440 -134.976772
  13460 -135.020705
  13480 -135.064510
  13500 -135.108187
  13520 -135.151738
  13540 -135.195165
  13560 -135.238468
  13580 -135.281648
  13600 -135.324707
  13620 -135.367645
  13640 -135.410465
  13660 -135.453166
  13680 -135.495749
  13700 -135.538217
  13720 -135.580569
  13740 -135.622806
  13760 -135.664930
  13780 -135.706941
  13800 -135.748840
  13820 -135.790628
  13840 -135.832304
  13860 -135.873871
  13880 -135.915329
  13900 -135.956678
  13920 -135.997919
  13940 -136.039052
  13960 -136.080079
  13980 -136.120999
  14000 -136.161814
  14020 -136.202524
  14040 -136.243129
  14060 -136.283630
  14080 -136.324028
  14100 -136.364324
  14120 -136.404517
  14140 -136.444609
  14160 -136.484601
  14180 -136.524492
  14200 -136.564284
  14220 -136.603977
  14240 -136.643573
  14260 -136.683072
  14280 -136.722474
  14300 -136.761781
  14320 -136.800993
  14340 -136.840112
  14360 -136.879138
  14380 -136.918072
  14400 -136.956915
  14420 -136.995668
  14440 -137.034331
  14460 -137.072907
  14480 -137.111395
  14500 -137.149798
  14520 -137.188115
  14540 -137.226349
  14560 -137.264499
  14580 -137.302568
  14600 -137.340555
  14620 -137.378463
  14640 -137.416293
  14660 -137.454045
  14680 -137.491720
  14700 -137.529320
  14720 -137.566846
  14740 -137.604299
  14760 -137.641681
  14780 -137.678991
  14800 -137.716232
  14820 -137.753405
  14840 -137.790510
  14860 -137.827549
  14880 -137.864524
  14900 -137.901434
  14920 -137.938282
  14940 -137.975069
  14960 -138.011795
  14980 -138.048463
  15000 -138.085072
  15020 -138.121625
  15040 -138.158123
  15060 -138.194566
  15080 -138.230956
  15100 -138.267294
  15120 -138.303581
  15140 -138.339819
  15160 -138.376009
  15180 -138.412151
  15200 -138.448248
  15220 -138.484299
  15240 -138.520307
  15260 -138.556273
  15280 -138.592197
  15300 -138.628082
  15320 -138.663927
  15340 -138.699735
  15360 -138.735506
  15380 -138.771242
  15400 -138.806943
  15420 -138.842611
  15440 -138.878247
  15460 -138.913852
  15480 -138.949428
  15500 -138.984974
  15520 -139.020493
  15540 -139.055985
  15560 -139.091451
  15580 -139.126893
  15600 -139.162310
  15620 -139.197705
  15640 -139.233079
  15660 -139.268431
  15680 -139.303762
  15700 -139.339075
  15720 -139.374368
  15740 -139.409644
  15760 -139.444902
  15780 -139.480144
  15800 -139.515369
  15820 -139.550578
  15840 -139.585772
  15860 -139.620951
  15880 -139.656115
  15900 -139.691264
  15920 -139.726398
  15940 -139.761517
  15960 -139.796622
  15980 -139.831711
  16000 -139.866784
  16020 -139.901842
  16040 -139.936883
  16060 -139.971907
  16080 -140.006913
  16100 -140.041900
  16120 -140.076867
  16140 -140.111815
  16160 -140.146740
  16180 -140.181643
  16200 -140.216521
  16220 -140.251375
  16240 -140.286202
  16260 -140.321002
  16280 -140.355772
  16300 -140.390513
  16320 -140.425221
  16340 -140.459897
  16360 -140.494538
  16380 -140.529143
  16400 -140.563711
  16420 -140.598241
  16440 -140.632731
  16460 -140.667180
  16480 -140.701587
  16500 -140.735951
  16520 -140.770271
  16540 -140.804544
  16560 -140.838772
  16580 -140.872951
  16600 -140.907082
  16620 -140.941164
  16640 -140.975195
  16660 -141.009174
  16680 -141.043102
  16700 -141.076976
  16720 -141.110797
  16740 -141.144563
  16760 -141.178274
  16780 -141.211928
  16800 -141.245527
  16820 -141.279068
  16840 -141.312551
  16860 -141.345976
  16880 -141.379343
  16900 -141.412649
  16920 -141.445896
  16940 -141.479083
  16960 -141.512208
  16980 -141.545273
  17000 -141.578276
  17020 -141.611218
  17040 -141.644097
  17060 -141.676914
  17080 -141.709668
  17100 -141.742360
  17120 -141.774988
  17140 -141.807554
  17160 -141.840057
  17180 -141.872496
  17200 -141.904873
  17220 -141.937186
  17240 -141.969436
  17260 -142.001624
  17280 -142.033749
  17300 -142.065811
  17320 -142.097811
  17340 -142.129750
  17360 -142.161626
  17380 -142.193441
  17400 -142.225195
  17420 -142.256889
  17440 -142.288522
  17460 -142.320096
  17480 -142.351610
  17500 -142.383065
  17520 -142.414462
  17540 -142.445800
  17560 -142.477082
  17580 -142.508306
  17600 -142.539475
  17620 -142.570587
  17640 -142.601644
  17660 -142.632646
  17680 -142.663594
  17700 -142.694488
  17720 -142.725329
  17740 -142.756117
  17760 -142.786853
  17780 -142.817538
  17800 -142.848171
  17820 -142.878753
  17840 -142.909285
  17860 -142.939767
  17880 -142.970200
  17900 -143.000583
  17920 -143.030918
  17940 -143.061204
  17960 -143.091442
  17980 -143.121633
  18000 -143.151775
  18020 -143.181871
  18040 -143.211919
  18060 -143.241920
  18080 -143.271874
  18100 -143.301782
  18120 -143.331643
  18140 -143.361458
  18160 -143.391227
  18180 -143.420949
  18200 -143.450625
  18220 -143.480255
  18240 -143.509839
  18260 -143.539376
  18280 -143.568868
  18300 -143.598313
  18320 -143.627713
  18340 -143.657066
  18360 -143.686374
  18380 -143.715636
  18400 -143.744851
  18420 -143.774021
  18440 -143.803145
  18460 -143.832223
  18480 -143.861255
  18500 -143.890242
  18520 -143.919184
  18540 -143.948079
  18560 -143.976930
  18580 -144.005735
  18600 -144.034496
  18620 -144.063212
  18640 -144.091883
  18660 -144.120509
  18680 -144.149092
  18700 -144.177631
  18720 -144.206125
  18740 -144.234577
  18760 -144.262985
  18780 -144.291350
  18800 -144.319673
  18820 -144.347953
  18840 -144.376191
  18860 -144.404387
  18880 -144.432542
  18900 -144.460656
  18920 -144.488729
  18940 -144.516762
  18960 -144.544754
  18980 -144.572706
  19000 -144.600619
  19020 -144.628493
  19040 -144.656327
  19060 -144.684123
  19080 -144.711881
  19100 -144.739601
  19120 -144.767282
  19140 -144.794927
  19160 -144.822534
  19180 -144.850105
  19200 -144.877639
  19220 -144.905136
  19240 -144.932597
  19260 -144.960023
  19280 -144.987413
  19300 -145.014768
  19320 -145.042087
  19340 -145.069371
  19360 -145.096621
  19380 -145.123836
  19400 -145.151017
  19420 -145.178164
  19440 -145.205276
  19460 -145.232355
  19480 -145.259400
  19500 -145.286411
  19520 -145.313389
  19540 -145.340334
  19560 -145.367246
  19580 -145.394124
  19600 -145.420969
  19620 -145.447782
  19640 -145.474561
  19660 -145.501308
  19680 -145.528022
  19700 -145.554703
  19720 -145.581352
  19740 -145.607969
  19760 -145.634553
  19780 -145.661104
  19800 -145.687623
  19820 -145.714110
  19840 -145.740564
  19860 -145.766986
  19880 -145.793376
  19900 -145.819733
  19920 -145.846059
  19940 -145.872352
  19960 -145.898613
  19980 -145.924842
  20000 -145.951038
