# time (sweeps) | Susceptible | Infected | Recovered
     0     52      0   2448
     1     52      0   2448
     2     52      0   2448
     3     52      0   2448
     4     52      0   2448
     5     52      0   2448
     6     52      0   2448
     7     52      0   2448
     8     52      0   2448
     9     52      0   2448
    10     52      0   2448
    11     52      0   2448
    12     52      0   2448
    13     52      0   2448
    14     52      0   2448
    15     52      0   2448
    16     52      0   2448
    17     52      0   2448
    18     52      0   2448
    19     52      0   2448
    20     52      0   2448
    21     52      0   2448
    22     52      0   2448
    23     52      0   2448
    24     52      0   2448
    25     52      0   2448
    26     52      0   2448
    27     52      0   2448
    28     52      0   2448
    29     52      0   2448
    30     52      0   2448
    31     52      0   2448
    32     52      0   2448
    33     52      0   2448
    34     52      0   2448
    35     52      0   2448
    36     52      0   2448
    37     52      0   2448
    38     52      0   2448
    39     52      0   2448
    40     52      0   2448
    41     52      0   2448
    42     52      0   2448
    43     52      0   2448
    44     52      0   2448
    45     52      0   2448
    46     52      0   2448
    47     52      0   2448
    48     52      0   2448
    49     52      0   2448
    50     52      0   2448
    51     52      0   2448
    52     52      0   2448
    53     52      0   2448
    54     52      0   2448
    55     52      0   2448
    56     52      0   2448
    57     52      0   2448
    58     52      0   2448
    59     52      0   2448
    60     52      0   2448
    61     52      0   2448
    62     52      0   2448
    63     52      0   2448
    64     52      0   2448
    65     52      0   2448
    66     52      0   2448
    67     52      0   2448
    68     52      0   2448
    69     52      0   2448
    70     52      0   2448
    71     52      0   2448
    72     52      0   2448
    73     52      0   2448
    74     52      0   2448
    75     52      0   2448
    76     52      0   2448
    77     52      0   2448
    78     52      0   2448
    79     52      0   2448
    80     52      0   2448
    81     52      0   2448
    82     52      0   2448
    83     52      0   2448
    84     52      0   2448
    85     52      0   2448
    86     52      0   2448
    87     52      0   2448
    88     52      0   2448
    89     52      0   2448
    90     52      0   2448
    91     52      0   2448
    92     52      0   2448
    93     52      0   2448
    94     52      0   2448
    95     52      0   2448
    96     52      0   2448
    97     52      0   2448
    98     52      0   2448
    99     52      0   2448
   100     52      0   2448
   101     52      0   2448
   102     52      0   2448
   103     52      0   2448
   104     52      0   2448
   105     52      0   2448
   106     52      0   2448
   107     52      0   2448
   108     52      0   2448
   109     52      0   2448
   110     52      0   2448
   111     52      0   2448
   112     52      0   2448
   113     52      0   2448
   114     52      0   2448
   115     52      0   2448
   116     52      0   2448
   117     52      0   2448
   118     52      0   2448
   119     52      0   2448
   120     52      0   2448
   121     52      0   2448
   122     52      0   2448
   123     52      0   2448
   124     52      0   2448
   125     52      0   2448
   126     52      0   2448
   127     52      0   2448
   128     52      0   2448
   129     52      0   2448
   130     52      0   2448
   131     52      0   2448
   132     52      0   2448
   133     52      0   2448
   134     52      0   2448
   135     52      0   2448
   136     52      0   2448
   137     52      0   2448
   138     52      0   2448
   139     52      0   2448
   140     52      0   2448
   141     52      0   2448
   142     52      0   2448
   143     52      0   2448
   144     52      0   2448
   145     52      0   2448
   146     52      0   2448
   147     52      0   2448
   148     52      0   2448
   149     52      0   2448
   150     52      0   2448
   151     52      0   2448
   152     52      0   2448
   153     52      0   2448
   154     52      0   2448
   155     52      0   2448
   156     52      0   2448
   157     52      0   2448
   158     52      0   2448
   159     52      0   2448
   160     52      0   2448
   161     52      0   2448
   162     52      0   2448
   163     52      0   2448
   164     52      0   2448
   165     52      0   2448
   166     52      0   2448
   167     52      0   2448
   168     52      0   2448
   169     52      0   2448
   170     52      0   2448
   171     52      0   2448
   172     52      0   2448
   173     52      0   2448
   174     52      0   2448
   175     52      0   2448
   176     52      0   2448
   177     52      0   2448
   178     52      0   2448
   179     52      0   2448
   180     52      0   2448
   181     52      0   2448
   182     52      0   2448
   183     52      0   2448
   184     52      0   2448
   185     52      0   2448
   186     52      0   2448
   187     52      0   2448
   188     52      0   2448
   189     52      0   2448
   190     52      0   2448
   191     52      0   2448
   192     52      0   2448
   193     52      0   2448
   194     52      0   2448
   195     52      0   2448
   196     52      0   2448
   197     52      0   2448
   198     52      0   2448
   199     52      0   2448
   200     52      0   2448
   201     52      0   2448
   202     52      0   2448
   203     52      0   2448
   204     52      0   2448
   205     52      0   2448
   206     52      0   2448
   207     52      0   2448
   208     52      0   2448
   209     52      0   2448
   210     52      0   2448
   211     52      0   2448
   212     52      0   2448
   213     52      0   2448
   214     52      0   2448
   215     52      0   2448
   216     52      0   2448
   217     52      0   2448
   218     52      0   2448
   219     52      0   2448
   220     52      0   2448
   221     52      0   2448
   222     52      0   2448
   223     52      0   2448
   224     52      0   2448
   225     52      0   2448
   226     52      0   2448
   227     52      0   2448
   228     52      0   2448
   229     52      0   2448
   230     52      0   2448
   231     52      0   2448
   232     52      0   2448
   233     52      0   2448
   234     52      0   2448
   235     52      0   2448
   236     52      0   2448
   237     52      0   2448
   238     52      0   2448
   239     52      0   2448
   240     52      0   2448
   241     52      0   2448
   242     52      0   2448
   243     52      0   2448
   244     52      0   2448
   245     52      0   2448
   246     52      0   2448
   247     52      0   2448
   248     52      0   2448
   249     52      0   2448
   250     52      0   2448
   251     52      0   2448
   252     52      0   2448
   253     52      0   2448
   254     52      0   2448
   255     52      0   2448
   256     52      0   2448
   257     52      0   2448
   258     52      0   2448
   259     52      0   2448
   260     52      0   2448
   261     52      0   2448
   262     52      0   2448
   263     52      0   2448
   264     52      0   2448
   265     52      0   2448
   266     52      0   2448
   267     52      0   2448
   268     52      0   2448
   269     52      0   2448
   270     52      0   2448
   271     52      0   2448
   272     52      0   2448
   273     52      0   2448
   274     52      0   2448
   275     52      0   2448
   276     52      0   2448
   277     52      0   2448
   278     52      0   2448
   279     52      0   2448
   280     52      0   2448
   281     52      0   2448
   282     52      0   2448
   283     52      0   2448
   284     52      0   2448
   285     52      0   2448
   286     52      0   2448
   287     52      0   2448
   288     52      0   2448
   289     52      0   2448
   290     52      0   2448
   291     52      0   2448
   292     52      0   2448
   293     52      0   2448
   294     52      0   2448
   295     52      0   2448
   296     52      0   2448
   297     52      0   2448
   298     52      0   2448
   299     52      0   2448
   300     52      0   2448
   301     52      0   2448
   302     52      0   2448
   303     52      0   2448
   304     52      0   2448
   305     52      0   2448
   306     52      0   2448
   307     52      0   2448
   308     52      0   2448
   309     52      0   2448
   310     52      0   2448
   311     52      0   2448
   312     52      0   2448
   313     52      0   2448
   314     52      0   2448
   315     52      0   2448
   316     52      0   2448
   317     52      0   2448
   318     52      0   2448
   319     52      0   2448
   320     52      0   2448
   321     52      0   2448
   322     52      0   2448
   323     52      0   2448
   324     52      0   2448
   325     52      0   2448
   326     52      0   2448
   327     52      0   2448
   328     52      0   2448
   329     52      0   2448
   330     52      0   2448
   331     52      0   2448
   332     52      0   2448
   333     52      0   2448
   334     52      0   2448
   335     52      0   2448
   336     52      0   2448
   337     52      0   2448
   338     52      0   2448
   339     52      0   2448
   340     52      0   2448
   341     52      0   2448
   342     52      0   2448
   343     52      0   2448
   344     52      0   2448
   345     52      0   2448
   346     52      0   2448
   347     52      0   2448
   348     52      0   2448
   349     52      0   2448
   350     52      0   2448
   351     52      0   2448
   352     52      0   2448
   353     52      0   2448
   354     52      0   2448
   355     52      0   2448
   356     52      0   2448
   357     52      0   2448
   358     52      0   2448
   359     52      0   2448
   360     52      0   2448
   361     52      0   2448
   362     52      0   2448
   363     52      0   2448
   364     52      0   2448
   365     52      0   2448
   366     52      0   2448
   367     52      0   2448
   368     52      0   2448
   369     52      0   2448
   370     52      0   2448
   371     52      0   2448
   372     52      0   2448
   373     52      0   2448
   374     52      0   2448
   375     52      0   2448
   376     52      0   2448
   377     52      0   2448
   378     52      0   2448
   379     52      0   2448
   380     52      0   2448
   381     52      0   2448
   382     52      0   2448
   383     52      0   2448
   384     52      0   2448
   385     52      0   2448
   386     52      0   2448
   387     52      0   2448
   388     52      0   2448
   389     52      0   2448
   390     52      0   2448
   391     52      0   2448
   392     52      0   2448
   393     52      0   2448
   394     52      0   2448
   395     52      0   2448
   396     52      0   2448
   397     52      0   2448
   398     52      0   2448
   399     52      0   2448
   400     52      0   2448
   401     52      0   2448
   402     52      0   2448
   403     52      0   2448
   404     52      0   2448
   405     52      0   2448
   406     52      0   2448
   407     52      0   2448
   408     52      0   2448
   409     52      0   2448
   410     52      0   2448
   411     52      0   2448
   412     52      0   2448
   413     52      0   2448
   414     52      0   2448
   415     52      0   2448
   416     52      0   2448
   417     52      0   2448
   418     52      0   2448
   419     52      0   2448
   420     52      0   2448
   421     52      0   2448
   422     52      0   2448
   423     52      0   2448
   424     52      0   2448
   425     52      0   2448
   426     52      0   2448
   427     52      0   2448
   428     52      0   2448
   429     52      0   2448
   430     52      0   2448
   431     52      0   2448
   432     52      0   2448
   433     52      0   2448
   434     52      0   2448
   435     52      0   2448
   436     52      0   2448
   437     52      0   2448
   438     52      0   2448
   439     52      0   2448
   440     52      0   2448
   441     52      0   2448
   442     52      0   2448
   443     52      0   2448
   444     52      0   2448
   445     52      0   2448
   446     52      0   2448
   447     52      0   2448
   448     52      0   2448
   449     52      0   2448
   450     52      0   2448
   451     52      0   2448
   452     52      0   2448
   453     52      0   2448
   454     52      0   2448
   455     52      0   2448
   456     52      0   2448
   457     52      0   2448
   458     52      0   2448
   459     52      0   2448
   460     52      0   2448
   461     52      0   2448
   462     52      0   2448
   463     52      0   2448
   464     52      0   2448
   465     52      0   2448
   466     52      0   2448
   467     52      0   2448
   468     52      0   2448
   469     52      0   2448
   470     52      0   2448
   471     52      0   2448
   472     52      0   2448
   473     52      0   2448
   474     52      0   2448
   475     52      0   2448
   476     52      0   2448
   477     52      0   2448
   478     52      0   2448
   479     52      0   2448
   480     52      0   2448
   481     52      0   2448
   482     52      0   2448
   483     52      0   2448
   484     52      0   2448
   485     52      0   2448
   486     52      0   2448
   487     52      0   2448
   488     52      0   2448
   489     52      0   2448
   490     52      0   2448
   491     52      0   2448
   492     52      0   2448
   493     52      0   2448
   494     52      0   2448
   495     52      0   2448
   496     52      0   2448
   497     52      0   2448
   498     52      0   2448
   499     52      0   2448
   500     52      0   2448
   501     52      0   2448
   502     52      0   2448
   503     52      0   2448
   504     52      0   2448
   505     52      0   2448
   506     52      0   2448
   507     52      0   2448
   508     52      0   2448
   509     52      0   2448
   510     52      0   2448
   511     52      0   2448
   512     52      0   2448
   513     52      0   2448
   514     52      0   2448
   515     52      0   2448
   516     52      0   2448
   517     52      0   2448
   518     52      0   2448
   519     52      0   2448
   520     52      0   2448
   521     52      0   2448
   522     52      0   2448
   523     52      0   2448
   524     52      0   2448
   525     52      0   2448
   526     52      0   2448
   527     52      0   2448
   528     52      0   2448
   529     52      0   2448
   530     52      0   2448
   531     52      0   2448
   532     52      0   2448
   533     52      0   2448
   534     52      0   2448
   535     52      0   2448
   536     52      0   2448
   537     52      0   2448
   538     52      0   2448
   539     52      0   2448
   540     52      0   2448
   541     52      0   2448
   542     52      0   2448
   543     52      0   2448
   544     52      0   2448
   545     52      0   2448
   546     52      0   2448
   547     52      0   2448
   548     52      0   2448
   549     52      0   2448
   550     52      0   2448
   551     52      0   2448
   552     52      0   2448
   553     52      0   2448
   554     52      0   2448
   555     52      0   2448
   556     52      0   2448
   557     52      0   2448
   558     52      0   2448
   559     52      0   2448
   560     52      0   2448
   561     52      0   2448
   562     52      0   2448
   563     52      0   2448
   564     52      0   2448
   565     52      0   2448
   566     52      0   2448
   567     52      0   2448
   568     52      0   2448
   569     52      0   2448
   570     52      0   2448
   571     52      0   2448
   572     52      0   2448
   573     52      0   2448
   574     52      0   2448
   575     52      0   2448
   576     52      0   2448
   577     52      0   2448
   578     52      0   2448
   579     52      0   2448
   580     52      0   2448
   581     52      0   2448
   582     52      0   2448
   583     52      0   2448
   584     52      0   2448
   585     52      0   2448
   586     52      0   2448
   587     52      0   2448
   588     52      0   2448
   589     52      0   2448
   590     52      0   2448
   591     52      0   2448
   592     52      0   2448
   593     52      0   2448
   594     52      0   2448
   595     52      0   2448
   596     52      0   2448
   597     52      0   2448
   598     52      0   2448
   599     52      0   2448
   600     52      0   2448
   601     52      0   2448
   602     52      0   2448
   603     52      0   2448
   604     52      0   2448
   605     52      0   2448
   606     52      0   2448
   607     52      0   2448
   608     52      0   2448
   609     52      0   2448
   610     52      0   2448
   611     52      0   2448
   612     52      0   2448
   613     52      0   2448
   614     52      0   2448
   615     52      0   2448
   616     52      0   2448
   617     52      0   2448
   618     52      0   2448
   619     52      0   2448
   620     52      0   2448
   621     52      0   2448
   622     52      0   2448
   623     52      0   2448
   624     52      0   2448
   625     52      0   2448
   626     52      0   2448
   627     52      0   2448
   628     52      0   2448
   629     52      0   2448
   630     52      0   2448
   631     52      0   2448
   632     52      0   2448
   633     52      0   2448
   634     52      0   2448
   635     52      0   2448
   636     52      0   2448
   637     52      0   2448
   638     52      0   2448
   639     52      0   2448
   640     52      0   2448
   641     52      0   2448
   642     52      0   2448
   643     52      0   2448
   644     52      0   2448
   645     52      0   2448
   646     52      0   2448
   647     52      0   2448
   648     52      0   2448
   649     52      0   2448
   650     52      0   2448
   651     52      0   2448
   652     52      0   2448
   653     52      0   2448
   654     52      0   2448
   655     52      0   2448
   656     52      0   2448
   657     52      0   2448
   658     52      0   2448
   659     52      0   2448
   660     52      0   2448
   661     52      0   2448
   662     52      0   2448
   663     52      0   2448
   664     52      0   2448
   665     52      0   2448
   666     52      0   2448
   667     52      0   2448
   668     52      0   2448
   669     52      0   2448
   670     52      0   2448
   671     52      0   2448
   672     52      0   2448
   673     52      0   2448
   674     52      0   2448
   675     52      0   2448
   676     52      0   2448
   677     52      0   2448
   678     52      0   2448
   679     52      0   2448
   680     52      0   2448
   681     52      0   2448
   682     52      0   2448
   683     52      0   2448
   684     52      0   2448
   685     52      0   2448
   686     52      0   2448
   687     52      0   2448
   688     52      0   2448
   689     52      0   2448
   690     52      0   2448
   691     52      0   2448
   692     52      0   2448
   693     52      0   2448
   694     52      0   2448
   695     52      0   2448
   696     52      0   2448
   697     52      0   2448
   698     52      0   2448
   699     52      0   2448
   700     52      0   2448
   701     52      0   2448
   702     52      0   2448
   703     52      0   2448
   704     52      0   2448
   705     52      0   2448
   706     52      0   2448
   707     52      0   2448
   708     52      0   2448
   709     52      0   2448
   710     52      0   2448
   711     52      0   2448
   712     52      0   2448
   713     52      0   2448
   714     52      0   2448
   715     52      0   2448
   716     52      0   2448
   717     52      0   2448
   718     52      0   2448
   719     52      0   2448
   720     52      0   2448
   721     52      0   2448
   722     52      0   2448
   723     52      0   2448
   724     52      0   2448
   725     52      0   2448
   726     52      0   2448
   727     52      0   2448
   728     52      0   2448
   729     52      0   2448
   730     52      0   2448
   731     52      0   2448
   732     52      0   2448
   733     52      0   2448
   734     52      0   2448
   735     52      0   2448
   736     52      0   2448
   737     52      0   2448
   738     52      0   2448
   739     52      0   2448
   740     52      0   2448
   741     52      0   2448
   742     52      0   2448
   743     52      0   2448
   744     52      0   2448
   745     52      0   2448
   746     52      0   2448
   747     52      0   2448
   748     52      0   2448
   749     52      0   2448
   750     52      0   2448
   751     52      0   2448
   752     52      0   2448
   753     52      0   2448
   754     52      0   2448
   755     52      0   2448
   756     52      0   2448
   757     52      0   2448
   758     52      0   2448
   759     52      0   2448
   760     52      0   2448
   761     52      0   2448
   762     52      0   2448
   763     52      0   2448
   764     52      0   2448
   765     52      0   2448
   766     52      0   2448
   767     52      0   2448
   768     52      0   2448
   769     52      0   2448
   770     52      0   2448
   771     52      0   2448
   772     52      0   2448
   773     52      0   2448
   774     52      0   2448
   775     52      0   2448
   776     52      0   2448
   777     52      0   2448
   778     52      0   2448
   779     52      0   2448
   780     52      0   2448
   781     52      0   2448
   782     52      0   2448
   783     52      0   2448
   784     52      0   2448
   785     52      0   2448
   786     52      0   2448
   787     52      0   2448
   788     52      0   2448
   789     52      0   2448
   790     52      0   2448
   791     52      0   2448
   792     52      0   2448
   793     52      0   2448
   794     52      0   2448
   795     52      0   2448
   796     52      0   2448
   797     52      0   2448
   798     52      0   2448
   799     52      0   2448
   800     52      0   2448
   801     52      0   2448
   802     52      0   2448
   803     52      0   2448
   804     52      0   2448
   805     52      0   2448
   806     52      0   2448
   807     52      0   2448
   808     52      0   2448
   809     52      0   2448
   810     52      0   2448
   811     52      0   2448
   812     52      0   2448
   813     52      0   2448
   814     52      0   2448
   815     52      0   2448
   816     52      0   2448
   817     52      0   2448
   818     52      0   2448
   819     52      0   2448
   820     52      0   2448
   821     52      0   2448
   822     52      0   2448
   823     52      0   2448
   824     52      0   2448
   825     52      0   2448
   826     52      0   2448
   827     52      0   2448
   828     52      0   2448
   829     52      0   2448
   830     52      0   2448
   831     52      0   2448
   832     52      0   2448
   833     52      0   2448
   834     52      0   2448
   835     52      0   2448
   836     52      0   2448
   837     52      0   2448
   838     52      0   2448
   839     52      0   2448
   840     52      0   2448
   841     52      0   2448
   842     52      0   2448
   843     52      0   2448
   844     52      0   2448
   845     52      0   2448
   846     52      0   2448
   847     52      0   2448
   848     52      0   2448
   849     52      0   2448
   850     52      0   2448
   851     52      0   2448
   852     52      0   2448
   853     52      0   2448
   854     52      0   2448
   855     52      0   2448
   856     52      0   2448
   857     52      0   2448
   858     52      0   2448
   859     52      0   2448
   860     52      0   2448
   861     52      0   2448
   862     52      0   2448
   863     52      0   2448
   864     52      0   2448
   865     52      0   2448
   866     52      0   2448
   867     52      0   2448
   868     52      0   2448
   869     52      0   2448
   870     52      0   2448
   871     52      0   2448
   872     52      0   2448
   873     52      0   2448
   874     52      0   2448
   875     52      0   2448
   876     52      0   2448
   877     52      0   2448
   878     52      0   2448
   879     52      0   2448
   880     52      0   2448
   881     52      0   2448
   882     52      0   2448
   883     52      0   2448
   884     52      0   2448
   885     52      0   2448
   886     52      0   2448
   887     52      0   2448
   888     52      0   2448
   889     52      0   2448
   890     52      0   2448
   891     52      0   2448
   892     52      0   2448
   893     52      0   2448
   894     52      0   2448
   895     52      0   2448
   896     52      0   2448
   897     52      0   2448
   898     52      0   2448
   899     52      0   2448
   900     52      0   2448
   901     52      0   2448
   902     52      0   2448
   903     52      0   2448
   904     52      0   2448
   905     52      0   2448
   906     52      0   2448
   907     52      0   2448
   908     52      0   2448
   909     52      0   2448
   910     52      0   2448
   911     52      0   2448
   912     52      0   2448
   913     52      0   2448
   914     52      0   2448
   915     52      0   2448
   916     52      0   2448
   917     52      0   2448
   918     52      0   2448
   919     52      0   2448
   920     52      0   2448
   921     52      0   2448
   922     52      0   2448
   923     52      0   2448
   924     52      0   2448
   925     52      0   2448
   926     52      0   2448
   927     52      0   2448
   928     52      0   2448
   929     52      0   2448
   930     52      0   2448
   931     52      0   2448
   932     52      0   2448
   933     52      0   2448
   934     52      0   2448
   935     52      0   2448
   936     52      0   2448
   937     52      0   2448
   938     52      0   2448
   939     52      0   2448
   940     52      0   2448
   941     52      0   2448
   942     52      0   2448
   943     52      0   2448
   944     52      0   2448
   945     52      0   2448
   946     52      0   2448
   947     52      0   2448
   948     52      0   2448
   949     52      0   2448
   950     52      0   2448
   951     52      0   2448
   952     52      0   2448
   953     52      0   2448
   954     52      0   2448
   955     52      0   2448
   956     52      0   2448
   957     52      0   2448
   958     52      0   2448
   959     52      0   2448
   960     52      0   2448
   961     52      0   2448
   962     52      0   2448
   963     52      0   2448
   964     52      0   2448
   965     52      0   2448
   966     52      0   2448
   967     52      0   2448
   968     52      0   2448
   969     52      0   2448
   970     52      0   2448
   971     52      0   2448
   972     52      0   2448
   973     52      0   2448
   974     52      0   2448
   975     52      0   2448
   976     52      0   2448
   977     52      0   2448
   978     52      0   2448
   979     52      0   2448
   980     52      0   2448
   981     52      0   2448
   982     52      0   2448
   983     52      0   2448
   984     52      0   2448
   985     52      0   2448
   986     52      0   2448
   987     52      0   2448
   988     52      0   2448
   989     52      0   2448
   990     52      0   2448
   991     52      0   2448
   992     52      0   2448
   993     52      0   2448
   994     52      0   2448
   995     52      0   2448
   996     52      0   2448
   997     52      0   2448
   998     52      0   2448
   999     52      0   2448
  1000     52      0   2448
