# time (sweeps) | Susceptible | Infected | Recovered
     0   1126    189   1185
     1   1155    183   1162
     2   1165    188   1147
     3   1180    186   1134
     4   1215    182   1103
     5   1230    189   1081
     6   1219    209   1072
     7   1187    223   1090
     8   1197    210   1093
     9   1226    202   1072
    10   1217    197   1086
    11   1230    211   1059
    12   1246    191   1063
    13   1247    206   1047
    14   1243    217   1040
    15   1237    222   1041
    16   1235    226   1039
    17   1230    236   1034
    18   1198    236   1066
    19   1196    219   1085
    20   1159    239   1102
    21   1114    261   1125
    22   1072    283   1145
    23   1060    281   1159
    24   1055    288   1157
    25   1037    281   1182
    26   1070    235   1195
    27   1045    246   1209
    28   1026    244   1230
    29   1042    221   1237
    30   1074    200   1226
    31   1101    190   1209
    32   1145    193   1162
    33   1170    192   1138
    34   1188    188   1124
    35   1186    194   1120
    36   1208    197   1095
    37   1200    202   1098
    38   1206    215   1079
    39   1181    239   1080
    40   1152    253   1095
    41   1143    226   1131
    42   1144    222   1134
    43   1122    247   1131
    44   1114    258   1128
    45   1080    263   1157
    46   1051    266   1183
    47   1069    248   1183
    48   1089    228   1183
    49   1084    239   1177
    50   1066    241   1193
    51   1084    219   1197
    52   1108    215   1177
    53   1126    210   1164
    54   1114    231   1155
    55   1112    221   1167
    56   1119    234   1147
    57   1089    242   1169
    58   1070    255   1175
    59   1074    237   1189
    60   1082    245   1173
    61   1095    262   1143
    62   1086    229   1185
    63   1090    221   1189
    64   1076    229   1195
    65   1083    239   1178
    66   1069    246   1185
    67   1063    252   1185
    68   1040    274   1186
    69   1015    280   1205
    70    995    274   1231
    71   1003    258   1239
    72   1014    236   1250
    73   1028    217   1255
    74   1061    205   1234
    75   1043    231   1226
    76   1071    215   1214
    77   1082    207   1211
    78   1126    179   1195
    79   1179    150   1171
    80   1199    157   1144
    81   1214    164   1122
    82   1233    159   1108
    83   1268    160   1072
    84   1291    168   1041
    85   1294    175   1031
    86   1316    150   1034
    87   1315    156   1029
    88   1306    182   1012
    89   1277    187   1036
    90   1252    239   1009
    91   1240    251   1009
    92   1190    251   1059
    93   1152    256   1092
    94   1157    259   1084
    95   1178    224   1098
    96   1186    210   1104
    97   1194    197   1109
    98   1197    190   1113
    99   1185    208   1107
   100   1170    244   1086
   101   1146    239   1115
   102   1075    286   1139
   103   1066    287   1147
   104   1032    300   1168
   105   1002    281   1217
   106    992    264   1244
   107   1020    220   1260
   108   1056    206   1238
   109   1065    185   1250
   110   1084    213   1203
   111   1123    203   1174
   112   1125    231   1144
   113   1103    239   1158
   114   1110    233   1157
   115   1123    215   1162
   116   1134    215   1151
   117   1162    209   1129
   118   1172    188   1140
   119   1193    192   1115
   120   1191    243   1066
   121   1171    235   1094
   122   1160    226   1114
   123   1159    213   1128
   124   1146    210   1144
   125   1136    214   1150
   126   1146    211   1143
   127   1149    202   1149
   128   1175    182   1143
   129   1198    176   1126
   130   1239    152   1109
   131   1251    168   1081
   132   1291    150   1059
   133   1308    161   1031
   134   1331    159   1010
   135   1335    178    987
   136   1342    176    982
   137   1339    176    985
   138   1328    160   1012
   139   1366    148    986
   140   1388    127    985
   141   1419    147    934
   142   1439    152    909
   143   1405    185    910
   144   1371    209    920
   145   1347    239    914
   146   1318    252    930
   147   1261    264    975
   148   1230    269   1001
   149   1224    261   1015
   150   1159    283   1058
   151   1113    290   1097
   152   1079    303   1118
   153   1055    301   1144
   154   1026    275   1199
   155   1015    279   1206
   156    977    288   1235
   157    973    282   1245
   158    970    272   1258
   159    995    244   1261
   160   1004    236   1260
   161   1058    215   1227
   162   1121    183   1196
   163   1127    199   1174
   164   1110    214   1176
   165   1107    227   1166
   166   1113    216   1171
   167   1149    207   1144
   168   1166    196   1138
   169   1181    197   1122
   170   1197    199   1104
   171   1213    212   1075
   172   1225    190   1085
   173   1242    169   1089
   174   1266    170   1064
   175   1317    155   1028
   176   1325    158   1017
   177   1315    199    986
   178   1281    221    998
   179   1237    262   1001
   180   1179    278   1043
   181   1169    271   1060
   182   1152    272   1076
   183   1135    257   1108
   184   1106    261   1133
   185   1086    257   1157
   186   1056    267   1177
   187   1065    246   1189
   188   1045    239   1216
   189   1050    232   1218
   190   1078    203   1219
   191   1103    205   1192
   192   1120    207   1173
   193   1114    200   1186
   194   1140    190   1170
   195   1155    194   1151
   196   1164    200   1136
   197   1174    184   1142
   198   1169    220   1111
   199   1161    227   1112
   200   1171    211   1118
   201   1138    238   1124
   202   1093    259   1148
   203   1071    286   1143
   204   1036    304   1160
   205   1002    292   1206
   206    981    287   1232
   207   1002    252   1246
   208   1019    238   1243
   209   1043    213   1244
   210   1068    231   1201
   211   1069    241   1190
   212   1104    216   1180
   213   1144    200   1156
   214   1172    190   1138
   215   1186    216   1098
   216   1194    229   1077
   217   1185    234   1081
   218   1176    243   1081
   219   1135    280   1085
   220   1075    298   1127
   221   1053    303   1144
   222   1034    296   1170
   223   1011    287   1202
   224    996    287   1217
   225    978    274   1248
   226    997    249   1254
   227    992    267   1241
   228   1006    271   1223
   229    978    296   1226
   230    985    268   1247
   231    996    259   1245
   232    965    294   1241
   233    933    306   1261
   234    933    275   1292
   235    952    272   1276
   236    952    255   1293
   237    988    235   1277
   238    998    235   1267
   239   1020    219   1261
   240   1029    223   1248
   241   1050    216   1234
   242   1064    228   1208
   243   1032    235   1233
   244   1076    211   1213
   245   1083    200   1217
   246   1102    190   1208
   247   1134    188   1178
   248   1145    184   1171
   249   1139    203   1158
   250   1146    210   1144
   251   1170    211   1119
   252   1190    186   1124
   253   1221    179   1100
   254   1203    203   1094
   255   1200    203   1097
   256   1207    202   1091
   257   1202    211   1087
   258   1161    226   1113
   259   1139    249   1112
   260   1148    226   1126
   261   1141    238   1121
   262   1110    287   1103
   263   1059    320   1121
   264   1011    327   1162
   265   1007    300   1193
   266    979    286   1235
   267    994    267   1239
   268   1000    259   1241
   269   1012    230   1258
   270   1037    199   1264
   271   1042    202   1256
   272   1065    204   1231
   273   1092    191   1217
   274   1126    162   1212
   275   1181    171   1148
   276   1234    151   1115
   277   1256    149   1095
   278   1280    167   1053
   279   1270    193   1037
   280   1274    206   1020
   281   1259    212   1029
   282   1251    208   1041
   283   1237    224   1039
   284   1230    219   1051
   285   1220    218   1062
   286   1214    223   1063
   287   1206    250   1044
   288   1153    260   1087
   289   1133    256   1111
   290   1133    250   1117
   291   1117    265   1118
   292   1098    281   1121
   293   1061    295   1144
   294   1046    272   1182
   295   1029    273   1198
   296   1009    273   1218
   297    987    284   1229
   298    979    276   1245
   299    982    249   1269
   300    963    277   1260
   301    994    243   1263
   302   1015    236   1249
   303   1023    226   1251
   304   1053    219   1228
   305   1065    230   1205
   306   1097    201   1202
   307   1121    227   1152
   308   1115    242   1143
   309   1097    247   1156
   310   1123    219   1158
   311   1138    227   1135
   312   1158    214   1128
   313   1147    225   1128
   314   1127    246   1127
   315   1129    238   1133
   316   1090    264   1146
   317   1103    241   1156
   318   1103    245   1152
   319   1081    237   1182
   320   1073    238   1189
   321   1080    201   1219
   322   1127    171   1202
   323   1166    182   1152
   324   1210    169   1121
   325   1243    181   1076
   326   1224    215   1061
   327   1227    227   1046
   328   1206    241   1053
   329   1181    244   1075
   330   1201    234   1065
   331   1193    222   1085
   332   1230    209   1061
   333   1222    214   1064
   334   1210    216   1074
   335   1181    249   1070
   336   1165    257   1078
   337   1171    251   1078
   338   1178    231   1091
   339   1171    232   1097
   340   1140    249   1111
   341   1147    242   1111
   342   1139    238   1123
   343   1094    252   1154
   344   1092    247   1161
   345   1081    250   1169
   346   1101    231   1168
   347   1107    226   1167
   348   1114    228   1158
   349   1138    215   1147
   350   1149    225   1126
   351   1128    222   1150
   352   1137    229   1134
   353   1106    245   1149
   354   1094    250   1156
   355   1091    238   1171
   356   1088    232   1180
   357   1081    227   1192
   358   1078    249   1173
   359   1089    224   1187
   360   1054    233   1213
   361   1058    241   1201
   362   1056    238   1206
   363   1081    240   1179
   364   1082    234   1184
   365   1071    250   1179
   366   1058    247   1195
   367   1063    240   1197
   368   1084    216   1200
   369   1102    212   1186
   370   1102    213   1185
   371   1113    206   1181
   372   1136    191   1173
   373   1158    187   1155
   374   1170    191   1139
   375   1153    216   1131
   376   1156    218   1126
   377   1154    217   1129
   378   1164    229   1107
   379   1204    198   1098
   380   1218    190   1092
   381   1233    182   1085
   382   1237    211   1052
   383   1205    231   1064
   384   1173    261   1066
   385   1143    274   1083
   386   1093    275   1132
   387   1071    279   1150
   388   1057    270   1173
   389   1033    249   1218
   390   1069    238   1193
   391   1101    226   1173
   392   1134    201   1165
   393   1163    205   1132
   394   1160    194   1146
   395   1171    207   1122
   396   1191    187   1122
   397   1210    182   1108
   398   1218    194   1088
   399   1233    190   1077
   400   1246    196   1058
   401   1246    181   1073
   402   1260    168   1072
   403   1264    169   1067
   404   1242    201   1057
   405   1223    226   1051
   406   1230    214   1056
   407   1225    221   1054
   408   1241    210   1049
   409   1269    178   1053
   410   1275    196   1029
   411   1237    217   1046
   412   1212    224   1064
   413   1205    213   1082
   414   1192    223   1085
   415   1206    198   1096
   416   1221    203   1076
   417   1247    194   1059
   418   1224    196   1080
   419   1228    207   1065
   420   1209    226   1065
   421   1150    268   1082
   422   1118    299   1083
   423   1080    312   1108
   424   1062    294   1144
   425   1031    329   1140
   426   1004    301   1195
   427    990    295   1215
   428   1003    263   1234
   429   1004    248   1248
   430    997    254   1249
   431   1015    245   1240
   432   1024    242   1234
   433   1037    238   1225
   434   1029    231   1240
   435   1047    204   1249
   436   1058    189   1253
   437   1084    197   1219
   438   1109    191   1200
   439   1120    190   1190
   440   1185    164   1151
   441   1200    171   1129
   442   1231    160   1109
   443   1226    169   1105
   444   1249    172   1079
   445   1241    200   1059
   446   1219    202   1079
   447   1203    223   1074
   448   1229    210   1061
   449   1234    214   1052
   450   1263    194   1043
   451   1271    185   1044
   452   1282    189   1029
   453   1272    210   1018
   454   1249    214   1037
   455   1256    206   1038
   456   1224    212   1064
   457   1236    207   1057
   458   1232    194   1074
   459   1215    226   1059
   460   1218    220   1062
   461   1190    239   1071
   462   1164    247   1089
   463   1119    281   1100
   464   1105    256   1139
   465   1080    275   1145
   466   1047    269   1184
   467   1019    291   1190
   468   1006    290   1204
   469    991    288   1221
   470   1007    273   1220
   471   1043    271   1186
   472   1008    270   1222
   473    986    288   1226
   474    955    279   1266
   475    992    260   1248
   476   1015    240   1245
   477   1022    240   1238
   478   1049    211   1240
   479   1064    215   1221
   480   1066    191   1243
   481   1101    185   1214
   482   1143    174   1183
   483   1164    173   1163
   484   1182    187   1131
   485   1233    166   1101
   486   1296    145   1059
   487   1322    153   1025
   488   1365    143    992
   489   1390    141    969
   490   1404    139    957
   491   1427    153    920
   492   1424    150    926
   493   1420    170    910
   494   1421    168    911
   495   1441    161    898
   496   1463    154    883
   497   1461    176    863
   498   1432    202    866
   499   1379    226    895
   500   1312    261    927
   501   1269    258    973
   502   1212    286   1002
   503   1172    295   1033
   504   1100    312   1088
   505   1024    327   1149
   506    957    338   1205
   507    928    335   1237
   508    914    336   1250
   509    921    300   1279
   510    906    297   1297
   511    912    267   1321
   512    941    244   1315
   513    945    243   1312
   514    952    257   1291
   515    977    221   1302
   516   1006    206   1288
   517   1006    234   1260
   518   1012    226   1262
   519   1022    209   1269
   520   1049    210   1241
   521   1069    202   1229
   522   1085    197   1218
   523   1115    190   1195
   524   1143    167   1190
   525   1168    165   1167
   526   1205    177   1118
   527   1219    202   1079
   528   1210    209   1081
   529   1218    185   1097
   530   1235    197   1068
   531   1210    236   1054
   532   1191    228   1081
   533   1174    224   1102
   534   1187    231   1082
   535   1182    243   1075
   536   1142    273   1085
   537   1109    282   1109
   538   1099    272   1129
   539   1086    265   1149
   540   1089    263   1148
   541   1077    264   1159
   542   1062    251   1187
   543   1061    239   1200
   544   1080    212   1208
   545   1093    219   1188
   546   1088    211   1201
   547   1113    206   1181
   548   1108    221   1171
   549   1145    203   1152
   550   1139    210   1151
   551   1154    218   1128
   552   1182    198   1120
   553   1220    184   1096
   554   1252    176   1072
   555   1267    192   1041
   556   1240    213   1047
   557   1196    251   1053
   558   1182    231   1087
   559   1155    232   1113
   560   1172    208   1120
   561   1189    218   1093
   562   1173    218   1109
   563   1192    209   1099
   564   1219    197   1084
   565   1195    202   1103
   566   1192    220   1088
   567   1170    229   1101
   568   1147    240   1113
   569   1150    250   1100
   570   1134    261   1105
   571   1123    249   1128
   572   1076    273   1151
   573   1038    278   1184
   574   1044    251   1205
   575   1055    241   1204
   576   1091    215   1194
   577   1100    226   1174
   578   1097    239   1164
   579   1075    257   1168
   580   1065    244   1191
   581   1082    237   1181
   582   1079    253   1168
   583   1083    253   1164
   584   1063    257   1180
   585   1058    234   1208
   586   1051    258   1191
   587   1013    267   1220
   588    998    291   1211
   589    985    297   1218
   590   1004    266   1230
   591   1028    228   1244
   592   1043    222   1235
   593   1105    175   1220
   594   1135    191   1174
   595   1154    202   1144
   596   1158    191   1151
   597   1176    192   1132
   598   1169    214   1117
   599   1165    220   1115
   600   1173    210   1117
   601   1194    193   1113
   602   1210    193   1097
   603   1211    192   1097
   604   1239    172   1089
   605   1275    170   1055
   606   1285    186   1029
   607   1285    193   1022
   608   1301    178   1021
   609   1295    198   1007
   610   1286    209   1005
   611   1274    209   1017
   612   1237    237   1026
   613   1248    237   1015
   614   1236    227   1037
   615   1218    242   1040
   616   1202    229   1069
   617   1192    233   1075
   618   1157    260   1083
   619   1134    267   1099
   620   1092    274   1134
   621   1060    287   1153
   622   1015    289   1196
   623    990    281   1229
   624    996    234   1270
   625   1023    197   1280
   626   1084    181   1235
   627   1122    174   1204
   628   1174    154   1172
   629   1220    159   1121
   630   1259    151   1090
   631   1288    152   1060
   632   1297    140   1063
   633   1341    128   1031
   634   1363    123   1014
   635   1409    132    959
   636   1417    132    951
   637   1446    159    895
   638   1418    198    884
   639   1425    193    882
   640   1417    180    903
   641   1429    170    901
   642   1428    162    910
   643   1412    203    885
   644   1350    254    896
   645   1308    265    927
   646   1273    274    953
   647   1220    287    993
   648   1125    340   1035
   649   1070    323   1107
   650   1014    346   1140
   651    937    358   1205
   652    895    349   1256
   653    884    343   1273
   654    907    298   1295
   655    902    286   1312
   656    891    265   1344
   657    919    221   1360
   658    959    223   1318
   659   1028    204   1268
   660   1045    202   1253
   661   1087    191   1222
   662   1116    185   1199
   663   1167    176   1157
   664   1207    174   1119
   665   1232    150   1118
   666   1291    144   1065
   667   1293    151   1056
   668   1340    145   1015
   669   1345    160    995
   670   1360    169    971
   671   1382    155    963
   672   1401    159    940
   673   1386    178    936
   674   1377    171    952
   675   1385    171    944
   676   1399    162    939
   677   1407    146    947
   678   1400    186    914
   679   1378    200    922
   680   1348    231    921
   681   1323    255    922
   682   1292    253    955
   683   1234    252   1014
   684   1199    263   1038
   685   1170    282   1048
   686   1133    282   1085
   687   1116    267   1117
   688   1097    263   1140
   689   1074    274   1152
   690   1034    306   1160
   691   1003    323   1174
   692    978    319   1203
   693    960    333   1207
   694    939    334   1227
   695    899    347   1254
   696    891    326   1283
   697    900    299   1301
   698    914    278   1308
   699    929    257   1314
   700    957    232   1311
   701   1024    199   1277
   702   1035    217   1248
   703   1082    211   1207
   704   1113    203   1184
   705   1148    201   1151
   706   1157    207   1136
   707   1210    201   1089
   708   1221    206   1073
   709   1202    227   1071
   710   1212    236   1052
   711   1199    233   1068
   712   1159    284   1057
   713   1099    315   1086
   714   1045    334   1121
   715    991    328   1181
   716    980    283   1237
   717    963    282   1255
   718    979    264   1257
   719    973    252   1275
   720    981    243   1276
   721   1014    219   1267
   722   1065    210   1225
   723   1083    215   1202
   724   1081    241   1178
   725   1088    228   1184
   726   1074    243   1183
   727   1065    234   1201
   728   1107    208   1185
   729   1118    211   1171
   730   1137    211   1152
   731   1145    208   1147
   732   1120    235   1145
   733   1124    244   1132
   734   1137    243   1120
   735   1154    230   1116
   736   1146    209   1145
   737   1180    188   1132
   738   1231    151   1118
   739   1277    154   1069
   740   1302    154   1044
   741   1328    139   1033
   742   1364    150    986
   743   1396    155    949
   744   1401    168    931
   745   1378    169    953
   746   1331    207    962
   747   1311    219    970
   748   1253    260    987
   749   1185    284   1031
   750   1143    260   1097
   751   1125    288   1087
   752   1126    277   1097
   753   1092    295   1113
   754   1051    282   1167
   755   1016    292   1192
   756    961    299   1240
   757    943    304   1253
   758    934    297   1269
   759    939    271   1290
   760    953    251   1296
   761    949    255   1296
   762    971    234   1295
   763   1011    215   1274
   764   1025    188   1287
   765   1070    184   1246
   766   1115    162   1223
   767   1169    158   1173
   768   1203    151   1146
   769   1211    164   1125
   770   1249    179   1072
   771   1249    205   1046
   772   1228    204   1068
   773   1204    241   1055
   774   1167    254   1079
   775   1164    249   1087
   776   1143    261   1096
   777   1097    269   1134
   778   1111    256   1133
   779   1133    216   1151
   780   1130    228   1142
   781   1103    251   1146
   782   1079    265   1156
   783   1053    275   1172
   784   1043    273   1184
   785   1018    266   1216
   786   1000    265   1235
   787    982    263   1255
   788    987    250   1263
   789   1001    240   1259
   790   1019    224   1257
   791   1053    217   1230
   792   1069    222   1209
   793   1091    206   1203
   794   1117    204   1179
   795   1140    188   1172
   796   1154    198   1148
   797   1174    195   1131
   798   1184    191   1125
   799   1192    183   1125
   800   1198    215   1087
   801   1193    222   1085
   802   1198    213   1089
   803   1177    232   1091
   804   1182    236   1082
   805   1185    253   1062
   806   1154    263   1083
   807   1137    264   1099
   808   1143    230   1127
   809   1131    244   1125
   810   1101    257   1142
   811   1095    238   1167
   812   1110    209   1181
   813   1120    214   1166
   814   1150    189   1161
   815   1180    184   1136
   816   1228    166   1106
   817   1263    152   1085
   818   1300    137   1063
   819   1326    150   1024
   820   1367    134    999
   821   1380    170    950
   822   1392    176    932
   823   1381    167    952
   824   1372    195    933
   825   1387    183    930
   826   1366    191    943
   827   1344    197    959
   828   1328    212    960
   829   1300    207    993
   830   1264    221   1015
   831   1250    249   1001
   832   1209    271   1020
   833   1154    278   1068
   834   1113    298   1089
   835   1077    277   1146
   836   1053    274   1173
   837   1067    235   1198
   838   1090    227   1183
   839   1135    204   1161
   840   1194    166   1140
   841   1209    165   1126
   842   1267    154   1079
   843   1274    171   1055
   844   1258    207   1035
   845   1267    194   1039
   846   1229    236   1035
   847   1194    259   1047
   848   1164    271   1065
   849   1117    273   1110
   850   1081    284   1135
   851   1069    273   1158
   852   1045    275   1180
   853   1039    259   1202
   854   1027    242   1231
   855   1030    233   1237
   856   1021    252   1227
   857   1036    249   1215
   858   1012    254   1234
   859   1007    246   1247
   860   1027    219   1254
   861   1044    235   1221
   862   1056    222   1222
   863   1067    208   1225
   864   1119    183   1198
   865   1151    181   1168
   866   1189    184   1127
   867   1172    211   1117
   868   1153    231   1116
   869   1126    257   1117
   870   1120    251   1129
   871   1112    254   1134
   872   1110    245   1145
   873   1095    259   1146
   874   1047    253   1200
   875   1020    250   1230
   876   1026    239   1235
   877   1029    225   1246
   878   1063    234   1203
   879   1055    235   1210
   880   1088    230   1182
   881   1098    219   1183
   882   1115    209   1176
   883   1128    215   1157
   884   1136    197   1167
   885   1167    188   1145
   886   1186    201   1113
   887   1214    187   1099
   888   1211    201   1088
   889   1208    210   1082
   890   1196    200   1104
   891   1191    216   1093
   892   1187    214   1099
   893   1201    203   1096
   894   1208    199   1093
   895   1213    195   1092
   896   1241    211   1048
   897   1242    234   1024
   898   1204    262   1034
   899   1156    284   1060
   900   1131    275   1094
   901   1108    282   1110
   902   1088    283   1129
   903   1106    261   1133
   904   1117    223   1160
   905   1120    234   1146
   906   1100    240   1160
   907   1106    226   1168
   908   1065    297   1138
   909   1058    272   1170
   910   1063    265   1172
   911   1070    246   1184
   912   1058    228   1214
   913   1050    231   1219
   914   1069    210   1221
   915   1076    199   1225
   916   1112    183   1205
   917   1166    164   1170
   918   1241    135   1124
   919   1260    148   1092
   920   1277    168   1055
   921   1290    175   1035
   922   1282    194   1024
   923   1263    212   1025
   924   1263    213   1024
   925   1233    223   1044
   926   1209    249   1042
   927   1175    260   1065
   928   1121    275   1104
   929   1098    264   1138
   930   1060    259   1181
   931   1073    233   1194
   932   1077    223   1200
   933   1098    200   1202
   934   1134    206   1160
   935   1127    219   1154
   936   1145    207   1148
   937   1131    212   1157
   938   1122    222   1156
   939   1124    226   1150
   940   1123    226   1151
   941   1132    229   1139
   942   1142    222   1136
   943   1130    221   1149
   944   1135    216   1149
   945   1166    190   1144
   946   1156    200   1144
   947   1147    220   1133
   948   1145    227   1128
   949   1139    259   1102
   950   1132    248   1120
   951   1103    271   1126
   952   1112    212   1176
   953   1124    216   1160
   954   1114    223   1163
   955   1105    216   1179
   956   1120    235   1145
   957   1122    244   1134
   958   1112    262   1126
   959   1120    273   1107
   960   1080    260   1160
   961   1072    255   1173
   962   1051    265   1184
   963   1062    251   1187
   964   1056    241   1203
   965   1072    233   1195
   966   1071    239   1190
   967   1084    239   1177
   968   1083    242   1175
   969   1079    247   1174
   970   1036    261   1203
   971   1032    263   1205
   972   1043    253   1204
   973   1026    246   1228
   974   1053    229   1218
   975   1061    249   1190
   976   1085    218   1197
   977   1121    214   1165
   978   1128    203   1169
   979   1145    197   1158
   980   1157    199   1144
   981   1171    199   1130
   982   1199    191   1110
   983   1228    185   1087
   984   1248    185   1067
   985   1266    188   1046
   986   1290    165   1045
   987   1334    146   1020
   988   1361    144    995
   989   1391    149    960
   990   1408    155    937
   991   1373    186    941
   992   1335    203    962
   993   1306    227    967
   994   1284    237    979
   995   1256    242   1002
   996   1220    248   1032
   997   1175    262   1063
   998   1157    263   1080
   999   1140    259   1101
  1000   1132    248   1120
