# time (sweeps) | Susceptible | Infected | Recovered
     0   1210    852    438
     1   1178    878    444
     2   1209    834    457
     3   1169    891    440
     4   1199    853    448
     5   1200    829    471
     6   1247    810    443
     7   1194    849    457
     8   1184    873    443
     9   1162    883    455
    10   1159    884    457
    11   1158    885    457
    12   1219    812    469
    13   1206    824    470
    14   1157    831    512
    15   1232    823    445
    16   1200    825    475
    17   1168    854    478
    18   1145    876    479
    19   1181    856    463
    20   1198    830    472
    21   1196    835    469
    22   1185    841    474
    23   1206    831    463
    24   1205    868    427
    25   1187    854    459
    26   1210    800    490
    27   1224    820    456
    28   1188    860    452
    29   1186    876    438
    30   1156    897    447
    31   1207    826    467
    32   1207    808    485
    33   1278    781    441
    34   1247    833    420
    35   1247    844    409
    36   1210    849    441
    37   1192    869    439
    38   1194    856    450
    39   1201    826    473
    40   1190    839    471
    41   1188    816    496
    42   1210    861    429
    43   1223    849    428
    44   1197    848    455
    45   1209    810    481
    46   1217    820    463
    47   1248    823    429
    48   1166    912    422
    49   1149    928    423
    50   1177    871    452
    51   1194    862    444
    52   1159    879    462
    53   1176    884    440
    54   1221    841    438
    55   1217    848    435
    56   1172    895    433
    57   1154    840    506
    58   1141    892    467
    59   1200    878    422
    60   1193    877    430
    61   1165    879    456
    62   1132    900    468
    63   1154    884    462
    64   1198    855    447
    65   1163    870    467
    66   1163    868    469
    67   1192    854    454
    68   1216    840    444
    69   1152    902    446
    70   1201    861    438
    71   1199    836    465
    72   1219    829    452
    73   1180    855    465
    74   1173    869    458
    75   1158    892    450
    76   1162    861    477
    77   1234    798    468
    78   1210    851    439
    79   1208    836    456
    80   1199    828    473
    81   1134    873    493
    82   1155    872    473
    83   1216    848    436
    84   1199    828    473
    85   1158    863    479
    86   1218    798    484
    87   1192    875    433
    88   1169    879    452
    89   1221    841    438
    90   1224    830    446
    91   1185    893    422
    92   1166    883    451
    93   1192    850    458
    94   1206    864    430
    95   1157    886    457
    96   1156    892    452
    97   1139    889    472
    98   1178    849    473
    99   1256    793    451
   100   1309    761    430
   101   1256    792    452
   102   1290    811    399
   103   1261    844    395
   104   1222    822    456
   105   1204    887    409
   106   1175    876    449
   107   1218    839    443
   108   1214    845    441
   109   1227    839    434
   110   1262    800    438
   111   1247    847    406
   112   1172    869    459
   113   1188    863    449
   114   1223    846    431
   115   1182    906    412
   116   1198    854    448
   117   1177    871    452
   118   1134    920    446
   119   1191    865    444
   120   1222    848    430
   121   1222    828    450
   122   1173    868    459
   123   1215    835    450
   124   1266    801    433
   125   1199    861    440
   126   1204    854    442
   127   1241    816    443
   128   1164    899    437
   129   1183    872    445
   130   1165    877    458
   131   1239    836    425
   132   1212    867    421
   133   1126    929    445
   134   1173    871    456
   135   1180    874    446
   136   1229    833    438
   137   1223    868    409
   138   1198    872    430
   139   1163    893    444
   140   1163    864    473
   141   1214    819    467
   142   1245    808    447
   143   1240    833    427
   144   1222    860    418
   145   1153    887    460
   146   1213    838    449
   147   1166    854    480
   148   1241    791    468
   149   1211    845    444
   150   1175    876    449
   151   1199    840    461
   152   1154    882    464
   153   1168    870    462
   154   1160    869    471
   155   1203    844    453
   156   1206    824    470
   157   1242    847    411
   158   1197    839    464
   159   1197    823    480
   160   1261    829    410
   161   1226    843    431
   162   1188    844    468
   163   1187    861    452
   164   1206    878    416
   165   1168    858    474
   166   1252    783    465
   167   1232    813    455
   168   1229    836    435
   169   1217    854    429
   170   1220    847    433
   171   1177    897    426
   172   1179    879    442
   173   1214    846    440
   174   1212    841    447
   175   1197    837    466
   176   1236    822    442
   177   1229    839    432
   178   1219    856    425
   179   1205    856    439
   180   1131    918    451
   181   1148    864    488
   182   1162    917    421
   183   1103    923    474
   184   1194    828    478
   185   1172    851    477
   186   1223    808    469
   187   1196    830    474
   188   1199    812    489
   189   1272    769    459
   190   1303    770    427
   191   1278    785    437
   192   1223    833    444
   193   1170    856    474
   194   1142    881    477
   195   1219    811    470
   196   1199    837    464
   197   1238    832    430
   198   1181    874    445
   199   1196    833    471
   200   1199    847    454
   201   1199    862    439
   202   1247    813    440
   203   1234    858    408
   204   1188    826    486
   205   1248    781    471
   206   1219    842    439
   207   1172    884    444
   208   1201    827    472
   209   1210    858    432
   210   1224    840    436
   211   1182    837    481
   212   1164    864    472
   213   1228    831    441
   214   1222    854    424
   215   1190    862    448
   216   1173    886    441
   217   1171    841    488
   218   1199    860    441
   219   1211    850    439
   220   1188    857    455
   221   1177    889    434
   222   1193    876    431
   223   1227    802    471
   224   1265    811    424
   225   1187    862    451
   226   1168    889    443
   227   1208    848    444
   228   1183    870    447
   229   1135    892    473
   230   1127    882    491
   231   1175    864    461
   232   1176    848    476
   233   1233    817    450
   234   1215    860    425
   235   1200    872    428
   236   1187    841    472
   237   1240    810    450
   238   1221    846    433
   239   1178    876    446
   240   1197    831    472
   241   1207    815    478
   242   1247    784    469
   243   1260    784    456
   244   1266    806    428
   245   1204    861    435
   246   1205    867    428
   247   1244    833    423
   248   1153    888    459
   249   1154    902    444
   250   1171    878    451
   251   1176    856    468
   252   1207    821    472
   253   1168    881    451
   254   1189    843    468
   255   1192    840    468
   256   1227    826    447
   257   1248    809    443
   258   1243    820    437
   259   1264    812    424
   260   1192    854    454
   261   1242    834    424
   262   1232    835    433
   263   1214    860    426
   264   1228    847    425
   265   1195    889    416
   266   1181    877    442
   267   1162    858    480
   268   1219    841    440
   269   1171    872    457
   270   1216    834    450
   271   1224    832    444
   272   1183    877    440
   273   1156    896    448
   274   1140    899    461
   275   1144    876    480
   276   1192    821    487
   277   1205    830    465
   278   1241    803    456
   279   1219    869    412
   280   1201    835    464
   281   1175    838    487
   282   1216    821    463
   283   1217    855    428
   284   1220    854    426
   285   1208    854    438
   286   1222    850    428
   287   1171    887    442
   288   1185    856    459
   289   1242    811    447
   290   1203    879    418
   291   1188    884    428
   292   1139    924    437
   293   1083    931    486
   294   1136    877    487
   295   1139    861    500
   296   1178    838    484
   297   1203    846    451
   298   1182    855    463
   299   1229    832    439
   300   1247    831    422
   301   1228    838    434
   302   1131    876    493
   303   1183    874    443
   304   1179    879    442
   305   1149    880    471
   306   1220    817    463
   307   1221    827    452
   308   1202    851    447
   309   1205    847    448
   310   1235    829    436
   311   1208    857    435
   312   1173    895    432
   313   1232    804    464
   314   1230    794    476
   315   1244    833    423
   316   1214    832    454
   317   1187    887    426
   318   1211    865    424
   319   1207    857    436
   320   1254    811    435
   321   1246    821    433
   322   1214    860    426
   323   1168    859    473
   324   1167    879    454
   325   1165    881    454
   326   1195    860    445
   327   1214    858    428
   328   1178    849    473
   329   1188    832    480
   330   1232    810    458
   331   1150    886    464
   332   1162    866    472
   333   1187    851    462
   334   1199    847    454
   335   1198    848    454
   336   1228    845    427
   337   1228    795    477
   338   1270    806    424
   339   1176    879    445
   340   1149    901    450
   341   1124    944    432
   342   1195    842    463
   343   1227    828    445
   344   1166    898    436
   345   1190    851    459
   346   1207    817    476
   347   1247    804    449
   348   1233    827    440
   349   1211    840    449
   350   1189    870    441
   351   1254    783    463
   352   1283    785    432
   353   1262    799    439
   354   1296    783    421
   355   1263    814    423
   356   1211    847    442
   357   1187    808    505
   358   1208    852    440
   359   1223    841    436
   360   1191    858    451
   361   1110    929    461
   362   1140    877    483
   363   1204    815    481
   364   1227    838    435
   365   1233    815    452
   366   1229    843    428
   367   1245    818    437
   368   1214    878    408
   369   1185    882    433
   370   1170    886    444
   371   1232    842    426
   372   1177    881    442
   373   1153    925    422
   374   1093    907    500
   375   1147    882    471
   376   1169    855    476
   377   1222    828    450
   378   1226    832    442
   379   1156    897    447
   380   1173    898    429
   381   1122    895    483
   382   1155    853    492
   383   1175    874    451
   384   1197    852    451
   385   1188    879    433
   386   1212    857    431
   387   1102    932    466
   388   1157    882    461
   389   1173    871    456
   390   1199    850    451
   391   1236    831    433
   392   1229    823    448
   393   1204    830    466
   394   1234    803    463
   395   1268    787    445
   396   1208    860    432
   397   1231    809    460
   398   1207    842    451
   399   1247    817    436
   400   1265    819    416
   401   1250    798    452
   402   1271    791    438
   403   1266    807    427
   404   1244    837    419
   405   1190    866    444
   406   1201    855    444
   407   1223    858    419
   408   1227    841    432
   409   1186    888    426
   410   1164    899    437
   411   1178    894    428
   412   1188    859    453
   413   1171    860    469
   414   1208    821    471
   415   1226    846    428
   416   1150    897    453
   417   1223    817    460
   418   1180    897    423
   419   1174    883    443
   420   1192    850    458
   421   1165    868    467
   422   1200    837    463
   423   1194    840    466
   424   1167    847    486
   425   1166    864    470
   426   1251    794    455
   427   1254    813    433
   428   1192    896    412
   429   1167    869    464
   430   1137    902    461
   431   1141    871    488
   432   1178    849    473
   433   1231    824    445
   434   1236    829    435
   435   1178    890    432
   436   1139    902    459
   437   1183    860    457
   438   1270    770    460
   439   1302    791    407
   440   1309    754    437
   441   1268    795    437
   442   1268    798    434
   443   1269    829    402
   444   1261    820    419
   445   1233    795    472
   446   1270    791    439
   447   1254    803    443
   448   1245    842    413
   449   1218    856    426
   450   1231    851    418
   451   1194    878    428
   452   1200    822    478
   453   1250    819    431
   454   1215    847    438
   455   1167    857    476
   456   1142    853    505
   457   1146    885    469
   458   1155    851    494
   459   1163    879    458
   460   1115    926    459
   461   1112    936    452
   462   1151    904    445
   463   1202    811    487
   464   1221    807    472
   465   1193    848    459
   466   1212    837    451
   467   1187    850    463
   468   1179    843    478
   469   1210    816    474
   470   1214    811    475
   471   1265    806    429
   472   1253    816    431
   473   1187    867    446
   474   1155    870    475
   475   1185    874    441
   476   1177    871    452
   477   1218    870    412
   478   1185    875    440
   479   1206    851    443
   480   1172    899    429
   481   1160    886    454
   482   1105    922    473
   483   1170    868    462
   484   1140    878    482
   485   1174    851    475
   486   1191    862    447
   487   1226    831    443
   488   1182    848    470
   489   1218    830    452
   490   1228    793    479
   491   1232    806    462
   492   1245    803    452
   493   1229    825    446
   494   1156    894    450
   495   1212    829    459
   496   1248    833    419
   497   1188    881    431
   498   1232    822    446
   499   1241    812    447
   500   1213    830    457
   501   1226    832    442
   502   1158    886    456
   503   1183    841    476
   504   1218    838    444
   505   1185    859    456
   506   1232    835    433
   507   1214    844    442
   508   1217    843    440
   509   1161    870    469
   510   1188    856    456
   511   1174    869    457
   512   1191    836    473
   513   1206    837    457
   514   1230    847    423
   515   1217    876    407
   516   1157    875    468
   517   1182    841    477
   518   1138    895    467
   519   1175    846    479
   520   1168    844    488
   521   1206    831    463
   522   1239    805    456
   523   1202    863    435
   524   1191    871    438
   525   1212    840    448
   526   1229    824    447
   527   1211    860    429
   528   1194    859    447
   529   1216    851    433
   530   1289    796    415
   531   1230    826    444
   532   1245    829    426
   533   1200    837    463
   534   1233    823    444
   535   1247    802    451
   536   1204    858    438
   537   1130    911    459
   538   1176    839    485
   539   1196    841    463
   540   1238    806    456
   541   1269    794    437
   542   1254    803    443
   543   1245    824    431
   544   1276    803    421
   545   1201    857    442
   546   1168    861    471
   547   1202    823    475
   548   1176    855    469
   549   1150    880    470
   550   1189    836    475
   551   1213    841    446
   552   1156    899    445
   553   1165    911    424
   554   1211    847    442
   555   1230    838    432
   556   1259    821    420
   557   1230    859    411
   558   1176    866    458
   559   1205    853    442
   560   1213    839    448
   561   1223    843    434
   562   1177    882    441
   563   1210    859    431
   564   1191    881    428
   565   1136    933    431
   566   1214    858    428
   567   1188    870    442
   568   1165    896    439
   569   1192    858    450
   570   1210    858    432
   571   1198    863    439
   572   1129    958    413
   573   1155    900    445
   574   1177    860    463
   575   1176    865    459
   576   1230    817    453
   577   1212    836    452
   578   1194    857    449
   579   1260    799    441
   580   1230    808    462
   581   1237    795    468
   582   1275    791    434
   583   1250    826    424
   584   1197    855    448
   585   1164    871    465
   586   1108    894    498
   587   1207    848    445
   588   1208    835    457
   589   1210    843    447
   590   1181    896    423
   591   1223    866    411
   592   1215    845    440
   593   1220    816    464
   594   1218    833    449
   595   1242    789    469
   596   1229    828    443
   597   1194    872    434
   598   1204    837    459
   599   1184    870    446
   600   1155    869    476
   601   1220    842    438
   602   1213    832    455
   603   1148    897    455
   604   1179    831    490
   605   1255    814    431
   606   1229    830    441
   607   1189    857    454
   608   1239    818    443
   609   1212    847    441
   610   1202    874    424
   611   1174    869    457
   612   1133    870    497
   613   1213    802    485
   614   1294    754    452
   615   1321    776    403
   616   1249    835    416
   617   1175    901    424
   618   1154    918    428
   619   1170    870    460
   620   1164    869    467
   621   1140    914    446
   622   1184    861    455
   623   1236    816    448
   624   1250    799    451
   625   1266    793    441
   626   1194    869    437
   627   1193    864    443
   628   1154    880    466
   629   1198    850    452
   630   1219    857    424
   631   1207    833    460
   632   1155    881    464
   633   1165    888    447
   634   1224    833    443
   635   1214    854    432
   636   1191    901    408
   637   1218    856    426
   638   1214    809    477
   639   1202    814    484
   640   1174    850    476
   641   1224    839    437
   642   1251    768    481
   643   1230    830    440
   644   1203    851    446
   645   1215    862    423
   646   1147    914    439
   647   1207    866    427
   648   1189    877    434
   649   1241    814    445
   650   1164    864    472
   651   1148    893    459
   652   1196    858    446
   653   1247    829    424
   654   1236    844    420
   655   1232    849    419
   656   1221    810    469
   657   1220    823    457
   658   1197    849    454
   659   1247    808    445
   660   1247    814    439
   661   1228    825    447
   662   1195    870    435
   663   1198    870    432
   664   1254    793    453
   665   1236    811    453
   666   1208    846    446
   667   1225    811    464
   668   1185    875    440
   669   1141    917    442
   670   1202    869    429
   671   1231    825    444
   672   1198    830    472
   673   1199    831    470
   674   1213    851    436
   675   1225    844    431
   676   1225    837    438
   677   1174    881    445
   678   1222    827    451
   679   1198    846    456
   680   1273    824    403
   681   1220    854    426
   682   1215    832    453
   683   1247    825    428
   684   1229    849    422
   685   1203    896    401
   686   1136    923    441
   687   1134    899    467
   688   1194    841    465
   689   1180    870    450
   690   1148    848    504
   691   1158    863    479
   692   1193    857    450
   693   1194    839    467
   694   1207    871    422
   695   1173    881    446
   696   1155    880    465
   697   1180    866    454
   698   1206    856    438
   699   1159    912    429
   700   1194    851    455
   701   1181    865    454
   702   1176    871    453
   703   1212    844    444
   704   1189    867    444
   705   1182    851    467
   706   1178    807    515
   707   1262    790    448
   708   1269    829    402
   709   1190    865    445
   710   1179    874    447
   711   1189    856    455
   712   1171    883    446
   713   1209    877    414
   714   1168    888    444
   715   1177    881    442
   716   1222    866    412
   717   1191    869    440
   718   1132    929    439
   719   1146    909    445
   720   1113    921    466
   721   1144    886    470
   722   1216    842    442
   723   1271    801    428
   724   1243    806    451
   725   1219    821    460
   726   1215    800    485
   727   1241    825    434
   728   1203    846    451
   729   1227    824    449
   730   1291    812    397
   731   1217    872    411
   732   1197    855    448
   733   1200    822    478
   734   1189    884    427
   735   1220    825    455
   736   1189    836    475
   737   1205    840    455
   738   1171    872    457
   739   1188    846    466
   740   1217    840    443
   741   1186    869    445
   742   1109    922    469
   743   1135    875    490
   744   1140    891    469
   745   1160    830    510
   746   1215    815    470
   747   1262    809    429
   748   1283    780    437
   749   1208    853    439
   750   1190    891    419
   751   1189    873    438
   752   1198    853    449
   753   1216    859    425
   754   1176    890    434
   755   1212    845    443
   756   1231    830    439
   757   1196    847    457
   758   1168    907    425
   759   1220    840    440
   760   1235    841    424
   761   1219    838    443
   762   1220    838    442
   763   1213    850    437
   764   1204    818    478
   765   1241    817    442
   766   1228    841    431
   767   1258    824    418
   768   1192    858    450
   769   1209    838    453
   770   1157    904    439
   771   1129    902    469
   772   1155    868    477
   773   1177    844    479
   774   1115    890    495
   775   1179    844    477
   776   1189    866    445
   777   1226    843    431
   778   1243    803    454
   779   1189    850    461
   780   1224    863    413
   781   1146    905    449
   782   1169    866    465
   783   1167    826    507
   784   1241    819    440
   785   1206    845    449
   786   1225    831    444
   787   1208    865    427
   788   1222    829    449
   789   1234    854    412
   790   1171    892    437
   791   1188    856    456
   792   1195    872    433
   793   1170    878    452
   794   1144    872    484
   795   1234    808    458
   796   1203    852    445
   797   1193    854    453
   798   1169    886    445
   799   1186    875    439
   800   1159    893    448
   801   1197    861    442
   802   1206    856    438
   803   1213    859    428
   804   1174    859    467
   805   1217    829    454
   806   1212    831    457
   807   1222    829    449
   808   1238    820    442
   809   1287    787    426
   810   1236    814    450
   811   1230    829    441
   812   1199    837    464
   813   1236    826    438
   814   1176    860    464
   815   1211    853    436
   816   1186    864    450
   817   1154    922    424
   818   1139    888    473
   819   1180    860    460
   820   1164    882    454
   821   1196    877    427
   822   1172    883    445
   823   1147    903    450
   824   1156    874    470
   825   1176    849    475
   826   1219    828    453
   827   1174    882    444
   828   1159    893    448
   829   1161    892    447
   830   1164    869    467
   831   1184    853    463
   832   1170    875    455
   833   1166    852    482
   834   1159    869    472
   835   1219    854    427
   836   1208    862    430
   837   1251    807    442
   838   1204    873    423
   839   1206    804    490
   840   1182    846    472
   841   1224    821    455
   842   1223    815    462
   843   1207    850    443
   844   1232    847    421
   845   1195    852    453
   846   1131    921    448
   847   1162    878    460
   848   1179    886    435
   849   1157    892    451
   850   1157    907    436
   851   1172    879    449
   852   1169    834    497
   853   1200    861    439
   854   1171    844    485
   855   1222    787    491
   856   1274    764    462
   857   1200    872    428
   858   1188    846    466
   859   1259    808    433
   860   1249    810    441
   861   1290    789    421
   862   1234    835    431
   863   1197    861    442
   864   1222    826    452
   865   1217    837    446
   866   1204    825    471
   867   1255    805    440
   868   1236    850    414
   869   1197    862    441
   870   1199    839    462
   871   1228    826    446
   872   1219    849    432
   873   1219    835    446
   874   1215    811    474
   875   1162    856    482
   876   1154    861    485
   877   1228    848    424
   878   1172    871    457
   879   1189    852    459
   880   1157    853    490
   881   1183    854    463
   882   1187    848    465
   883   1194    839    467
   884   1190    860    450
   885   1222    817    461
   886   1230    830    440
   887   1241    791    468
   888   1265    782    453
   889   1258    807    435
   890   1253    810    437
   891   1247    812    441
   892   1208    851    441
   893   1144    876    480
   894   1152    893    455
   895   1164    885    451
   896   1179    869    452
   897   1188    865    447
   898   1215    844    441
   899   1217    822    461
   900   1205    850    445
   901   1175    871    454
   902   1205    865    430
   903   1182    908    410
   904   1205    845    450
   905   1195    841    464
   906   1175    852    473
   907   1148    910    442
   908   1149    863    488
   909   1192    838    470
   910   1240    817    443
   911   1195    863    442
   912   1200    859    441
   913   1202    853    445
   914   1225    847    428
   915   1242    823    435
   916   1146    912    442
   917   1167    883    450
   918   1173    862    465
   919   1190    852    458
   920   1144    893    463
   921   1147    893    460
   922   1139    890    471
   923   1183    837    480
   924   1174    890    436
   925   1156    899    445
   926   1188    860    452
   927   1232    821    447
   928   1197    847    456
   929   1187    848    465
   930   1201    860    439
   931   1206    823    471
   932   1230    824    446
   933   1219    852    429
   934   1249    852    399
   935   1232    867    401
   936   1181    864    455
   937   1158    898    444
   938   1180    874    446
   939   1210    840    450
   940   1222    841    437
   941   1274    790    436
   942   1239    831    430
   943   1227    819    454
   944   1215    834    451
   945   1216    862    422
   946   1142    930    428
   947   1164    885    451
   948   1154    861    485
   949   1227    814    459
   950   1232    819    449
   951   1254    768    478
   952   1231    845    424
   953   1168    888    444
   954   1164    890    446
   955   1218    851    431
   956   1200    854    446
   957   1241    820    439
   958   1228    823    449
   959   1170    892    438
   960   1209    869    422
   961   1195    875    430
   962   1200    855    445
   963   1177    900    423
   964   1161    881    458
   965   1178    866    456
   966   1279    763    458
   967   1251    810    439
   968   1269    803    428
   969   1226    862    412
   970   1167    869    464
   971   1175    877    448
   972   1207    843    450
   973   1183    859    458
   974   1198    849    453
   975   1205    862    433
   976   1239    809    452
   977   1259    821    420
   978   1239    830    431
   979   1189    891    420
   980   1182    869    449
   981   1250    812    438
   982   1203    848    449
   983   1179    859    462
   984   1178    883    439
   985   1156    879    465
   986   1195    857    448
   987   1176    875    449
   988   1141    906    453
   989   1164    904    432
   990   1180    868    452
   991   1214    836    450
   992   1182    865    453
   993   1237    817    446
   994   1214    872    414
   995   1177    895    428
   996   1210    865    425
   997   1175    896    429
   998   1162    905    433
   999   1200    873    427
  1000   1212    842    446
