# time (sweeps) | Susceptible | Infected | Recovered
     0   1503    592    405
     1   1502    618    380
     2   1477    657    366
     3   1470    650    380
     4   1441    676    383
     5   1437    687    376
     6   1447    664    389
     7   1437    675    388
     8   1414    695    391
     9   1375    710    415
    10   1383    686    431
    11   1408    671    421
    12   1409    672    419
    13   1425    638    437
    14   1447    620    433
    15   1479    652    369
    16   1484    628    388
    17   1485    613    402
    18   1530    613    357
    19   1483    632    385
    20   1463    661    376
    21   1474    683    343
    22   1444    696    360
    23   1453    680    367
    24   1479    632    389
    25   1491    616    393
    26   1484    643    373
    27   1462    664    374
    28   1462    663    375
    29   1493    660    347
    30   1401    708    391
    31   1398    663    439
    32   1484    638    378
    33   1470    657    373
    34   1444    651    405
    35   1450    637    413
    36   1488    617    395
    37   1499    640    361
    38   1510    647    343
    39   1481    639    380
    40   1471    650    379
    41   1444    671    385
    42   1437    667    396
    43   1456    680    364
    44   1481    664    355
    45   1504    638    358
    46   1494    636    370
    47   1492    624    384
    48   1518    604    378
    49   1550    610    340
    50   1508    631    361
    51   1480    675    345
    52   1436    654    410
    53   1449    666    385
    54   1426    668    406
    55   1396    707    397
    56   1436    669    395
    57   1458    634    408
    58   1468    655    377
    59   1468    620    412
    60   1529    645    326
    61   1488    661    351
    62   1481    658    361
    63   1474    671    355
    64   1456    690    354
    65   1438    681    381
    66   1443    668    389
    67   1442    668    390
    68   1463    661    376
    69   1459    671    370
    70   1465    661    374
    71   1456    672    372
    72   1440    683    377
    73   1447    666    387
    74   1498    626    376
    75   1468    636    396
    76   1497    628    375
    77   1470    642    388
    78   1493    639    368
    79   1488    677    335
    80   1462    682    356
    81   1470    670    360
    82   1479    659    362
    83   1472    656    372
    84   1417    680    403
    85   1425    686    389
    86   1435    655    410
    87   1441    666    393
    88   1430    673    397
    89   1430    693    377
    90   1445    681    374
    91   1429    686    385
    92   1465    656    379
    93   1474    645    381
    94   1491    609    400
    95   1562    567    371
    96   1563    602    335
    97   1499    645    356
    98   1524    626    350
    99   1473    657    370
   100   1509    648    343
   101   1463    674    363
   102   1436    681    383
   103   1398    714    388
   104   1387    691    422
   105   1439    643    418
   106   1463    618    419
   107   1520    599    381
   108   1530    605    365
   109   1535    599    366
   110   1497    651    352
   111   1495    649    356
   112   1469    661    370
   113   1451    664    385
   114   1460    653    387
   115   1470    661    369
   116   1442    668    390
   117   1460    644    396
   118   1491    626    383
   119   1480    662    358
   120   1440    685    375
   121   1461    662    377
   122   1456    656    388
   123   1445    686    369
   124   1467    660    373
   125   1447    682    371
   126   1423    668    409
   127   1440    660    400
   128   1450    678    372
   129   1401    710    389
   130   1388    704    408
   131   1388    678    434
   132   1413    676    411
   133   1436    665    399
   134   1425    679    396
   135   1441    692    367
   136   1414    666    420
   137   1431    708    361
   138   1430    680    390
   139   1429    707    364
   140   1427    673    400
   141   1452    677    371
   142   1443    687    370
   143   1482    624    394
   144   1489    615    396
   145   1485    614    401
   146   1523    604    373
   147   1519    610    371
   148   1491    637    372
   149   1499    657    344
   150   1452    656    392
   151   1481    623    396
   152   1511    628    361
   153   1481    637    382
   154   1460    638    402
   155   1459    669    372
   156   1463    657    380
   157   1452    674    374
   158   1438    689    373
   159   1407    708    385
   160   1401    714    385
   161   1391    687    422
   162   1394    707    399
   163   1380    700    420
   164   1394    684    422
   165   1410    679    411
   166   1388    679    433
   167   1422    682    396
   168   1445    655    400
   169   1456    658    386
   170   1486    609    405
   171   1531    568    401
   172   1595    575    330
   173   1569    598    333
   174   1522    632    346
   175   1505    620    375
   176   1543    605    352
   177   1538    591    371
   178   1517    605    378
   179   1525    626    349
   180   1510    619    371
   181   1487    648    365
   182   1489    641    370
   183   1488    639    373
   184   1486    641    373
   185   1489    638    373
   186   1514    601    385
   187   1518    614    368
   188   1499    632    369
   189   1469    660    371
   190   1506    613    381
   191   1522    602    376
   192   1488    652    360
   193   1473    633    394
   194   1451    666    383
   195   1435    656    409
   196   1475    646    379
   197   1494    628    378
   198   1536    585    379
   199   1541    609    350
   200   1557    620    323
   201   1537    605    358
   202   1537    599    364
   203   1527    603    370
   204   1567    576    357
   205   1542    589    369
   206   1502    630    368
   207   1496    654    350
   208   1497    643    360
   209   1481    676    343
   210   1455    690    355
   211   1450    663    387
   212   1440    666    394
   213   1395    695    410
   214   1405    713    382
   215   1386    704    410
   216   1374    710    416
   217   1373    686    441
   218   1398    702    400
   219   1394    716    390
   220   1434    648    418
   221   1469    634    397
   222   1493    630    377
   223   1461    659    380
   224   1468    641    391
   225   1487    628    385
   226   1490    619    391
   227   1513    625    362
   228   1544    586    370
   229   1510    626    364
   230   1498    639    363
   231   1514    610    376
   232   1516    637    347
   233   1502    637    361
   234   1473    638    389
   235   1495    637    368
   236   1475    611    414
   237   1493    637    370
   238   1508    627    365
   239   1462    658    380
   240   1478    629    393
   241   1464    653    383
   242   1438    666    396
   243   1418    685    397
   244   1414    693    393
   245   1404    699    397
   246   1423    706    371
   247   1424    688    388
   248   1478    660    362
   249   1486    651    363
   250   1460    659    381
   251   1476    652    372
   252   1485    623    392
   253   1499    620    381
   254   1482    635    383
   255   1468    654    378
   256   1449    682    369
   257   1465    634    401
   258   1505    615    380
   259   1488    612    400
   260   1501    601    398
   261   1535    607    358
   262   1522    624    354
   263   1471    638    391
   264   1473    621    406
   265   1485    647    368
   266   1475    642    383
   267   1444    670    386
   268   1452    643    405
   269   1466    623    411
   270   1495    587    418
   271   1543    586    371
   272   1562    567    371
   273   1549    594    357
   274   1571    562    367
   275   1589    547    364
   276   1593    599    308
   277   1542    614    344
   278   1588    590    322
   279   1559    596    345
   280   1600    574    326
   281   1552    591    357
   282   1553    597    350
   283   1563    622    315
   284   1542    607    351
   285   1561    574    365
   286   1559    586    355
   287   1546    594    360
   288   1525    627    348
   289   1473    675    352
   290   1442    657    401
   291   1452    648    400
   292   1457    673    370
   293   1402    721    377
   294   1393    694    413
   295   1453    642    405
   296   1486    635    379
   297   1514    618    368
   298   1530    626    344
   299   1470    667    363
   300   1426    674    400
   301   1457    630    413
   302   1473    637    390
   303   1440    696    364
   304   1430    703    367
   305   1370    702    428
   306   1421    681    398
   307   1421    689    390
   308   1448    648    404
   309   1476    617    407
   310   1498    629    373
   311   1510    606    384
   312   1462    661    377
   313   1451    653    396
   314   1453    657    390
   315   1514    628    358
   316   1463    653    384
   317   1426    704    370
   318   1443    682    375
   319   1395    708    397
   320   1404    667    429
   321   1436    635    429
   322   1448    635    417
   323   1462    661    377
   324   1438    634    428
   325   1495    601    404
   326   1533    631    336
   327   1472    687    341
   328   1459    682    359
   329   1428    696    376
   330   1410    688    402
   331   1383    694    423
   332   1397    695    408
   333   1402    682    416
   334   1443    663    394
   335   1461    656    383
   336   1497    641    362
   337   1484    649    367
   338   1552    580    368
   339   1521    631    348
   340   1525    632    343
   341   1530    600    370
   342   1511    609    380
   343   1494    646    360
   344   1485    634    381
   345   1473    665    362
   346   1472    662    366
   347   1453    676    371
   348   1461    662    377
   349   1417    692    391
   350   1433    671    396
   351   1453    667    380
   352   1434    698    368
   353   1434    666    400
   354   1453    660    387
   355   1504    616    380
   356   1510    614    376
   357   1489    624    387
   358   1515    631    354
   359   1508    644    348
   360   1479    658    363
   361   1470    644    386
   362   1492    650    358
   363   1499    619    382
   364   1528    624    348
   365   1495    674    331
   366   1467    638    395
   367   1442    652    406
   368   1446    641    413
   369   1458    635    407
   370   1462    641    397
   371   1507    612    381
   372   1468    630    402
   373   1472    621    407
   374   1457    653    390
   375   1418    666    416
   376   1442    634    424
   377   1480    627    393
   378   1477    653    370
   379   1427    716    357
   380   1413    695    392
   381   1416    670    414
   382   1479    613    408
   383   1498    597    405
   384   1526    599    375
   385   1505    605    390
   386   1483    637    380
   387   1497    606    397
   388   1489    629    382
   389   1502    637    361
   390   1500    611    389
   391   1531    629    340
   392   1518    640    342
   393   1517    615    368
   394   1518    615    367
   395   1570    597    333
   396   1532    604    364
   397   1528    640    332
   398   1526    623    351
   399   1516    597    387
   400   1535    582    383
   401   1558    585    357
   402   1529    586    385
   403   1545    601    354
   404   1486    633    381
   405   1504    637    359
   406   1497    626    377
   407   1505    645    350
   408   1474    640    386
   409   1425    666    409
   410   1473    641    386
   411   1482    643    375
   412   1452    628    420
   413   1495    595    410
   414   1472    642    386
   415   1461    658    381
   416   1496    681    323
   417   1475    676    349
   418   1468    655    377
   419   1487    648    365
   420   1476    661    363
   421   1472    675    353
   422   1462    653    385
   423   1463    649    388
   424   1476    657    367
   425   1435    663    402
   426   1419    669    412
   427   1450    643    407
   428   1413    697    390
   429   1383    702    415
   430   1382    731    387
   431   1372    724    404
   432   1411    679    410
   433   1425    672    403
   434   1420    701    379
   435   1440    662    398
   436   1446    684    370
   437   1443    672    385
   438   1485    622    393
   439   1511    628    361
   440   1454    668    378
   441   1464    654    382
   442   1493    608    399
   443   1547    588    365
   444   1557    576    367
   445   1561    566    373
   446   1570    575    355
   447   1572    563    365
   448   1540    588    372
   449   1498    613    389
   450   1528    611    361
   451   1526    625    349
   452   1519    626    355
   453   1491    643    366
   454   1482    641    377
   455   1478    625    397
   456   1466    677    357
   457   1498    626    376
   458   1485    613    402
   459   1483    629    388
   460   1476    649    375
   461   1467    630    403
   462   1460    655    385
   463   1479    617    404
   464   1475    635    390
   465   1489    638    373
   466   1489    631    380
   467   1489    658    353
   468   1449    666    385
   469   1434    666    400
   470   1477    651    372
   471   1453    645    402
   472   1508    609    383
   473   1496    637    367
   474   1463    637    400
   475   1468    659    373
   476   1471    633    396
   477   1477    638    385
   478   1487    664    349
   479   1454    650    396
   480   1448    629    423
   481   1455    657    388
   482   1422    673    405
   483   1463    642    395
   484   1480    623    397
   485   1492    614    394
   486   1500    629    371
   487   1476    627    397
   488   1476    631    393
   489   1494    649    357
   490   1461    637    402
   491   1482    646    372
   492   1461    655    384
   493   1483    621    396
   494   1475    632    393
   495   1485    634    381
   496   1493    619    388
   497   1460    642    398
   498   1481    644    375
   499   1498    635    367
   500   1494    621    385
   501   1526    602    372
   502   1509    619    372
   503   1531    618    351
   504   1525    630    345
   505   1510    649    341
   506   1433    697    370
   507   1450    645    405
   508   1432    677    391
   509   1469    670    361
   510   1446    662    392
   511   1472    636    392
   512   1462    664    374
   513   1446    688    366
   514   1442    688    370
   515   1437    649    414
   516   1476    650    374
   517   1484    637    379
   518   1494    634    372
   519   1496    579    425
   520   1554    594    352
   521   1528    621    351
   522   1507    647    346
   523   1540    590    370
   524   1557    607    336
   525   1522    634    344
   526   1499    641    360
   527   1525    603    372
   528   1497    624    379
   529   1519    598    383
   530   1515    606    379
   531   1511    618    371
   532   1523    610    367
   533   1530    620    350
   534   1524    638    338
   535   1519    618    363
   536   1556    586    358
   537   1513    634    353
   538   1522    626    352
   539   1503    621    376
   540   1488    617    395
   541   1536    585    379
   542   1529    612    359
   543   1516    617    367
   544   1473    660    367
   545   1489    636    375
   546   1485    620    395
   547   1489    651    360
   548   1457    672    371
   549   1466    661    373
   550   1497    639    364
   551   1489    643    368
   552   1479    644    377
   553   1450    688    362
   554   1445    662    393
   555   1493    618    389
   556   1506    615    379
   557   1514    618    368
   558   1511    615    374
   559   1523    611    366
   560   1536    598    366
   561   1575    571    354
   562   1571    559    370
   563   1614    546    340
   564   1583    578    339
   565   1559    561    380
   566   1549    565    386
   567   1569    569    362
   568   1579    577    344
   569   1596    556    348
   570   1548    607    345
   571   1553    576    371
   572   1565    580    355
   573   1562    582    356
   574   1492    613    395
   575   1510    630    360
   576   1460    664    376
   577   1460    651    389
   578   1479    692    329
   579   1434    678    388
   580   1441    649    410
   581   1461    647    392
   582   1459    643    398
   583   1461    632    407
   584   1486    625    389
   585   1460    627    413
   586   1468    648    384
   587   1471    648    381
   588   1476    638    386
   589   1458    644    398
   590   1431    684    385
   591   1449    673    378
   592   1467    645    388
   593   1460    653    387
   594   1466    645    389
   595   1447    658    395
   596   1430    690    380
   597   1478    623    399
   598   1463    639    398
   599   1501    643    356
   600   1483    630    387
   601   1490    650    360
   602   1483    659    358
   603   1466    658    376
   604   1486    618    396
   605   1541    598    361
   606   1524    613    363
   607   1527    614    359
   608   1529    626    345
   609   1528    644    328
   610   1514    640    346
   611   1498    665    337
   612   1479    632    389
   613   1466    661    373
   614   1479    638    383
   615   1472    629    399
   616   1502    627    371
   617   1536    647    317
   618   1513    655    332
   619   1521    597    382
   620   1531    592    377
   621   1545    603    352
   622   1567    581    352
   623   1572    588    340
   624   1577    572    351
   625   1601    548    351
   626   1580    573    347
   627   1564    609    327
   628   1561    602    337
   629   1570    593    337
   630   1535    636    329
   631   1456    662    382
   632   1453    648    399
   633   1498    643    359
   634   1524    644    332
   635   1515    651    334
   636   1473    652    375
   637   1471    655    374
   638   1489    647    364
   639   1514    629    357
   640   1433    667    400
   641   1414    675    411
   642   1477    637    386
   643   1465    644    391
   644   1466    657    377
   645   1477    661    362
   646   1483    628    389
   647   1518    608    374
   648   1545    597    358
   649   1529    607    364
   650   1524    596    380
   651   1564    574    362
   652   1567    572    361
   653   1566    578    356
   654   1560    618    322
   655   1512    637    351
   656   1493    613    394
   657   1463    632    405
   658   1494    647    359
   659   1461    656    383
   660   1488    638    374
   661   1453    661    386
   662   1437    684    379
   663   1441    637    422
   664   1466    641    393
   665   1464    658    378
   666   1442    665    393
   667   1428    651    421
   668   1460    634    406
   669   1466    665    369
   670   1443    651    406
   671   1476    619    405
   672   1508    608    384
   673   1492    653    355
   674   1492    624    384
   675   1513    603    384
   676   1489    644    367
   677   1520    630    350
   678   1485    662    353
   679   1467    652    381
   680   1471    648    381
   681   1486    644    370
   682   1492    650    358
   683   1487    637    376
   684   1444    693    363
   685   1397    692    411
   686   1413    678    409
   687   1431    677    392
   688   1439    649    412
   689   1438    675    387
   690   1401    715    384
   691   1405    693    402
   692   1446    639    415
   693   1444    688    368
   694   1400    703    397
   695   1436    654    410
   696   1472    640    388
   697   1485    621    394
   698   1510    629    361
   699   1488    649    363
   700   1464    631    405
   701   1480    636    384
   702   1497    625    378
   703   1522    623    355
   704   1525    627    348
   705   1535    634    331
   706   1493    654    353
   707   1498    633    369
   708   1514    642    344
   709   1485    641    374
   710   1491    647    362
   711   1470    657    373
   712   1458    652    390
   713   1434    683    383
   714   1430    671    399
   715   1372    726    402
   716   1359    750    391
   717   1377    698    425
   718   1385    700    415
   719   1349    690    461
   720   1394    672    434
   721   1433    694    373
   722   1451    665    384
   723   1484    639    377
   724   1486    650    364
   725   1501    628    371
   726   1513    643    344
   727   1514    629    357
   728   1494    631    375
   729   1496    620    384
   730   1518    630    352
   731   1481    685    334
   732   1458    683    359
   733   1455    669    376
   734   1464    659    377
   735   1488    622    390
   736   1504    609    387
   737   1488    655    357
   738   1498    638    364
   739   1516    614    370
   740   1543    584    373
   741   1524    609    367
   742   1537    603    360
   743   1507    627    366
   744   1518    608    374
   745   1477    660    363
   746   1439    695    366
   747   1437    677    386
   748   1431    686    383
   749   1433    678    389
   750   1426    685    389
   751   1409    687    404
   752   1397    720    383
   753   1419    687    394
   754   1410    692    398
   755   1423    683    394
   756   1424    684    392
   757   1444    668    388
   758   1474    655    371
   759   1468    641    391
   760   1458    669    373
   761   1457    662    381
   762   1442    674    384
   763   1444    668    388
   764   1452    673    375
   765   1435    662    403
   766   1474    665    361
   767   1478    657    365
   768   1482    658    360
   769   1479    646    375
   770   1450    651    399
   771   1473    640    387
   772   1470    666    364
   773   1489    624    387
   774   1470    645    385
   775   1444    660    396
   776   1448    676    376
   777   1434    675    391
   778   1442    670    388
   779   1414    698    388
   780   1418    706    376
   781   1424    677    399
   782   1475    645    380
   783   1485    605    410
   784   1559    573    368
   785   1582    547    371
   786   1565    593    342
   787   1550    590    360
   788   1539    598    363
   789   1533    631    336
   790   1511    632    357
   791   1514    590    396
   792   1508    624    368
   793   1494    657    349
   794   1498    635    367
   795   1509    624    367
   796   1508    625    367
   797   1472    640    388
   798   1483    631    386
   799   1490    666    344
   800   1482    632    386
   801   1471    648    381
   802   1487    622    391
   803   1486    626    388
   804   1474    644    382
   805   1490    647    363
   806   1488    670    342
   807   1441    681    378
   808   1421    689    390
   809   1453    673    374
   810   1451    711    338
   811   1414    684    402
   812   1435    656    409
   813   1457    659    384
   814   1448    665    387
   815   1438    685    377
   816   1409    686    405
   817   1440    652    408
   818   1411    676    413
   819   1419    669    412
   820   1444    664    392
   821   1490    651    359
   822   1483    636    381
   823   1479    671    350
   824   1401    709    390
   825   1416    688    396
   826   1437    655    408
   827   1424    665    411
   828   1457    654    389
   829   1469    627    404
   830   1517    595    388
   831   1556    576    368
   832   1584    568    348
   833   1622    551    327
   834   1599    579    322
   835   1567    600    333
   836   1556    625    319
   837   1519    643    338
   838   1492    645    363
   839   1479    662    359
   840   1437    673    390
   841   1423    692    385
   842   1416    679    405
   843   1448    663    389
   844   1494    623    383
   845   1499    613    388
   846   1509    627    364
   847   1458    655    387
   848   1459    624    417
   849   1458    605    437
   850   1485    601    414
   851   1495    642    363
   852   1468    660    372
   853   1465    634    401
   854   1444    650    406
   855   1457    669    374
   856   1435    670    395
   857   1455    653    392
   858   1483    617    400
   859   1491    643    366
   860   1454    682    364
   861   1474    664    362
   862   1480    655    365
   863   1462    673    365
   864   1453    680    367
   865   1417    682    401
   866   1432    691    377
   867   1421    686    393
   868   1411    685    404
   869   1455    643    402
   870   1503    614    383
   871   1529    617    354
   872   1534    607    359
   873   1485    649    366
   874   1488    646    366
   875   1494    634    372
   876   1464    675    361
   877   1452    644    404
   878   1441    657    402
   879   1450    657    393
   880   1442    655    403
   881   1454    647    399
   882   1446    688    366
   883   1403    692    405
   884   1432    653    415
   885   1484    656    360
   886   1496    615    389
   887   1461    669    370
   888   1444    683    373
   889   1439    665    396
   890   1446    669    385
   891   1457    676    367
   892   1414    686    400
   893   1433    670    397
   894   1465    652    383
   895   1454    650    396
   896   1481    629    390
   897   1455    669    376
   898   1434    666    400
   899   1441    647    412
   900   1490    630    380
   901   1508    598    394
   902   1544    591    365
   903   1519    635    346
   904   1489    637    374
   905   1448    654    398
   906   1470    631    399
   907   1472    642    386
   908   1462    640    398
   909   1440    689    371
   910   1454    679    367
   911   1413    688    399
   912   1426    667    407
   913   1447    674    379
   914   1404    710    386
   915   1455    653    392
   916   1446    663    391
   917   1459    653    388
   918   1479    616    405
   919   1491    619    390
   920   1509    638    353
   921   1500    632    368
   922   1509    638    353
   923   1500    637    363
   924   1475    660    365
   925   1500    616    384
   926   1538    617    345
   927   1500    626    374
   928   1518    603    379
   929   1543    605    352
   930   1490    640    370
   931   1529    612    359
   932   1495    663    342
   933   1432    712    356
   934   1429    674    397
   935   1441    655    404
   936   1468    650    382
   937   1468    633    399
   938   1465    654    381
   939   1427    670    403
   940   1436    654    410
   941   1490    603    407
   942   1479    648    373
   943   1496    626    378
   944   1494    629    377
   945   1480    645    375
   946   1458    659    383
   947   1432    675    393
   948   1405    698    397
   949   1399    721    380
   950   1396    704    400
   951   1417    685    398
   952   1432    673    395
   953   1416    682    402
   954   1427    676    397
   955   1435    620    445
   956   1452    646    402
   957   1472    638    390
   958   1475    638    387
   959   1490    648    362
   960   1487    633    380
   961   1461    657    382
   962   1445    675    380
   963   1455    634    411
   964   1473    627    400
   965   1511    612    377
   966   1539    583    378
   967   1587    556    357
   968   1558    601    341
   969   1522    632    346
   970   1498    659    343
   971   1493    627    380
   972   1464    649    387
   973   1444    677    379
   974   1457    669    374
   975   1428    679    393
   976   1432    683    385
   977   1365    736    399
   978   1356    706    438
   979   1394    660    446
   980   1453    638    409
   981   1457    670    373
   982   1435    686    379
   983   1408    715    377
   984   1390    704    406
   985   1419    672    409
   986   1454    656    390
   987   1448    670    382
   988   1442    662    396
   989   1421    667    412
   990   1417    685    398
   991   1438    659    403
   992   1494    619    387
   993   1483    655    362
   994   1473    647    380
   995   1497    626    377
   996   1512    605    383
   997   1521    627    352
   998   1517    616    367
   999   1442    658    400
  1000   1458    666    376
