# time (sweeps) | Susceptible | Infected | Recovered
     0   1667    555    278
     1   1616    581    303
     2   1653    569    278
     3   1677    535    288
     4   1666    569    265
     5   1662    567    271
     6   1643    558    299
     7   1646    543    311
     8   1729    480    291
     9   1705    539    256
    10   1666    574    260
    11   1636    607    257
    12   1629    602    269
    13   1598    599    303
    14   1617    582    301
    15   1667    535    298
    16   1704    494    302
    17   1706    516    278
    18   1672    548    280
    19   1669    563    268
    20   1653    584    263
    21   1647    566    287
    22   1657    560    283
    23   1690    536    274
    24   1695    536    269
    25   1677    570    253
    26   1638    576    286
    27   1586    626    288
    28   1623    568    309
    29   1643    528    329
    30   1685    501    314
    31   1758    453    289
    32   1761    484    255
    33   1759    483    258
    34   1763    512    225
    35   1720    534    246
    36   1700    552    248
    37   1670    581    249
    38   1678    528    294
    39   1713    502    285
    40   1731    498    271
    41   1741    515    244
    42   1774    492    234
    43   1778    461    261
    44   1745    508    247
    45   1729    516    255
    46   1688    563    249
    47   1651    573    276
    48   1654    588    258
    49   1643    600    257
    50   1639    594    267
    51   1636    577    287
    52   1632    570    298
    53   1644    568    288
    54   1624    570    306
    55   1615    587    298
    56   1605    615    280
    57   1572    603    325
    58   1623    581    296
    59   1624    592    284
    60   1642    560    298
    61   1640    552    308
    62   1675    540    285
    63   1673    544    283
    64   1694    546    260
    65   1687    555    258
    66   1645    580    275
    67   1637    581    282
    68   1632    587    281
    69   1628    614    258
    70   1631    571    298
    71   1610    598    292
    72   1605    606    289
    73   1595    626    279
    74   1572    638    290
    75   1574    625    301
    76   1567    644    289
    77   1552    632    316
    78   1584    612    304
    79   1594    604    302
    80   1664    528    308
    81   1669    559    272
    82   1627    568    305
    83   1683    555    262
    84   1679    541    280
    85   1679    540    281
    86   1697    538    265
    87   1636    604    260
    88   1611    606    283
    89   1622    594    284
    90   1576    627    297
    91   1582    616    302
    92   1600    606    294
    93   1612    580    308
    94   1616    594    290
    95   1623    606    271
    96   1635    595    270
    97   1655    572    273
    98   1629    583    288
    99   1627    591    282
   100   1624    567    309
   101   1601    599    300
   102   1616    587    297
   103   1633    585    282
   104   1599    616    285
   105   1597    597    306
   106   1594    570    336
   107   1654    530    316
   108   1632    583    285
   109   1634    582    284
   110   1632    593    275
   111   1581    621    298
   112   1564    596    340
   113   1612    558    330
   114   1659    533    308
   115   1688    529    283
   116   1686    553    261
   117   1680    551    269
   118   1665    551    284
   119   1656    562    282
   120   1661    562    277
   121   1668    550    282
   122   1685    556    259
   123   1681    552    267
   124   1655    570    275
   125   1666    561    273
   126   1638    572    290
   127   1628    592    280
   128   1646    576    278
   129   1636    587    277
   130   1610    606    284
   131   1621    571    308
   132   1658    558    284
   133   1651    576    273
   134   1644    567    289
   135   1663    557    280
   136   1664    576    260
   137   1661    538    301
   138   1684    541    275
   139   1681    531    288
   140   1739    511    250
   141   1730    531    239
   142   1696    552    252
   143   1675    562    263
   144   1655    571    274
   145   1663    547    290
   146   1663    552    285
   147   1650    577    273
   148   1651    567    282
   149   1636    572    292
   150   1633    585    282
   151   1628    601    271
   152   1617    606    277
   153   1622    584    294
   154   1629    593    278
   155   1628    575    297
   156   1667    565    268
   157   1620    590    290
   158   1657    553    290
   159   1669    562    269
   160   1641    589    270
   161   1635    584    281
   162   1620    597    283
   163   1666    560    274
   164   1660    555    285
   165   1655    554    291
   166   1657    563    280
   167   1650    538    312
   168   1681    530    289
   169   1680    535    285
   170   1697    527    276
   171   1722    501    277
   172   1708    542    250
   173   1677    566    257
   174   1655    563    282
   175   1683    535    282
   176   1670    531    299
   177   1670    556    274
   178   1664    566    270
   179   1674    560    266
   180   1658    570    272
   181   1673    529    298
   182   1731    476    293
   183   1752    499    249
   184   1725    511    264
   185   1708    519    273
   186   1718    485    297
   187   1754    488    258
   188   1765    483    252
   189   1749    482    269
   190   1799    466    235
   191   1765    504    231
   192   1739    527    234
   193   1756    514    230
   194   1734    508    258
   195   1739    519    242
   196   1728    497    275
   197   1769    470    261
   198   1767    488    245
   199   1725    509    266
   200   1708    543    249
   201   1697    542    261
   202   1670    545    285
   203   1672    553    275
   204   1705    520    275
   205   1716    513    271
   206   1687    544    269
   207   1671    547    282
   208   1711    521    268
   209   1709    519    272
   210   1700    523    277
   211   1721    509    270
   212   1711    518    271
   213   1707    535    258
   214   1683    559    258
   215   1703    516    281
   216   1686    531    283
   217   1719    514    267
   218   1757    485    258
   219   1717    548    235
   220   1721    517    262
   221   1734    502    264
   222   1723    522    255
   223   1717    551    232
   224   1714    534    252
   225   1689    531    280
   226   1697    529    274
   227   1742    505    253
   228   1718    510    272
   229   1724    509    267
   230   1709    512    279
   231   1732    494    274
   232   1697    550    253
   233   1660    557    283
   234   1653    557    290
   235   1648    593    259
   236   1604    621    275
   237   1566    632    302
   238   1605    584    311
   239   1605    607    288
   240   1615    580    305
   241   1609    593    298
   242   1609    587    304
   243   1635    599    266
   244   1633    578    289
   245   1634    573    293
   246   1660    564    276
   247   1642    577    281
   248   1616    608    276
   249   1629    578    293
   250   1639    564    297
   251   1667    538    295
   252   1659    546    295
   253   1673    540    287
   254   1669    573    258
   255   1690    533    277
   256   1699    522    279
   257   1726    509    265
   258   1696    535    269
   259   1641    578    281
   260   1632    575    293
   261   1653    558    289
   262   1638    582    280
   263   1620    579    301
   264   1616    590    294
   265   1581    617    302
   266   1582    616    302
   267   1593    611    296
   268   1646    580    274
   269   1616    587    297
   270   1622    560    318
   271   1622    593    285
   272   1614    607    279
   273   1597    609    294
   274   1576    609    315
   275   1603    572    325
   276   1639    558    303
   277   1628    595    277
   278   1615    596    289
   279   1614    591    295
   280   1600    616    284
   281   1615    581    304
   282   1598    596    306
   283   1614    608    278
   284   1600    596    304
   285   1619    604    277
   286   1609    610    281
   287   1596    631    273
   288   1608    600    292
   289   1628    584    288
   290   1640    582    278
   291   1642    565    293
   292   1634    582    284
   293   1636    587    277
   294   1624    565    311
   295   1653    559    288
   296   1673    556    271
   297   1706    521    273
   298   1657    554    289
   299   1677    534    289
   300   1732    509    259
   301   1693    539    268
   302   1683    554    263
   303   1659    575    266
   304   1668    558    274
   305   1653    559    288
   306   1651    572    277
   307   1668    565    267
   308   1670    582    248
   309   1663    590    247
   310   1610    607    283
   311   1616    596    288
   312   1611    597    292
   313   1616    595    289
   314   1623    577    300
   315   1659    570    271
   316   1649    562    289
   317   1663    533    304
   318   1710    525    265
   319   1720    516    264
   320   1687    540    273
   321   1720    503    277
   322   1719    502    279
   323   1718    518    264
   324   1707    516    277
   325   1697    506    297
   326   1705    527    268
   327   1682    557    261
   328   1724    524    252
   329   1705    518    277
   330   1717    521    262
   331   1702    521    277
   332   1718    508    274
   333   1775    481    244
   334   1771    479    250
   335   1724    527    249
   336   1722    530    248
   337   1715    529    256
   338   1700    531    269
   339   1752    509    239
   340   1738    519    243
   341   1680    562    258
   342   1706    537    257
   343   1695    534    271
   344   1695    545    260
   345   1699    528    273
   346   1686    548    266
   347   1656    571    273
   348   1609    614    277
   349   1650    564    286
   350   1618    590    292
   351   1679    549    272
   352   1655    571    274
   353   1665    565    270
   354   1665    537    298
   355   1655    566    279
   356   1644    568    288
   357   1639    559    302
   358   1629    575    296
   359   1639    570    291
   360   1680    540    280
   361   1699    546    255
   362   1681    535    284
   363   1666    571    263
   364   1638    568    294
   365   1624    584    292
   366   1658    567    275
   367   1607    603    290
   368   1651    560    289
   369   1669    535    296
   370   1678    532    290
   371   1735    509    256
   372   1729    515    256
   373   1723    510    267
   374   1731    508    261
   375   1747    501    252
   376   1757    508    235
   377   1727    480    293
   378   1760    480    260
   379   1739    513    248
   380   1747    492    261
   381   1742    515    243
   382   1716    537    247
   383   1703    564    233
   384   1658    586    256
   385   1641    570    289
   386   1641    579    280
   387   1649    566    285
   388   1674    540    286
   389   1690    525    285
   390   1694    526    280
   391   1686    516    298
   392   1684    529    287
   393   1691    539    270
   394   1680    548    272
   395   1658    557    285
   396   1622    573    305
   397   1628    590    282
   398   1634    567    299
   399   1627    578    295
   400   1655    560    285
   401   1618    611    271
   402   1607    584    309
   403   1627    587    286
   404   1640    561    299
   405   1655    546    299
   406   1633    594    273
   407   1631    614    255
   408   1621    591    288
   409   1617    579    304
   410   1619    580    301
   411   1598    588    314
   412   1609    589    302
   413   1589    583    328
   414   1584    604    312
   415   1591    614    295
   416   1597    589    314
   417   1564    640    296
   418   1607    617    276
   419   1618    591    291
   420   1606    622    272
   421   1617    595    288
   422   1621    576    303
   423   1640    573    287
   424   1643    575    282
   425   1638    572    290
   426   1653    552    295
   427   1685    526    289
   428   1691    540    269
   429   1672    565    263
   430   1665    565    270
   431   1693    540    267
   432   1658    562    280
   433   1671    550    279
   434   1688    554    258
   435   1685    559    256
   436   1627    567    306
   437   1655    548    297
   438   1668    564    268
   439   1673    556    271
   440   1666    544    290
   441   1697    516    287
   442   1711    532    257
   443   1702    532    266
   444   1675    560    265
   445   1637    577    286
   446   1624    572    304
   447   1637    554    309
   448   1669    543    288
   449   1684    530    286
   450   1645    533    322
   451   1711    493    296
   452   1704    519    277
   453   1696    530    274
   454   1686    544    270
   455   1692    530    278
   456   1689    556    255
   457   1656    586    258
   458   1657    571    272
   459   1633    599    268
   460   1651    564    285
   461   1644    592    264
   462   1619    575    306
   463   1646    551    303
   464   1621    565    314
   465   1657    579    264
   466   1675    545    280
   467   1647    560    293
   468   1680    558    262
   469   1702    546    252
   470   1671    574    255
   471   1637    579    284
   472   1673    538    289
   473   1674    541    285
   474   1693    539    268
   475   1718    509    273
   476   1704    561    235
   477   1677    559    264
   478   1690    571    239
   479   1685    550    265
   480   1673    550    277
   481   1656    566    278
   482   1646    570    284
   483   1666    556    278
   484   1698    525    277
   485   1670    552    278
   486   1672    556    272
   487   1665    581    254
   488   1640    589    271
   489   1676    553    271
   490   1698    521    281
   491   1711    558    231
   492   1662    542    296
   493   1684    536    280
   494   1674    562    264
   495   1671    566    263
   496   1662    572    266
   497   1624    589    287
   498   1647    567    286
   499   1627    561    312
   500   1659    546    295
   501   1687    553    260
   502   1683    555    262
   503   1659    541    300
   504   1688    526    286
   505   1708    518    274
   506   1735    496    269
   507   1690    546    264
   508   1667    558    275
   509   1666    545    289
   510   1675    558    267
   511   1685    538    277
   512   1666    570    264
   513   1631    594    275
   514   1631    604    265
   515   1576    622    302
   516   1583    619    298
   517   1570    618    312
   518   1608    573    319
   519   1628    574    298
   520   1660    575    265
   521   1667    578    255
   522   1670    552    278
   523   1650    566    284
   524   1630    575    295
   525   1618    595    287
   526   1643    583    274
   527   1646    576    278
   528   1629    589    282
   529   1576    626    298
   530   1552    634    314
   531   1554    624    322
   532   1589    560    351
   533   1617    564    319
   534   1647    562    291
   535   1643    576    281
   536   1675    561    264
   537   1686    539    275
   538   1707    517    276
   539   1673    593    234
   540   1625    585    290
   541   1644    539    317
   542   1657    535    308
   543   1696    523    281
   544   1706    518    276
   545   1698    537    265
   546   1719    528    253
   547   1740    510    250
   548   1721    504    275
   549   1719    511    270
   550   1730    493    277
   551   1759    477    264
   552   1784    477    239
   553   1725    519    256
   554   1715    521    264
   555   1723    505    272
   556   1672    553    275
   557   1670    552    278
   558   1711    522    267
   559   1683    557    260
   560   1674    553    273
   561   1654    584    262
   562   1659    571    270
   563   1645    571    284
   564   1636    584    280
   565   1656    562    282
   566   1655    555    290
   567   1639    561    300
   568   1648    564    288
   569   1649    559    292
   570   1692    561    247
   571   1678    544    278
   572   1662    544    294
   573   1704    536    260
   574   1686    543    271
   575   1672    578    250
   576   1678    555    267
   577   1698    529    273
   578   1691    537    272
   579   1697    534    269
   580   1650    571    279
   581   1661    543    296
   582   1660    544    296
   583   1703    531    266
   584   1672    570    258
   585   1668    549    283
   586   1680    537    283
   587   1649    606    245
   588   1609    608    283
   589   1569    648    283
   590   1612    567    321
   591   1596    597    307
   592   1645    565    290
   593   1637    585    278
   594   1621    602    277
   595   1655    556    289
   596   1648    578    274
   597   1628    588    284
   598   1635    565    300
   599   1641    567    292
   600   1631    597    272
   601   1609    608    283
   602   1624    587    289
   603   1642    569    289
   604   1658    572    270
   605   1688    556    256
   606   1674    541    285
   607   1680    556    264
   608   1639    579    282
   609   1635    570    295
   610   1622    573    305
   611   1610    571    319
   612   1676    555    269
   613   1679    584    237
   614   1639    585    276
   615   1640    599    261
   616   1630    588    282
   617   1647    570    283
   618   1675    568    257
   619   1701    520    279
   620   1685    545    270
   621   1680    539    281
   622   1676    559    265
   623   1669    534    297
   624   1689    524    287
   625   1701    538    261
   626   1693    556    251
   627   1703    533    264
   628   1648    596    256
   629   1641    592    267
   630   1628    568    304
   631   1610    564    326
   632   1658    550    292
   633   1679    534    287
   634   1679    555    266
   635   1704    549    247
   636   1696    536    268
   637   1724    506    270
   638   1739    498    263
   639   1726    535    239
   640   1730    506    264
   641   1747    495    258
   642   1758    504    238
   643   1745    499    256
   644   1739    485    276
   645   1743    489    268
   646   1779    480    241
   647   1785    465    250
   648   1785    486    229
   649   1739    543    218
   650   1711    516    273
   651   1698    550    252
   652   1696    557    247
   653   1632    601    267
   654   1624    604    272
   655   1649    585    266
   656   1659    570    271
   657   1671    547    282
   658   1650    571    279
   659   1620    577    303
   660   1674    557    269
   661   1659    559    282
   662   1649    573    278
   663   1648    576    276
   664   1645    591    264
   665   1610    602    288
   666   1587    621    292
   667   1616    603    281
   668   1619    597    284
   669   1610    576    314
   670   1629    580    291
   671   1637    598    265
   672   1642    571    287
   673   1630    579    291
   674   1640    562    298
   675   1672    554    274
   676   1682    545    273
   677   1692    549    259
   678   1656    580    264
   679   1672    567    261
   680   1683    538    279
   681   1686    518    296
   682   1670    564    266
   683   1694    538    268
   684   1718    520    262
   685   1719    523    258
   686   1704    532    264
   687   1722    501    277
   688   1736    486    278
   689   1769    473    258
   690   1731    524    245
   691   1718    543    239
   692   1701    526    273
   693   1697    536    267
   694   1683    562    255
   695   1696    526    278
   696   1724    532    244
   697   1687    542    271
   698   1685    534    281
   699   1709    518    273
   700   1713    497    290
   701   1723    492    285
   702   1746    496    258
   703   1710    525    265
   704   1721    490    289
   705   1778    465    257
   706   1779    465    256
   707   1776    479    245
   708   1750    486    264
   709   1768    483    249
   710   1760    493    247
   711   1767    485    248
   712   1750    513    237
   713   1760    491    249
   714   1761    493    246
   715   1721    534    245
   716   1686    560    254
   717   1663    579    258
   718   1662    575    263
   719   1639    584    277
   720   1662    543    295
   721   1667    546    287
   722   1669    543    288
   723   1667    548    285
   724   1680    546    274
   725   1673    547    280
   726   1679    546    275
   727   1658    566    276
   728   1672    548    280
   729   1700    517    283
   730   1711    519    270
   731   1727    524    249
   732   1700    527    273
   733   1693    531    276
   734   1664    570    266
   735   1654    582    264
   736   1634    599    267
   737   1659    558    283
   738   1654    548    298
   739   1684    540    276
   740   1693    528    279
   741   1679    554    267
   742   1664    558    278
   743   1648    558    294
   744   1660    544    296
   745   1676    556    268
   746   1657    562    281
   747   1686    546    268
   748   1675    547    278
   749   1672    547    281
   750   1679    541    280
   751   1634    588    278
   752   1623    584    293
   753   1620    579    301
   754   1657    559    284
   755   1678    561    261
   756   1629    595    276
   757   1642    566    292
   758   1644    577    279
   759   1672    550    278
   760   1699    543    258
   761   1686    533    281
   762   1670    537    293
   763   1665    556    279
   764   1636    602    262
   765   1651    577    272
   766   1634    594    272
   767   1644    571    285
   768   1613    600    287
   769   1614    585    301
   770   1617    595    288
   771   1650    564    286
   772   1633    592    275
   773   1598    610    292
   774   1585    640    275
   775   1574    614    312
   776   1577    618    305
   777   1579    618    303
   778   1618    586    296
   779   1642    568    290
   780   1656    558    286
   781   1651    567    282
   782   1657    578    265
   783   1612    608    280
   784   1602    624    274
   785   1584    637    279
   786   1560    639    301
   787   1593    595    312
   788   1611    581    308
   789   1670    558    272
   790   1675    548    277
   791   1694    520    286
   792   1721    503    276
   793   1762    494    244
   794   1703    533    264
   795   1667    558    275
   796   1661    557    282
   797   1680    551    269
   798   1650    566    284
   799   1678    538    284
   800   1676    544    280
   801   1668    560    272
   802   1638    572    290
   803   1663    558    279
   804   1629    599    272
   805   1628    582    290
   806   1626    584    290
   807   1591    623    286
   808   1611    596    293
   809   1654    564    282
   810   1622    598    280
   811   1636    562    302
   812   1634    564    302
   813   1668    539    293
   814   1678    558    264
   815   1640    584    276
   816   1639    573    288
   817   1660    559    281
   818   1637    576    287
   819   1644    575    281
   820   1617    591    292
   821   1602    588    310
   822   1619    578    303
   823   1624    567    309
   824   1644    552    304
   825   1683    539    278
   826   1694    549    257
   827   1651    571    278
   828   1628    580    292
   829   1648    562    290
   830   1631    597    272
   831   1635    582    283
   832   1621    572    307
   833   1661    568    271
   834   1657    557    286
   835   1678    544    278
   836   1689    531    280
   837   1698    517    285
   838   1694    562    244
   839   1729    493    278
   840   1740    509    251
   841   1747    517    236
   842   1701    540    259
   843   1659    567    274
   844   1661    566    273
   845   1682    541    277
   846   1714    527    259
   847   1680    537    283
   848   1650    561    289
   849   1638    582    280
   850   1668    555    277
   851   1675    546    279
   852   1703    530    267
   853   1719    488    293
   854   1744    496    260
   855   1735    523    242
   856   1703    537    260
   857   1708    532    260
   858   1690    549    261
   859   1693    546    261
   860   1678    561    261
   861   1675    568    257
   862   1649    564    287
   863   1659    583    258
   864   1678    559    263
   865   1679    563    258
   866   1682    531    287
   867   1687    535    278
   868   1705    518    277
   869   1706    528    266
   870   1707    537    256
   871   1694    544    262
   872   1668    516    316
   873   1701    510    289
   874   1719    520    261
   875   1693    543    264
   876   1698    561    241
   877   1698    543    259
   878   1724    509    267
   879   1717    520    263
   880   1703    531    266
   881   1689    546    265
   882   1665    547    288
   883   1709    509    282
   884   1704    519    277
   885   1699    530    271
   886   1692    561    247
   887   1683    528    289
   888   1666    566    268
   889   1679    547    274
   890   1675    577    248
   891   1672    570    258
   892   1645    593    262
   893   1643    552    305
   894   1640    555    305
   895   1664    536    300
   896   1690    523    287
   897   1704    518    278
   898   1682    556    262
   899   1671    554    275
   900   1662    576    262
   901   1621    604    275
   902   1603    584    313
   903   1617    590    293
   904   1606    592    302
   905   1600    618    282
   906   1570    614    316
   907   1632    576    292
   908   1651    577    272
   909   1633    583    284
   910   1628    581    291
   911   1604    596    300
   912   1632    569    299
   913   1649    582    269
   914   1667    561    272
   915   1654    562    284
   916   1650    575    275
   917   1628    586    286
   918   1691    529    280
   919   1718    531    251
   920   1711    514    275
   921   1727    522    251
   922   1694    542    264
   923   1697    517    286
   924   1699    530    271
   925   1721    533    246
   926   1707    531    262
   927   1678    584    238
   928   1666    560    274
   929   1675    570    255
   930   1609    601    290
   931   1637    591    272
   932   1621    616    263
   933   1596    609    295
   934   1657    557    286
   935   1668    551    281
   936   1691    530    279
   937   1697    518    285
   938   1730    504    266
   939   1722    512    266
   940   1685    546    269
   941   1655    564    281
   942   1672    567    261
   943   1664    562    274
   944   1690    512    298
   945   1762    475    263
   946   1781    473    246
   947   1761    490    249
   948   1774    498    228
   949   1739    510    251
   950   1737    492    271
   951   1753    484    263
   952   1782    501    217
   953   1758    508    234
   954   1770    511    219
   955   1745    505    250
   956   1783    475    242
   957   1768    496    236
   958   1734    517    249
   959   1716    541    243
   960   1676    549    275
   961   1657    588    255
   962   1644    560    296
   963   1654    541    305
   964   1628    588    284
   965   1634    587    279
   966   1660    571    269
   967   1660    534    306
   968   1691    543    266
   969   1691    536    273
   970   1695    552    253
   971   1692    546    262
   972   1644    587    269
   973   1653    561    286
   974   1678    534    288
   975   1699    512    289
   976   1691    556    253
   977   1641    584    275
   978   1673    537    290
   979   1671    577    252
   980   1688    544    268
   981   1671    557    272
   982   1660    541    299
   983   1651    564    285
   984   1628    593    279
   985   1619    573    308
   986   1632    572    296
   987   1656    553    291
   988   1654    569    277
   989   1641    546    313
   990   1673    563    264
   991   1669    556    275
   992   1644    579    277
   993   1640    569    291
   994   1655    569    276
   995   1617    570    313
   996   1666    557    277
   997   1631    582    287
   998   1614    592    294
   999   1635    574    291
  1000   1601    573    326
