# time (sweeps) | Susceptible | Infected | Recovered
     0   1233    861    406
     1   1222    867    411
     2   1273    821    406
     3   1253    827    420
     4   1269    792    439
     5   1317    775    408
     6   1285    841    374
     7   1263    827    410
     8   1287    804    409
     9   1235    834    431
    10   1278    787    435
    11   1294    797    409
    12   1283    802    415
    13   1285    801    414
    14   1229    863    408
    15   1236    864    400
    16   1217    872    411
    17   1244    852    404
    18   1224    866    410
    19   1258    822    420
    20   1239    848    413
    21   1241    838    421
    22   1289    786    425
    23   1284    797    419
    24   1287    814    399
    25   1295    802    403
    26   1280    816    404
    27   1271    811    418
    28   1270    825    405
    29   1270    833    397
    30   1272    844    384
    31   1278    818    404
    32   1213    891    396
    33   1217    841    442
    34   1260    804    436
    35   1316    759    425
    36   1276    816    408
    37   1316    774    410
    38   1309    772    419
    39   1309    790    401
    40   1267    818    415
    41   1281    785    434
    42   1262    827    411
    43   1218    852    430
    44   1260    813    427
    45   1235    851    414
    46   1225    862    413
    47   1234    854    412
    48   1230    866    404
    49   1236    856    408
    50   1222    868    410
    51   1329    774    397
    52   1293    802    405
    53   1259    833    408
    54   1279    785    436
    55   1332    773    395
    56   1263    835    402
    57   1220    862    418
    58   1215    889    396
    59   1223    866    411
    60   1224    860    416
    61   1244    811    445
    62   1253    851    396
    63   1242    826    432
    64   1238    841    421
    65   1271    813    416
    66   1291    787    422
    67   1287    815    398
    68   1238    862    400
    69   1170    921    409
    70   1213    864    423
    71   1201    871    428
    72   1239    823    438
    73   1219    848    433
    74   1229    864    407
    75   1227    830    443
    76   1241    834    425
    77   1273    822    405
    78   1283    803    414
    79   1307    787    406
    80   1257    870    373
    81   1202    871    427
    82   1227    842    431
    83   1237    845    418
    84   1291    847    362
    85   1252    843    405
    86   1263    846    391
    87   1257    842    401
    88   1222    868    410
    89   1239    860    401
    90   1234    866    400
    91   1234    866    400
    92   1222    859    419
    93   1241    853    406
    94   1349    771    380
    95   1299    805    396
    96   1285    819    396
    97   1272    836    392
    98   1263    820    417
    99   1226    860    414
   100   1191    894    415
   101   1224    863    413
   102   1255    808    437
   103   1228    843    429
   104   1282    816    402
   105   1277    815    408
   106   1272    815    413
   107   1199    849    452
   108   1311    765    424
   109   1282    811    407
   110   1296    798    406
   111   1227    824    449
   112   1270    832    398
   113   1238    861    401
   114   1229    861    410
   115   1262    829    409
   116   1273    813    414
   117   1289    826    385
   118   1305    804    391
   119   1268    820    412
   120   1308    810    382
   121   1328    795    377
   122   1281    826    393
   123   1256    835    409
   124   1206    863    431
   125   1254    812    434
   126   1231    864    405
   127   1199    868    433
   128   1222    872    406
   129   1215    849    436
   130   1235    825    440
   131   1261    832    407
   132   1260    844    396
   133   1310    799    391
   134   1356    775    369
   135   1272    831    397
   136   1299    827    374
   137   1255    847    398
   138   1251    838    411
   139   1270    830    400
   140   1277    813    410
   141   1242    840    418
   142   1250    854    396
   143   1250    821    429
   144   1245    833    422
   145   1244    863    393
   146   1253    854    393
   147   1230    857    413
   148   1186    872    442
   149   1283    798    419
   150   1267    816    417
   151   1212    845    443
   152   1274    794    432
   153   1235    831    434
   154   1258    805    437
   155   1270    810    420
   156   1299    834    367
   157   1296    822    382
   158   1232    865    403
   159   1243    857    400
   160   1234    878    388
   161   1211    857    432
   162   1232    850    418
   163   1237    835    428
   164   1282    800    418
   165   1290    795    415
   166   1247    847    406
   167   1215    854    431
   168   1214    858    428
   169   1202    875    423
   170   1283    784    433
   171   1225    839    436
   172   1259    857    384
   173   1202    884    414
   174   1221    883    396
   175   1241    809    450
   176   1290    803    407
   177   1295    770    435
   178   1262    807    431
   179   1273    813    414
   180   1197    884    419
   181   1183    886    431
   182   1205    854    441
   183   1243    835    422
   184   1245    828    427
   185   1244    818    438
   186   1258    803    439
   187   1262    803    435
   188   1279    811    410
   189   1276    820    404
   190   1270    840    390
   191   1261    825    414
   192   1218    880    402
   193   1213    853    434
   194   1216    850    434
   195   1185    880    435
   196   1181    894    425
   197   1177    902    421
   198   1145    886    469
   199   1246    834    420
   200   1272    809    419
   201   1321    785    394
   202   1286    827    387
   203   1219    846    435
   204   1225    868    407
   205   1230    855    415
   206   1223    851    426
   207   1188    857    455
   208   1218    828    454
   209   1278    811    411
   210   1276    830    394
   211   1273    829    398
   212   1259    821    420
   213   1267    832    401
   214   1214    844    442
   215   1319    761    420
   216   1332    779    389
   217   1343    743    414
   218   1317    760    423
   219   1282    804    414
   220   1265    841    394
   221   1256    837    407
   222   1284    820    396
   223   1241    839    420
   224   1268    804    428
   225   1305    834    361
   226   1295    805    400
   227   1250    828    422
   228   1215    848    437
   229   1180    914    406
   230   1192    880    428
   231   1205    867    428
   232   1247    829    424
   233   1330    780    390
   234   1308    807    385
   235   1276    812    412
   236   1241    848    411
   237   1244    829    427
   238   1277    839    384
   239   1217    855    428
   240   1215    857    428
   241   1166    913    421
   242   1190    918    392
   243   1246    850    404
   244   1259    839    402
   245   1191    890    419
   246   1211    859    430
   247   1250    831    419
   248   1277    813    410
   249   1309    793    398
   250   1310    792    398
   251   1181    921    398
   252   1222    855    423
   253   1254    823    423
   254   1271    802    427
   255   1322    772    406
   256   1242    869    389
   257   1220    888    392
   258   1214    878    408
   259   1233    829    438
   260   1298    802    400
   261   1255    840    405
   262   1245    847    408
   263   1220    858    422
   264   1225    827    448
   265   1288    803    409
   266   1288    787    425
   267   1296    806    398
   268   1251    858    391
   269   1261    825    414
   270   1290    824    386
   271   1309    832    359
   272   1247    849    404
   273   1238    867    395
   274   1241    844    415
   275   1269    827    404
   276   1308    787    405
   277   1306    789    405
   278   1265    826    409
   279   1275    811    414
   280   1279    813    408
   281   1235    861    404
   282   1268    800    432
   283   1231    853    416
   284   1236    812    452
   285   1239    860    401
   286   1196    886    418
   287   1287    817    396
   288   1291    811    398
   289   1243    842    415
   290   1290    793    417
   291   1292    808    400
   292   1244    843    413
   293   1245    840    415
   294   1257    829    414
   295   1226    862    412
   296   1265    812    423
   297   1270    811    419
   298   1316    788    396
   299   1236    845    419
   300   1250    835    415
   301   1285    794    421
   302   1302    785    413
   303   1276    829    395
   304   1273    820    407
   305   1222    861    417
   306   1305    804    391
   307   1282    829    389
   308   1214    887    399
   309   1195    901    404
   310   1223    844    433
   311   1218    844    438
   312   1226    814    460
   313   1275    797    428
   314   1275    806    419
   315   1281    815    404
   316   1259    831    410
   317   1250    871    379
   318   1235    875    390
   319   1161    924    415
   320   1195    913    392
   321   1245    812    443
   322   1257    820    423
   323   1279    835    386
   324   1309    799    392
   325   1247    861    392
   326   1256    848    396
   327   1272    844    384
   328   1242    830    428
   329   1288    796    416
   330   1310    804    386
   331   1303    775    422
   332   1301    796    403
   333   1309    795    396
   334   1311    801    388
   335   1241    854    405
   336   1220    833    447
   337   1287    783    430
   338   1270    793    437
   339   1281    801    418
   340   1284    799    417
   341   1267    793    440
   342   1268    831    401
   343   1274    841    385
   344   1291    791    418
   345   1279    793    428
   346   1287    807    406
   347   1243    852    405
   348   1268    804    428
   349   1307    788    405
   350   1323    800    377
   351   1278    830    392
   352   1268    820    412
   353   1212    877    411
   354   1242    865    393
   355   1202    905    393
   356   1193    887    420
   357   1266    811    423
   358   1246    860    394
   359   1258    827    415
   360   1304    799    397
   361   1294    800    406
   362   1281    810    409
   363   1244    840    416
   364   1198    877    425
   365   1237    870    393
   366   1202    876    422
   367   1245    803    452
   368   1216    852    432
   369   1252    834    414
   370   1221    875    404
   371   1278    816    406
   372   1224    875    401
   373   1210    866    424
   374   1219    829    452
   375   1237    822    441
   376   1208    868    424
   377   1212    870    418
   378   1277    830    393
   379   1257    859    384
   380   1232    856    412
   381   1192    891    417
   382   1226    817    457
   383   1272    810    418
   384   1246    840    414
   385   1243    843    414
   386   1265    803    432
   387   1288    812    400
   388   1239    852    409
   389   1270    787    443
   390   1271    829    400
   391   1269    812    419
   392   1265    811    424
   393   1292    772    436
   394   1277    811    412
   395   1251    846    403
   396   1251    860    389
   397   1297    772    431
   398   1295    804    401
   399   1299    810    391
   400   1323    759    418
   401   1350    769    381
   402   1263    813    424
   403   1262    822    416
   404   1251    870    379
   405   1260    838    402
   406   1253    845    402
   407   1238    845    417
   408   1269    803    428
   409   1246    846    408
   410   1236    854    410
   411   1209    887    404
   412   1210    887    403
   413   1233    868    399
   414   1276    819    405
   415   1269    823    408
   416   1304    782    414
   417   1328    797    375
   418   1299    793    408
   419   1266    841    393
   420   1256    847    397
   421   1170    902    428
   422   1165    903    432
   423   1163    865    472
   424   1227    816    457
   425   1261    803    436
   426   1268    857    375
   427   1242    845    413
   428   1276    833    391
   429   1261    830    409
   430   1243    834    423
   431   1239    812    449
   432   1238    811    451
   433   1262    811    427
   434   1234    850    416
   435   1220    848    432
   436   1228    843    429
   437   1263    824    413
   438   1273    818    409
   439   1288    780    432
   440   1302    820    378
   441   1247    872    381
   442   1293    816    391
   443   1254    870    376
   444   1247    860    393
   445   1251    860    389
   446   1234    878    388
   447   1214    838    448
   448   1234    860    406
   449   1253    832    415
   450   1224    840    436
   451   1265    829    406
   452   1270    819    411
   453   1260    845    395
   454   1273    815    412
   455   1290    816    394
   456   1269    841    390
   457   1285    837    378
   458   1287    838    375
   459   1263    841    396
   460   1240    837    423
   461   1249    801    450
   462   1264    791    445
   463   1289    783    428
   464   1295    801    404
   465   1310    789    401
   466   1310    793    397
   467   1228    879    393
   468   1251    805    444
   469   1252    824    424
   470   1234    838    428
   471   1263    822    415
   472   1249    838    413
   473   1270    817    413
   474   1244    847    409
   475   1218    869    413
   476   1247    831    422
   477   1199    874    427
   478   1225    864    411
   479   1244    833    423
   480   1264    825    411
   481   1293    804    403
   482   1249    826    425
   483   1270    799    431
   484   1266    814    420
   485   1271    828    401
   486   1284    831    385
   487   1246    824    430
   488   1259    826    415
   489   1244    826    430
   490   1236    852    412
   491   1272    774    454
   492   1302    790    408
   493   1306    807    387
   494   1265    832    403
   495   1258    837    405
   496   1231    853    416
   497   1232    872    396
   498   1254    784    462
   499   1296    782    422
   500   1284    819    397
   501   1270    823    407
   502   1204    891    405
   503   1237    838    425
   504   1233    829    438
   505   1263    793    444
   506   1278    814    408
   507   1269    808    423
   508   1256    858    386
   509   1271    834    395
   510   1187    897    416
   511   1166    896    438
   512   1207    864    429
   513   1191    907    402
   514   1204    881    415
   515   1203    880    417
   516   1253    839    408
   517   1253    840    407
   518   1271    832    397
   519   1229    867    404
   520   1249    846    405
   521   1240    841    419
   522   1222    858    420
   523   1199    870    431
   524   1288    784    428
   525   1296    795    409
   526   1243    821    436
   527   1289    816    395
   528   1228    849    423
   529   1302    775    423
   530   1346    774    380
   531   1284    848    368
   532   1205    883    412
   533   1236    817    447
   534   1332    750    418
   535   1313    816    371
   536   1285    813    402
   537   1320    791    389
   538   1270    809    421
   539   1279    799    422
   540   1315    782    403
   541   1364    761    375
   542   1306    790    404
   543   1299    805    396
   544   1239    851    410
   545   1264    852    384
   546   1246    811    443
   547   1314    754    432
   548   1257    814    429
   549   1337    766    397
   550   1281    828    391
   551   1212    856    432
   552   1222    872    406
   553   1201    868    431
   554   1151    889    460
   555   1201    851    448
   556   1237    819    444
   557   1260    780    460
   558   1280    788    432
   559   1274    797    429
   560   1237    856    407
   561   1272    808    420
   562   1273    809    418
   563   1285    799    416
   564   1269    791    440
   565   1229    846    425
   566   1244    834    422
   567   1258    822    420
   568   1236    869    395
   569   1177    890    433
   570   1163    919    418
   571   1179    905    416
   572   1215    837    448
   573   1226    829    445
   574   1238    810    452
   575   1279    809    412
   576   1305    809    386
   577   1315    792    393
   578   1236    875    389
   579   1262    844    394
   580   1262    823    415
   581   1199    859    442
   582   1236    822    442
   583   1256    820    424
   584   1288    828    384
   585   1289    838    373
   586   1260    835    405
   587   1230    864    406
   588   1248    830    422
   589   1242    853    405
   590   1264    822    414
   591   1265    817    418
   592   1259    818    423
   593   1265    808    427
   594   1240    870    390
   595   1230    862    408
   596   1226    828    446
   597   1203    830    467
   598   1242    819    439
   599   1238    857    405
   600   1259    843    398
   601   1237    847    416
   602   1255    822    423
   603   1209    859    432
   604   1271    812    417
   605   1306    808    386
   606   1327    754    419
   607   1292    796    412
   608   1247    830    423
   609   1202    841    457
   610   1290    773    437
   611   1324    773    403
   612   1292    820    388
   613   1293    821    386
   614   1284    824    392
   615   1305    792    403
   616   1302    816    382
   617   1291    808    401
   618   1243    861    396
   619   1232    820    448
   620   1283    788    429
   621   1335    747    418
   622   1282    797    421
   623   1259    801    440
   624   1288    794    418
   625   1239    821    440
   626   1239    825    436
   627   1246    830    424
   628   1310    796    394
   629   1236    845    419
   630   1307    805    388
   631   1289    816    395
   632   1222    854    424
   633   1258    827    415
   634   1218    878    404
   635   1245    863    392
   636   1246    844    410
   637   1269    810    421
   638   1248    827    425
   639   1170    891    439
   640   1200    874    426
   641   1222    867    411
   642   1225    838    437
   643   1286    779    435
   644   1281    812    407
   645   1290    791    419
   646   1232    846    422
   647   1300    783    417
   648   1264    813    423
   649   1279    824    397
   650   1248    855    397
   651   1272    810    418
   652   1287    808    405
   653   1261    830    409
   654   1279    842    379
   655   1278    803    419
   656   1241    831    428
   657   1280    784    436
   658   1294    775    431
   659   1318    761    421
   660   1304    776    420
   661   1290    809    401
   662   1298    818    384
   663   1277    849    374
   664   1231    817    452
   665   1270    810    420
   666   1275    814    411
   667   1268    807    425
   668   1303    781    416
   669   1211    853    436
   670   1192    895    413
   671   1240    865    395
   672   1306    779    415
   673   1280    813    407
   674   1249    804    447
   675   1262    794    444
   676   1338    764    398
   677   1298    800    402
   678   1292    800    408
   679   1300    780    420
   680   1310    769    421
   681   1316    788    396
   682   1315    778    407
   683   1291    804    405
   684   1293    807    400
   685   1330    774    396
   686   1354    755    391
   687   1330    761    409
   688   1330    812    358
   689   1275    837    388
   690   1212    835    453
   691   1187    887    426
   692   1210    868    422
   693   1260    825    415
   694   1250    873    377
   695   1223    880    397
   696   1252    851    397
   697   1210    920    370
   698   1196    887    417
   699   1191    877    432
   700   1190    886    424
   701   1221    819    460
   702   1286    792    422
   703   1286    806    408
   704   1275    806    419
   705   1205    859    436
   706   1267    789    444
   707   1285    799    416
   708   1283    796    421
   709   1272    812    416
   710   1248    862    390
   711   1228    855    417
   712   1218    871    411
   713   1243    849    408
   714   1250    833    417
   715   1223    839    438
   716   1265    811    424
   717   1279    808    413
   718   1276    829    395
   719   1269    834    397
   720   1246    872    382
   721   1243    871    386
   722   1259    837    404
   723   1295    788    417
   724   1269    792    439
   725   1225    845    430
   726   1216    855    429
   727   1242    838    420
   728   1263    830    407
   729   1229    833    438
   730   1245    844    411
   731   1244    822    434
   732   1261    839    400
   733   1277    817    406
   734   1252    851    397
   735   1295    786    419
   736   1220    870    410
   737   1230    853    417
   738   1226    866    408
   739   1227    831    442
   740   1278    795    427
   741   1261    808    431
   742   1287    799    414
   743   1259    840    401
   744   1248    842    410
   745   1224    813    463
   746   1258    800    442
   747   1256    819    425
   748   1217    830    453
   749   1269    786    445
   750   1239    840    421
   751   1259    829    412
   752   1243    808    449
   753   1305    770    425
   754   1320    795    385
   755   1310    817    373
   756   1290    806    404
   757   1289    795    416
   758   1257    831    412
   759   1287    795    418
   760   1278    837    385
   761   1288    802    410
   762   1245    836    419
   763   1296    811    393
   764   1256    863    381
   765   1218    877    405
   766   1230    838    432
   767   1274    819    407
   768   1262    820    418
   769   1279    837    384
   770   1274    816    410
   771   1213    873    414
   772   1294    794    412
   773   1303    801    396
   774   1251    819    430
   775   1253    850    397
   776   1287    804    409
   777   1214    897    389
   778   1236    847    417
   779   1279    812    409
   780   1246    838    416
   781   1254    802    444
   782   1239    836    425
   783   1238    830    432
   784   1228    832    440
   785   1311    757    432
   786   1314    785    401
   787   1277    860    363
   788   1238    858    404
   789   1233    857    410
   790   1216    871    413
   791   1229    832    439
   792   1284    779    437
   793   1307    781    412
   794   1326    757    417
   795   1278    800    422
   796   1317    774    409
   797   1308    780    412
   798   1346    761    393
   799   1329    798    373
   800   1267    823    410
   801   1234    858    408
   802   1281    794    425
   803   1268    825    407
   804   1220    872    408
   805   1172    895    433
   806   1214    855    431
   807   1265    822    413
   808   1263    850    387
   809   1319    782    399
   810   1281    819    400
   811   1288    796    416
   812   1295    782    423
   813   1272    817    411
   814   1255    848    397
   815   1222    854    424
   816   1285    811    404
   817   1261    809    430
   818   1278    829    393
   819   1316    786    398
   820   1333    767    400
   821   1315    783    402
   822   1237    836    427
   823   1302    791    407
   824   1287    815    398
   825   1200    846    454
   826   1292    761    447
   827   1258    811    431
   828   1286    781    433
   829   1260    789    451
   830   1280    817    403
   831   1252    818    430
   832   1241    853    406
   833   1209    868    423
   834   1225    858    417
   835   1203    875    422
   836   1208    897    395
   837   1255    819    426
   838   1272    806    422
   839   1319    782    399
   840   1305    818    377
   841   1247    822    431
   842   1274    792    434
   843   1232    830    438
   844   1233    835    432
   845   1253    815    432
   846   1227    828    445
   847   1298    795    407
   848   1272    789    439
   849   1258    836    406
   850   1268    805    427
   851   1276    816    408
   852   1275    814    411
   853   1299    818    383
   854   1222    880    398
   855   1165    903    432
   856   1203    864    433
   857   1213    867    420
   858   1212    849    439
   859   1207    853    440
   860   1224    877    399
   861   1304    800    396
   862   1276    798    426
   863   1277    798    425
   864   1228    863    409
   865   1215    886    399
   866   1215    856    429
   867   1182    877    441
   868   1246    818    436
   869   1297    802    401
   870   1273    825    402
   871   1236    828    436
   872   1240    857    403
   873   1225    868    407
   874   1217    825    458
   875   1236    850    414
   876   1251    848    401
   877   1236    825    439
   878   1280    810    410
   879   1259    828    413
   880   1267    822    411
   881   1251    858    391
   882   1270    808    422
   883   1247    875    378
   884   1245    853    402
   885   1202    867    431
   886   1183    864    453
   887   1229    848    423
   888   1259    842    399
   889   1315    780    405
   890   1284    800    416
   891   1313    797    390
   892   1261    797    442
   893   1314    753    433
   894   1267    798    435
   895   1240    829    431
   896   1261    804    435
   897   1219    876    405
   898   1235    854    411
   899   1215    839    446
   900   1280    809    411
   901   1222    851    427
   902   1236    845    419
   903   1257    823    420
   904   1291    834    375
   905   1248    835    417
   906   1226    842    432
   907   1247    829    424
   908   1287    800    413
   909   1314    773    413
   910   1341    749    410
   911   1343    760    397
   912   1339    768    393
   913   1314    787    399
   914   1283    812    405
   915   1297    806    397
   916   1320    763    417
   917   1353    738    409
   918   1392    725    383
   919   1356    766    378
   920   1308    793    399
   921   1270    834    396
   922   1234    847    419
   923   1215    875    410
   924   1232    854    414
   925   1209    869    422
   926   1210    850    440
   927   1207    866    427
   928   1229    843    428
   929   1217    848    435
   930   1234    851    415
   931   1193    902    405
   932   1243    835    422
   933   1244    828    428
   934   1297    804    399
   935   1212    861    427
   936   1198    861    441
   937   1258    822    420
   938   1274    825    401
   939   1260    827    413
   940   1297    783    420
   941   1256    791    453
   942   1301    788    411
   943   1273    841    386
   944   1258    823    419
   945   1319    765    416
   946   1256    815    429
   947   1258    822    420
   948   1205    867    428
   949   1265    815    420
   950   1243    845    412
   951   1249    812    439
   952   1256    808    436
   953   1215    860    425
   954   1299    789    412
   955   1250    840    410
   956   1292    815    393
   957   1291    828    381
   958   1276    848    376
   959   1267    818    415
   960   1274    811    415
   961   1225    831    444
   962   1251    856    393
   963   1227    852    421
   964   1271    815    414
   965   1278    801    421
   966   1279    800    421
   967   1325    772    403
   968   1262    833    405
   969   1287    822    391
   970   1267    849    384
   971   1211    884    405
   972   1211    893    396
   973   1230    832    438
   974   1225    836    439
   975   1271    848    381
   976   1196    862    442
   977   1213    896    391
   978   1232    874    394
   979   1245    816    439
   980   1298    793    409
   981   1287    818    395
   982   1294    830    376
   983   1216    886    398
   984   1191    884    425
   985   1202    855    443
   986   1259    825    416
   987   1290    788    422
   988   1325    759    416
   989   1343    759    398
   990   1259    832    409
   991   1246    822    432
   992   1280    802    418
   993   1273    826    401
   994   1263    843    394
   995   1265    837    398
   996   1266    819    415
   997   1312    774    414
   998   1320    792    388
   999   1248    835    417
  1000   1233    855    412
